,end_coord,start_coord,length
0,14409,13639,770
1,70008,70008,0
2,140566,139792,774
3,325896,325605,291
4,326938,325605,1333
5,328439,328213,226
6,328581,325605,2976
7,368597,368597,0
8,622034,622034,0
9,665731,665108,623
10,670994,665108,5886
11,762902,762571,331
12,871276,871275,1
13,879533,879533,0
14,879533,879533,0
15,879533,879532,1
16,879533,879533,0
17,879961,879533,428
18,879961,879533,428
19,879961,879533,428
20,879961,879533,428
21,879961,879706,255
22,879961,879533,428
23,879961,879533,428
24,879961,879533,428
25,879961,879533,428
26,879961,879533,428
27,879961,879533,428
28,879961,879533,428
29,879961,879533,428
30,879961,879533,428
31,879961,879533,428
32,879961,879533,428
33,879961,879706,255
34,879961,879706,255
35,879961,879533,428
36,879961,879533,428
37,879961,879533,428
38,882440,881970,470
39,893918,889551,4367
40,894679,894620,59
41,894679,894620,59
42,894679,894620,59
43,897858,897652,206
44,897858,897652,206
45,899229,898692,537
46,901099,900571,528
47,910484,909955,529
48,910484,909955,529
49,910484,909955,529
50,917473,916546,927
51,935552,935353,199
52,935552,935353,199
53,949919,949858,61
54,991499,990361,1138
55,1007946,1007946,0
56,1009687,1007946,1741
57,1027554,1026923,631
58,1051736,1026923,24813
59,1051736,1026923,24813
60,1079434,1078536,898
61,1114935,1114838,97
62,1121243,1120522,721
63,1133313,1133227,86
64,1133313,1133227,86
65,1141060,1140843,217
66,1142089,1141951,138
67,1142089,1141951,138
68,1142089,1141951,138
69,1149548,1149507,41
70,1149548,1148753,795
71,1159348,1159308,40
72,1167447,1164173,3274
73,1167447,1164173,3274
74,1170420,1168648,1772
75,1182102,1182070,32
76,1203372,1198741,4631
77,1209234,1203372,5862
78,1209234,1203372,5862
79,1209234,1198741,10493
80,1209234,1198741,10493
81,1227409,1226990,419
82,1227409,1226990,419
83,1227409,1226990,419
84,1227409,1226990,419
85,1227409,1226990,419
86,1234335,1233999,336
87,1241309,1238640,2669
88,1243269,1243195,74
89,1244989,1238640,6349
90,1247057,1246759,298
91,1247057,1246759,298
92,1247057,1247040,17
93,1260067,1257333,2734
94,1260067,1256414,3653
95,1260067,1259988,79
96,1260067,1259988,79
97,1260067,1259988,79
98,1260067,1259988,79
99,1260067,1254732,5335
100,1260067,1249294,10773
101,1260067,1254858,5209
102,1260067,1259988,79
103,1264276,1263143,1133
104,1269844,1269844,0
105,1275557,1275477,80
106,1275557,1275064,493
107,1284492,1284445,47
108,1293915,1293884,31
109,1293915,1293884,31
110,1293915,1293884,31
111,1293915,1293884,31
112,1297157,1296643,514
113,1310246,1310136,110
114,1310562,1310136,426
115,1310580,1310136,444
116,1310818,1310136,682
117,1328183,1326238,1945
118,1333722,1326238,7484
119,1334718,1334686,32
120,1334718,1326238,8480
121,1334718,1334686,32
122,1337426,1336114,1312
123,1337426,1335670,1756
124,1342693,1342597,96
125,1342693,1342597,96
126,1356824,1356385,439
127,1356824,1356385,439
128,1356824,1356385,439
129,1363167,1363167,0
130,1378262,1375167,3095
131,1378262,1372823,5439
132,1405538,1403910,1628
133,1418847,1418099,748
134,1431582,1431197,385
135,1431582,1431197,385
136,1444689,1444689,0
137,1470067,1469452,615
138,1470067,1469452,615
139,1470067,1469452,615
140,1475740,1475726,14
141,1510262,1509937,325
142,1510262,1509937,325
143,1510262,1509937,325
144,1535476,1535395,81
145,1554590,1551998,2592
146,1564946,1564945,1
147,1565990,1565910,80
148,1565990,1565910,80
149,1565990,1565910,80
150,1565990,1565910,80
151,1565990,1565910,80
152,1565990,1565681,309
153,1565990,1565910,80
154,1565990,1565910,80
155,1565990,1565910,80
156,1565990,1565910,80
157,1570030,1570001,29
158,1570030,1569922,108
159,1570030,1570001,29
160,1570030,1569922,108
161,1576737,1576454,283
162,1601578,1601283,295
163,1608285,1608138,147
164,1624243,1608138,16105
165,1624243,1608138,16105
166,1624243,1608138,16105
167,1624243,1608138,16105
168,1633247,1633221,26
169,1633247,1633142,105
170,1639684,1636073,3611
171,1640391,1639654,737
172,1647917,1647813,104
173,1647917,1577849,70068
174,1655471,1654257,1214
175,1655471,1654257,1214
176,1655543,1654257,1286
177,1655543,1654257,1286
178,1655775,1654035,1740
179,1655775,1654035,1740
180,1655775,1654257,1518
181,1655775,1654257,1518
182,1655775,1654257,1518
183,1655775,1577348,78427
184,1655791,1654257,1534
185,1655791,1654257,1534
186,1655791,1654257,1534
187,1655791,1654257,1534
188,1655791,1654257,1534
189,1655791,1654257,1534
190,1655791,1654257,1534
191,1663343,1662051,1292
192,1677438,1608138,69300
193,1677438,1670996,6442
194,1677438,1670996,6442
195,1690081,1689970,111
196,1696885,1688074,8811
197,1709909,1696845,13064
198,1710297,1696845,13452
199,1711508,1696845,14663
200,1822526,1756892,65634
201,1822526,1735987,86539
202,1848733,1848632,101
203,1850236,1849995,241
204,1850740,1850704,36
205,1858842,1857323,1519
206,1859368,1857323,2045
207,1922414,1922395,19
208,1935276,1922395,12881
209,1935276,1922395,12881
210,1962192,1961721,471
211,2088167,2087535,632
212,2116834,2116448,386
213,2116834,2116448,386
214,2116834,2116448,386
215,2116834,2116448,386
216,2116834,2116448,386
217,2126214,2126188,26
218,2126214,2126188,26
219,2126214,2126188,26
220,2126214,2126188,26
221,2139172,2132537,6635
222,2241652,2238204,3448
223,2322993,2322972,21
224,2322993,2322972,21
225,2322993,2322972,21
226,2322993,2319752,3241
227,2336885,2334563,2322
228,2336885,2333734,3151
229,2344010,2343941,69
230,2344010,2343941,69
231,2436892,2435424,1468
232,2436964,2436652,312
233,2436964,2436652,312
234,2436964,2436652,312
235,2436965,2435066,1899
236,2436969,2434525,2444
237,2458035,2458026,9
238,2458035,2458026,9
239,2461684,2461603,81
240,2488450,2488061,389
241,2490438,2490438,0
242,2492974,2492157,817
243,2495188,2493060,2128
244,2495267,2494712,555
245,2522908,2520918,1990
246,2522908,2520853,2055
247,2522908,2520866,2042
248,2522908,2520866,2042
249,2522908,2520866,2042
250,2522908,2520866,2042
251,2522908,2520866,2042
252,2522908,2520918,1990
253,2564481,2560923,3558
254,2706230,2706156,74
255,2939467,2939384,83
256,2984289,2984165,124
257,3355185,3350375,4810
258,3355185,3350375,4810
259,3355185,3350375,4810
260,3355185,3350375,4810
261,3391021,3390212,809
262,3397677,3397151,526
263,3397677,3397151,526
264,3397677,3397151,526
265,3397677,3397151,526
266,3448012,3447809,203
267,3528059,3527832,227
268,3546694,3545167,1527
269,3546694,3545167,1527
270,3546694,3545167,1527
271,3566671,3566563,108
272,3566671,3566563,108
273,3566671,3566563,108
274,3625098,3624376,722
275,3646315,3646016,299
276,3652765,3649643,3122
277,3652765,3648119,4646
278,3652765,3649326,3439
279,3652765,3649643,3122
280,3652765,3649643,3122
281,3652765,3649326,3439
282,3652765,3649326,3439
283,3652765,3649643,3122
284,3652765,3649643,3122
285,3652765,3649326,3439
286,3652765,3649643,3122
287,3652765,3648119,4646
288,3652765,3649643,3122
289,3652765,3649643,3122
290,3688209,3688087,122
291,3692546,3692485,61
292,3692546,3692485,61
293,3713068,3713040,28
294,3753716,3751587,2129
295,3773797,3768971,4826
296,3773797,3768971,4826
297,3782564,3782376,188
298,3782962,3782867,95
299,3783050,3782867,183
300,3801993,3800305,1688
301,3801993,3800305,1688
302,3801993,3800305,1688
303,3801993,3800305,1688
304,3816857,3816750,107
305,3816857,3816750,107
306,4837854,4834559,3295
307,4843851,4834559,9292
308,4852183,4847994,4189
309,5928435,5928097,338
310,6052533,6046349,6184
311,6052533,5987783,64750
312,6158621,6157591,1030
313,6161253,6158634,2619
314,6161253,6158634,2619
315,6161253,6158634,2619
316,6161253,6158634,2619
317,6161253,6158634,2619
318,6161253,6158634,2619
319,6191808,6189087,2721
320,6240194,6240083,111
321,6259679,6259633,46
322,6259679,6259633,46
323,6268366,6267982,384
324,6270960,6270479,481
325,6281359,6279467,1892
326,6296044,6295971,73
327,6296044,6293699,2345
328,6305638,6305567,71
329,6321035,6314965,6070
330,6419004,6418905,99
331,6420764,6420712,52
332,6445883,6445726,157
333,6453826,6453459,367
334,6479979,6479880,99
335,6484730,6479880,4850
336,6521004,6520206,798
337,6521004,6520206,798
338,6523682,6522712,970
339,6526255,6526167,88
340,6526255,6526167,88
341,6526255,6526167,88
342,6526255,6526167,88
343,6526255,6524462,1793
344,6526255,6526167,88
345,6526255,6526167,88
346,6531643,6531124,519
347,6537718,6534183,3535
348,6545529,6545503,26
349,6546014,6537631,8383
350,6550654,6537631,13023
351,6550654,6537631,13023
352,6551761,6537631,14130
353,6556756,6556576,180
354,6557156,6557091,65
355,6557484,6557383,101
356,6580121,6579571,550
357,6580121,6579571,550
358,6614658,6614562,96
359,6639817,6639644,173
360,6639817,6639644,173
361,6639817,6638895,922
362,6649340,6649272,68
363,6649340,6649272,68
364,6649340,6649272,68
365,6649340,6649272,68
366,6659871,6659432,439
367,6662929,6662877,52
368,6662929,6662877,52
369,6684093,6681697,2396
370,6693642,6693137,505
371,6693642,6693137,505
372,6695646,6694148,1498
373,6761966,6761860,106
374,6761966,6761860,106
375,6761966,6740973,20993
376,6932107,6931825,282
377,6948261,6947785,476
378,7805082,7805080,2
379,7829766,7826551,3215
380,7829766,7826582,3184
381,7829766,7826582,3184
382,7829766,7826582,3184
383,7841492,7839705,1787
384,7864018,7863912,106
385,7890221,7890220,1
386,7890221,7890220,1
387,7905237,7902815,2422
388,7905237,7902815,2422
389,7905237,7902815,2422
390,7913178,7913063,115
391,7913565,7913491,74
392,7973294,7913063,60231
393,8003225,8000054,3171
394,8045342,8045114,228
395,8045342,8045114,228
396,8045342,8045114,228
397,8075752,8074433,1319
398,8086393,8075679,10714
399,8404227,8404073,154
400,8404227,8404073,154
401,8441235,8441145,90
402,8483747,8424193,59554
403,8585844,8585843,1
404,8813897,8716356,97541
405,8877699,8716356,161343
406,8877699,8716356,161343
407,8931635,8928077,3558
408,8939151,8934967,4184
409,8939151,8934967,4184
410,9034503,9034503,0
411,9035148,9034763,385
412,9035148,9034763,385
413,9035148,9034763,385
414,9086404,9086404,0
415,9109319,9109274,45
416,9129653,9107741,21912
417,9129653,9129595,58
418,9129887,9129595,292
419,9129887,9118248,11639
420,9129887,9129595,292
421,9189229,9189086,143
422,9189229,9189086,143
423,9189229,9189086,143
424,9189250,9189231,19
425,9242451,9242345,106
426,9331394,9324928,6466
427,9429590,9427634,1956
428,9429590,9427634,1956
429,9642831,9642559,272
430,9665020,9662349,2671
431,9674935,9673141,1794
432,9674935,9673141,1794
433,9714644,9714494,150
434,9775827,9775826,1
435,9789172,9787104,2068
436,9789172,9787104,2068
437,9789172,9787104,2068
438,9789172,9787104,2068
439,9793604,9793593,11
440,9884550,9883791,759
441,9884550,9883791,759
442,9884550,9883791,759
443,9970316,9932122,38194
444,9970316,9932122,38194
445,10002840,9996677,6163
446,10003387,9996677,6710
447,10003427,10002793,634
448,10003427,9996677,6750
449,10045556,10042759,2797
450,10076078,10075890,188
451,10241296,10240014,1282
452,10241296,10240014,1282
453,10241296,10240014,1282
454,10241296,10240014,1282
455,10241296,10240014,1282
456,10368655,10364705,3950
457,10441655,10438460,3195
458,10441655,10438460,3195
459,10441655,10438460,3195
460,10441655,10438460,3195
461,10441661,10436645,5016
462,10441661,10436645,5016
463,10480201,10479806,395
464,10480201,10479806,395
465,10502872,10502462,410
466,10512060,10502462,9598
467,10512060,10511652,408
468,10512060,10511458,602
469,10512060,10511652,408
470,10512060,10511652,408
471,10532613,10532515,98
472,10532613,10532515,98
473,10683924,10683189,735
474,10690815,10690044,771
475,10690815,10690044,771
476,10690815,10690044,771
477,10690815,10690044,771
478,10690815,10690044,771
479,10721455,10720675,780
480,10754507,10754402,105
481,10856733,10753946,102787
482,10856733,10753946,102787
483,11024328,11024283,45
484,11024328,11024283,45
485,11042094,11042094,0
486,11085549,11082711,2838
487,11085549,11082711,2838
488,11107296,11107264,32
489,11107296,11107264,32
490,11107296,11107264,32
491,11107296,11107264,32
492,11120091,11120000,91
493,11159938,11159888,50
494,11159938,11159888,50
495,11159938,11159888,50
496,11191615,11190813,802
497,11256038,11255080,958
498,11322608,11319466,3142
499,11348491,11346188,2303
500,11586928,11586896,32
501,11597640,11596743,897
502,11714888,11714397,491
503,11714888,11714397,491
504,11718713,11718451,262
505,11723384,11721362,2022
506,11723384,11721330,2054
507,11723384,11721330,2054
508,11723384,11721362,2022
509,11723384,11721362,2022
510,11723384,11721330,2054
511,11734409,11733908,501
512,11741495,11740658,837
513,11751678,11740658,11020
514,11751678,11740658,11020
515,11780336,11779753,583
516,11785914,11782589,3325
517,11810828,11810161,667
518,11810828,11808650,2178
519,11810828,11810249,579
520,11810828,11810249,579
521,11810828,11810161,667
522,11849642,11849503,139
523,11849642,11849516,126
524,11856547,11856307,240
525,11863440,11863242,198
526,11866160,11863173,2987
527,11876844,11876013,831
528,11888276,11888275,1
529,11888276,11888275,1
530,11889379,11889360,19
531,11903201,11900280,2921
532,11903201,11900280,2921
533,11903201,11900280,2921
534,11907840,11907741,99
535,11918992,11918890,102
536,11986485,11986294,191
537,11986485,11986294,191
538,12035599,12034865,734
539,12035599,12034865,734
540,12073572,12071622,1950
541,12073572,12071622,1950
542,12092106,12091865,241
543,12204264,12202588,1676
544,12204264,12202588,1676
545,12204264,12202588,1676
546,12204264,12202588,1676
547,12269277,12267077,2200
548,12269277,12267077,2200
549,12398045,12395949,2096
550,12572098,12569078,3020
551,12572098,12569078,3020
552,12572098,12569078,3020
553,12572098,12569078,3020
554,12676788,12640634,36154
555,12677820,12677353,467
556,12677820,12677353,467
557,12677820,12677353,467
558,12727097,12726746,351
559,12788726,12785963,2763
560,12788726,12785963,2763
561,12819698,12819551,147
562,12821102,12820884,218
563,12838048,12837742,306
564,12856777,12856145,632
565,12891264,12888523,2741
566,12908237,12908142,95
567,12908578,12908142,436
568,12921764,12921634,130
569,12946025,12943215,2810
570,12958094,12955678,2416
571,12980568,12980233,335
572,13007406,13002348,5058
573,13038381,13038381,0
574,13117751,13112680,5071
575,13117751,13112680,5071
576,13184326,13183872,454
577,13331692,13331671,21
578,13369057,13368733,324
579,13389770,13389702,68
580,13390765,13389702,1063
581,13428191,13427859,332
582,13452656,13450836,1820
583,13477569,13477522,47
584,13498259,13498128,131
585,13526943,13526873,70
586,13611550,13610487,1063
587,13648988,13648656,332
588,13698405,13698358,47
589,13719064,13718962,102
590,13747803,13747733,70
591,13840242,13840088,154
592,13944452,13942406,2046
593,13944452,13942406,2046
594,13944452,13942406,2046
595,13944452,13942406,2046
596,13944452,13942406,2046
597,13944452,13942406,2046
598,14107358,14107356,2
599,14114574,14113022,1552
600,14114574,14113022,1552
601,14151574,14149679,1895
602,14151574,14143042,8532
603,15394651,15392293,2358
604,15394651,15392293,2358
605,15394651,15392293,2358
606,15394651,15392293,2358
607,15394651,15392142,2509
608,15444544,15441131,3413
609,15444544,15441131,3413
610,15546874,15545889,985
611,15546974,15546239,735
612,15546974,15546239,735
613,15546974,15546239,735
614,15546974,15546239,735
615,15672019,15672019,0
616,15690812,15690297,515
617,15711054,15709654,1400
618,15724622,15723909,713
619,15724622,15723909,713
620,15724622,15723909,713
621,15756839,15755220,1619
622,15773153,15773084,69
623,15773153,15773152,1
624,15798586,15798502,84
625,15817895,15817807,88
626,15850940,15850695,245
627,15850940,15833555,17385
628,15850940,15850695,245
629,15850940,15833555,17385
630,15850940,15850695,245
631,15851285,15844773,6512
632,15893091,15892685,406
633,15898228,15894672,3556
634,15898228,15894672,3556
635,15911605,15911462,143
636,15960796,15960064,732
637,15987552,15983128,4424
638,15987552,15987551,1
639,15988217,15988217,0
640,16061264,16060429,835
641,16067884,16065901,1983
642,16074292,16074127,165
643,16101715,16101526,189
644,16113084,16111156,1928
645,16113084,16111156,1928
646,16113084,16111156,1928
647,16113084,16111156,1928
648,16134194,16134144,50
649,16266950,16265922,1028
650,16266950,16265922,1028
651,16302627,16274990,27637
652,16302627,16273555,29072
653,16302627,16274990,27637
654,16302627,16273595,29032
655,16302627,16274990,27637
656,16302627,16273595,29032
657,16302627,16274990,27637
658,16302627,16274990,27637
659,16302627,16302484,143
660,16333184,16332841,343
661,16345285,16344458,827
662,16345285,16344722,563
663,16345285,16344722,563
664,16345285,16344722,563
665,16346089,16345964,125
666,16357169,16357167,2
667,16358786,16358715,71
668,16360545,16360153,392
669,16360545,16360153,392
670,16360545,16360153,392
671,16380267,16380266,1
672,16383821,16383411,410
673,16383821,16383411,410
674,16400127,16399937,190
675,16482582,16482427,155
676,16482582,16482427,155
677,16539104,16535549,3555
678,16563659,16563237,422
679,16641930,16641913,17
680,16643088,16632385,10703
681,16678948,16641913,37035
682,16722607,16721763,844
683,16724643,16721635,3008
684,16724643,16721635,3008
685,16724643,16721635,3008
686,16724643,16721635,3008
687,16763919,16757866,6053
688,16763919,16737347,26572
689,16786584,16785385,1199
690,16786584,16785385,1199
691,16786584,16785491,1093
692,16864669,16862642,2027
693,16913756,16912158,1598
694,16913756,16912158,1598
695,16918808,16912158,6650
696,16940100,16918516,21584
697,17046652,17046538,114
698,17086552,17085375,1177
699,17090975,17090975,0
700,17267729,17267486,243
701,17280852,17280852,0
702,17299474,17298941,533
703,17299474,17298941,533
704,17299474,17298941,533
705,17307173,17304768,2405
706,17307173,17304768,2405
707,17308081,17304768,3313
708,17308081,17304768,3313
709,17326807,17326786,21
710,17327342,17326786,556
711,17338423,17338233,190
712,17338423,17338233,190
713,17338423,17338233,190
714,17380665,17380514,151
715,17445948,17445866,82
716,17445948,17445866,82
717,17445948,17445866,82
718,17572501,17570738,1763
719,17572501,17570738,1763
720,17572501,17570738,1763
721,17572501,17570738,1763
722,17572501,17571006,1495
723,17610727,17609574,1153
724,17674911,17674612,299
725,17690495,17690250,245
726,17728195,17727934,261
727,17765059,17765010,49
728,17766250,17765010,1240
729,17909697,17907333,2364
730,17966476,17966348,128
731,18016673,18016390,283
732,18024370,18023875,495
733,18024370,18023875,495
734,18024370,18023875,495
735,18024370,18023875,495
736,18024370,18023875,495
737,18024370,18023875,495
738,18024370,18023875,495
739,18153558,18153014,544
740,18704977,18704820,157
741,18704977,18704820,157
742,18812480,18809809,2671
743,18812540,18810534,2006
744,19062632,19062533,99
745,19062632,19062533,99
746,19075360,19071423,3937
747,19186155,19186154,1
748,19217385,19215924,1461
749,19229293,19229017,276
750,19229293,19229017,276
751,19229293,19229017,276
752,19282826,19282826,0
753,19408140,19404478,3662
754,19426171,19423765,2406
755,19427067,19426992,75
756,19428129,19428109,20
757,19431410,19430611,799
758,19432336,19430611,1725
759,19444474,19443782,692
760,19478353,19478311,42
761,19483419,19482045,1374
762,19505714,19504224,1490
763,19536746,19536742,4
764,19578053,19578003,50
765,19578053,19578003,50
766,19578053,19578003,50
767,19578053,19578003,50
768,19586622,19585324,1298
769,19600568,19596170,4398
770,19600568,19597306,3262
771,19615280,19615203,77
772,19638640,19638618,22
773,19638640,19638618,22
774,19655794,19655137,657
775,19655794,19655137,657
776,19655794,19655137,657
777,19655794,19655137,657
778,19675427,19675311,116
779,19811201,19810773,428
780,19812066,19811932,134
781,19812066,19811932,134
782,19812066,19775408,36658
783,19935138,19935120,18
784,19956315,19952086,4229
785,19956315,19952895,3420
786,19956315,19952895,3420
787,19984949,19983622,1327
788,19984949,19983622,1327
789,19984949,19983622,1327
790,19984949,19983622,1327
791,19984949,19983622,1327
792,19984949,19983622,1327
793,19984949,19983622,1327
794,19984949,19983622,1327
795,19984949,19983622,1327
796,19984949,19983622,1327
797,20006055,20005861,194
798,20125837,20107251,18586
799,20125837,20107251,18586
800,20125837,20107251,18586
801,20126410,20107251,19159
802,20126758,20107251,19507
803,20141771,20141594,177
804,20239437,20234239,5198
805,20250110,20250052,58
806,20306152,20305266,886
807,20306932,20305266,1666
808,20306932,20305266,1666
809,20306932,20305266,1666
810,20418394,20417185,1209
811,20418394,20417185,1209
812,20446059,20445991,68
813,20446059,20445991,68
814,20476879,20474894,1985
815,20501687,20501687,0
816,20517897,20517897,0
817,20519942,20517897,2045
818,20665715,20664527,1188
819,20681387,20680756,631
820,20681387,20680756,631
821,20681387,20680756,631
822,20812728,20811872,856
823,20834674,20834517,157
824,20881513,20880456,1057
825,20945400,20945061,339
826,20978004,20977184,820
827,20978004,20977184,820
828,20988037,20987894,143
829,20988037,20981199,6838
830,20988037,20987894,143
831,21011681,21011366,315
832,21024981,21016728,8253
833,21044317,21044199,118
834,21044317,21044199,118
835,21059133,21054537,4596
836,21059133,21052550,6583
837,21092024,21076333,15691
838,21101447,21099997,1450
839,21107033,21106933,100
840,21113124,21106386,6738
841,21113133,21106933,6200
842,21113181,21106933,6248
843,21113799,21106386,7413
844,21113799,21106933,6866
845,21299592,21268290,31302
846,21377487,21329235,48252
847,21377487,21329235,48252
848,21377487,21329235,48252
849,21415706,21329235,86471
850,21437876,21329235,108641
851,21501251,21329235,172016
852,21503381,21329235,174146
853,21503381,21329235,174146
854,21606183,21605927,256
855,21616766,21616691,75
856,21616982,21616907,75
857,21616982,21616907,75
858,21616982,21616907,75
859,21672034,21671871,163
860,21811393,21809879,1514
861,21811393,21809879,1514
862,21811393,21809879,1514
863,21811393,21809879,1514
864,21904905,21904141,764
865,21904905,21904141,764
866,21904905,21904141,764
867,21904905,21904141,764
868,21904905,21904141,764
869,21946543,21946525,18
870,21949011,21948906,105
871,21978348,21978315,33
872,21995856,21946525,49331
873,21995856,21946525,49331
874,22031108,22028092,3016
875,22051612,22050655,957
876,22109688,22109450,238
877,22109688,22109450,238
878,22109688,22109450,238
879,22109688,22109450,238
880,22109688,22109450,238
881,22109688,22109450,238
882,22151714,22148708,3006
883,22157206,22155918,1288
884,22222803,22222731,72
885,22263750,22263710,40
886,22263750,22263710,40
887,22315847,22315772,75
888,22333141,22332293,848
889,22339035,22338960,75
890,22413359,22413359,0
891,22417296,22416525,771
892,22419436,22418010,1426
893,22419436,22418010,1426
894,22419436,22418010,1426
895,22419436,22418010,1426
896,22419436,22418010,1426
897,22469519,22469415,104
898,22470385,22456232,14153
899,22838627,22838626,1
900,22857650,22852889,4761
901,22857650,22852889,4761
902,22857650,22852889,4761
903,22916112,22915872,240
904,22930087,22928234,1853
905,22966175,22965900,275
906,22974603,22974276,327
907,22974603,22974276,327
908,22988029,22987879,150
909,23241082,23240363,719
910,23241823,23240063,1760
911,23241823,23240063,1760
912,23241823,23240063,1760
913,23342343,23342266,77
914,23410184,23409857,327
915,23410184,23409857,327
916,23495517,23420754,74763
917,23495517,23420754,74763
918,23495517,23420754,74763
919,23504301,23420754,83547
920,23521222,23520712,510
921,23638386,23637812,574
922,23670853,23667501,3352
923,23670853,23667501,3352
924,23670853,23664327,6526
925,23670853,23664327,6526
926,23670853,23664327,6526
927,23670853,23667501,3352
928,23670853,23664327,6526
929,23694879,23694498,381
930,23696357,23694498,1859
931,23698330,23696171,2159
932,23698330,23698015,315
933,23720526,23720497,29
934,23751261,23751126,135
935,23751261,23751126,135
936,23751261,23745590,5671
937,23763170,23763135,35
938,23803135,23803001,134
939,23810677,23779219,31458
940,23810750,23810626,124
941,23810750,23810626,124
942,23811057,23810626,431
943,23857712,23857285,427
944,23886285,23885917,368
945,24022915,24022863,52
946,24022915,24022863,52
947,24088549,24086063,2486
948,24114722,24113866,856
949,24114722,24113866,856
950,24122029,24121222,807
951,24126060,24125497,563
952,24127034,24125497,1537
953,24127294,24125497,1797
954,24127294,24124735,2559
955,24127294,24125497,1797
956,24144073,24144034,39
957,24151949,24151905,44
958,24151949,24151905,44
959,24151949,24151905,44
960,24165110,24147068,18042
961,24194859,24194776,83
962,24202107,24202107,0
963,24239817,24202107,37710
964,24288367,24288367,0
965,24289949,24288367,1582
966,24306953,24306745,208
967,24306953,24306745,208
968,24306953,24306745,208
969,24306953,24306745,208
970,24306953,24306745,208
971,24306953,24306745,208
972,24393069,24392698,371
973,24421493,24419497,1996
974,24434929,24419497,15432
975,24438665,24435126,3539
976,24438665,24435126,3539
977,24463799,24463651,148
978,24469775,24469572,203
979,24469775,24460823,8952
980,24469775,24469572,203
981,24513765,24513738,27
982,24513765,24513738,27
983,24513765,24513738,27
984,24513765,24496021,17744
985,24513765,24513738,27
986,24681808,24680978,830
987,24681808,24680978,830
988,24681808,24680978,830
989,24681808,24680978,830
990,24690970,24690861,109
991,24700300,24700246,54
992,24718169,24706208,11961
993,24740262,24710406,29856
994,24740262,24727878,12384
995,24740262,24727856,12406
996,24741587,24727878,13709
997,24781314,24780587,727
998,24792864,24790557,2307
999,24799473,24795675,3798
1000,24799473,24795675,3798
1001,24863510,24861767,1743
1002,24863510,24861767,1743
1003,24863510,24861767,1743
1004,24863510,24861767,1743
1005,24863510,24861767,1743
1006,24863510,24861767,1743
1007,24863510,24861767,1743
1008,24863510,24861735,1775
1009,24863510,24861767,1743
1010,24863510,24861735,1775
1011,24935818,24932238,3580
1012,24996078,24996076,2
1013,24998086,24998086,0
1014,24999772,24998777,995
1015,24999772,24998777,995
1016,25169078,25167428,1650
1017,25170815,25167428,3387
1018,25256770,25256359,411
1019,25256770,25256359,411
1020,25291475,25291062,413
1021,25291501,25291062,439
1022,25291501,25291062,439
1023,25291612,25291062,550
1024,25559013,25558958,55
1025,25559013,25558958,55
1026,25559013,25558958,55
1027,25559013,25558958,55
1028,25573985,25573454,531
1029,25633433,25633296,137
1030,25656936,25655415,1521
1031,25656936,25655415,1521
1032,25656936,25655415,1521
1033,25656936,25655627,1309
1034,25656936,25643543,13393
1035,25656936,25655506,1430
1036,25656936,25655627,1309
1037,25656936,25655506,1430
1038,25688852,25687196,1656
1039,25688852,25687196,1656
1040,25747363,25747277,86
1041,25747363,25747277,86
1042,25747363,25747277,86
1043,25747363,25747277,86
1044,25747363,25747277,86
1045,25747363,25747277,86
1046,25756683,25737930,18753
1047,25826698,25824957,1741
1048,25826698,25824957,1741
1049,25826698,25824957,1741
1050,25895377,25893483,1894
1051,25895377,25893483,1894
1052,26111258,26110280,978
1053,26111258,26110280,978
1054,26144713,26142209,2504
1055,26144713,26142209,2504
1056,26159433,26158517,916
1057,26159433,26156275,3158
1058,26159433,26158517,916
1059,26159433,26158517,916
1060,26159433,26158517,916
1061,26159433,26158517,916
1062,26159433,26156275,3158
1063,26159433,26158517,916
1064,26185848,26185848,0
1065,26190330,26190330,0
1066,26197744,26190330,7414
1067,26232644,26231167,1477
1068,26232993,26231167,1826
1069,26232993,26231167,1826
1070,26232993,26231167,1826
1071,26233368,26231167,2201
1072,26324648,26317307,7341
1073,26324648,26317307,7341
1074,26362954,26361838,1116
1075,26372604,26372387,217
1076,26372604,26372387,217
1077,26394125,26393985,140
1078,26452039,26449068,2971
1079,26452039,26449068,2971
1080,26452039,26449068,2971
1081,26488598,26488598,0
1082,26489119,26488598,521
1083,26497364,26497207,157
1084,26516375,26516039,336
1085,26516375,26516039,336
1086,26516375,26516039,336
1087,26516375,26516039,336
1088,26528094,26528094,0
1089,26529033,26529033,0
1090,26605298,26603784,1514
1091,26605299,26603784,1515
1092,26605299,26603784,1515
1093,26605299,26603784,1515
1094,26608013,26607614,399
1095,26633195,26629374,3821
1096,26633195,26629374,3821
1097,26633195,26629374,3821
1098,26633195,26612361,20834
1099,26633195,26624527,8668
1100,26633195,26620780,12415
1101,26644756,26629374,15382
1102,26647014,26646793,221
1103,26664968,26664850,118
1104,26680621,26673148,7473
1105,26699266,26695062,4204
1106,26699266,26695062,4204
1107,26699266,26695062,4204
1108,26756219,26752949,3270
1109,26797795,26795622,2173
1110,26797795,26795622,2173
1111,26797795,26795622,2173
1112,26797795,26795622,2173
1113,26797795,26795622,2173
1114,26803133,26801639,1494
1115,26898724,26898420,304
1116,26901520,26900692,828
1117,26901520,26900692,828
1118,26901520,26900692,828
1119,26901520,26900692,828
1120,27101711,27101710,1
1121,27102198,27102198,0
1122,27108601,27107247,1354
1123,27108601,27107247,1354
1124,27108601,27107247,1354
1125,27108601,27107247,1354
1126,27108601,27107247,1354
1127,27124894,27124335,559
1128,27124894,27124335,559
1129,27124894,27124335,559
1130,27177097,27177095,2
1131,27182211,27180334,1877
1132,27190947,27190450,497
1133,27216869,27216587,282
1134,27226956,27224100,2856
1135,27226962,27226933,29
1136,27240567,27240431,136
1137,27273362,27272672,690
1138,27286901,27278871,8030
1139,27320961,27320961,0
1140,27327377,27320961,6416
1141,27339333,27339161,172
1142,27430513,27429800,713
1143,27481621,27480825,796
1144,27481621,27436064,45557
1145,27481621,27480825,796
1146,27635124,27632874,2250
1147,27635124,27632874,2250
1148,27662891,27661957,934
1149,27678538,27676439,2099
1150,27680423,27680343,80
1151,27680423,27680343,80
1152,27680423,27680343,80
1153,27688358,27688342,16
1154,27693337,27693088,249
1155,27693337,27693088,249
1156,27701315,27701309,6
1157,27701315,27701309,6
1158,27709805,27709729,76
1159,27721295,27721295,0
1160,27722317,27721295,1022
1161,27816678,27755400,61278
1162,27816678,27755400,61278
1163,27878626,27878626,0
1164,27930143,27878626,51517
1165,27930143,27878626,51517
1166,27930361,27878245,52116
1167,27942174,27942071,103
1168,27950573,27950427,146
1169,27952751,27950427,2324
1170,27953106,27950427,2679
1171,27953106,27950427,2679
1172,27961727,27950427,11300
1173,27998724,27995825,2899
1174,27998724,27995825,2899
1175,27998724,27995825,2899
1176,28086275,28086168,107
1177,28089423,28087092,2331
1178,28089423,28087092,2331
1179,28089423,28087092,2331
1180,28089423,28087092,2331
1181,28089423,28087092,2331
1182,28150963,28148840,2123
1183,28178179,28178163,16
1184,28178183,28176957,1226
1185,28178183,28176957,1226
1186,28178183,28176957,1226
1187,28178183,28176957,1226
1188,28213193,28212433,760
1189,28213193,28211942,1251
1190,28213193,28211942,1251
1191,28213193,28212433,760
1192,28213193,28212433,760
1193,28241236,28240954,282
1194,28241236,28233483,7753
1195,28282991,28282710,281
1196,28285663,28285349,314
1197,28285663,28285349,314
1198,28285663,28285349,314
1199,28294604,28293711,893
1200,28415148,28384537,30611
1201,28415148,28365414,49734
1202,28415148,28384537,30611
1203,28415148,28384537,30611
1204,28477532,28477532,0
1205,28503455,28477532,25923
1206,28503455,28477532,25923
1207,28520447,28477532,42915
1208,28520447,28477532,42915
1209,28559542,28559509,33
1210,28564616,28564489,127
1211,28564616,28564308,308
1212,28564616,28562967,1649
1213,28609002,28607313,1689
1214,28661861,28661481,380
1215,28662478,28661481,997
1216,28662478,28661481,997
1217,28793725,28793287,438
1218,28826881,28823061,3820
1219,28826881,28823061,3820
1220,28826881,28823061,3820
1221,28837404,28835485,1919
1222,28865708,28864519,1189
1223,28865708,28864519,1189
1224,28865708,28864519,1189
1225,28865708,28864519,1189
1226,28865708,28864519,1189
1227,28865708,28864519,1189
1228,28905057,28904148,909
1229,28920629,28920629,0
1230,28921088,28920629,459
1231,28921088,28920629,459
1232,28969604,28948593,21011
1233,28969604,28948593,21011
1234,28969604,28948593,21011
1235,29042115,29041285,830
1236,29042115,29041285,830
1237,29042115,29041285,830
1238,29096287,29095464,823
1239,29096287,29095464,823
1240,29096287,29095464,823
1241,29096287,29095464,823
1242,29190208,29189795,413
1243,29380164,29379887,277
1244,29391733,29391691,42
1245,29442315,29442309,6
1246,29446558,29442309,4249
1247,29446558,29442309,4249
1248,29446558,29442309,4249
1249,29446558,29442309,4249
1250,29446558,29442309,4249
1251,29446558,29442309,4249
1252,29446558,29442309,4249
1253,29446558,29442309,4249
1254,29448340,29448340,0
1255,29449013,29448340,673
1256,29450421,29448340,2081
1257,29508637,29508264,373
1258,29508637,29508264,373
1259,29557454,29543145,14309
1260,29557454,29557418,36
1261,29557454,29543145,14309
1262,29557454,29557418,36
1263,29653325,29652173,1152
1264,29653325,29652173,1152
1265,29653325,29652173,1152
1266,29653325,29652173,1152
1267,29653325,29652173,1152
1268,31196432,31196398,34
1269,31230683,31230592,91
1270,31351587,31350094,1493
1271,31381480,31381433,47
1272,31465507,31465377,130
1273,31538564,31532413,6151
1274,31538564,31532413,6151
1275,31538564,31532413,6151
1276,31538564,31532413,6151
1277,31538763,31538632,131
1278,31538763,31538632,131
1279,31661034,31660956,78
1280,31712734,31712394,340
1281,31742513,31734471,8042
1282,31769644,31769598,46
1283,31769644,31769598,46
1284,31837780,31837040,740
1285,31837780,31837040,740
1286,31837780,31837040,740
1287,31837780,31837040,740
1288,31837780,31837040,740
1289,31837780,31837040,740
1290,31845923,31845861,62
1291,31899166,31898851,315
1292,31907527,31907046,481
1293,31907527,31907046,481
1294,31907527,31907046,481
1295,31907527,31907046,481
1296,31907527,31907046,481
1297,31974167,31973447,720
1298,32046561,32046339,222
1299,32051869,32051481,388
1300,32053287,32052580,707
1301,32053287,32052580,707
1302,32053287,32052580,707
1303,32092919,32092581,338
1304,32092919,32092581,338
1305,32093214,32092946,268
1306,32098119,32098119,0
1307,32098435,32098237,198
1308,32110218,32100937,9281
1309,32110838,32110465,373
1310,32110838,32098835,12003
1311,32110838,32110465,373
1312,32164207,32163650,557
1313,32169768,32167794,1974
1314,32169768,32167794,1974
1315,32202280,32201217,1063
1316,32202324,32202312,12
1317,32210332,32210261,71
1318,32222416,32222401,15
1319,32222416,32222401,15
1320,32222416,32222401,15
1321,32222882,32222822,60
1322,32229648,32222822,6826
1323,32229648,32222822,6826
1324,32258424,32258041,383
1325,32264232,32263984,248
1326,32264372,32263870,502
1327,32281580,32280934,646
1328,32281580,32280934,646
1329,32281580,32266122,15458
1330,32385259,32384666,593
1331,32385259,32384666,593
1332,32403988,32384666,19322
1333,32509482,32508225,1257
1334,32509482,32508225,1257
1335,32566804,32566301,503
1336,32568467,32568274,193
1337,32568467,32568274,193
1338,32568467,32568274,193
1339,32642168,32636495,5673
1340,32642168,32636495,5673
1341,32642168,32636495,5673
1342,32642168,32636495,5673
1343,32663886,32660796,3090
1344,32663886,32660796,3090
1345,32670398,32670396,2
1346,32670991,32670849,142
1347,32674288,32673683,605
1348,32674288,32673683,605
1349,32674288,32673683,605
1350,32681797,32681498,299
1351,32687926,32687923,3
1352,32687926,32687923,3
1353,32697205,32696797,408
1354,32697205,32696797,408
1355,32714461,32714202,259
1356,32745811,32745810,1
1357,32751766,32751317,449
1358,32751766,32751317,449
1359,32751766,32751317,449
1360,32751766,32751317,449
1361,32793590,32793356,234
1362,32793590,32793356,234
1363,32799224,32798645,579
1364,32799224,32798645,579
1365,32799224,32798645,579
1366,32801840,32801634,206
1367,32827844,32827692,152
1368,32829924,32829857,67
1369,32860062,32860015,47
1370,32860062,32860015,47
1371,32860062,32860015,47
1372,32860062,32860015,47
1373,32860062,32849475,10587
1374,32860062,32860015,47
1375,32953459,32951019,2440
1376,33066226,33065898,328
1377,33071542,33066020,5522
1378,33116185,33116166,19
1379,33116185,33116130,55
1380,33151812,33145306,6506
1381,33151812,33145306,6506
1382,33151812,33145306,6506
1383,33151812,33145306,6506
1384,33168361,33168261,100
1385,33168361,33168261,100
1386,33240571,33238488,2083
1387,33240571,33238488,2083
1388,33240571,33238488,2083
1389,33240571,33238488,2083
1390,33247704,33246768,936
1391,33249356,33246741,2615
1392,33283633,33282845,788
1393,33302760,33299639,3121
1394,33324480,33321639,2841
1395,33324480,33321639,2841
1396,33336414,33333974,2440
1397,33336414,33333974,2440
1398,33338082,33333974,4108
1399,33360247,33359463,784
1400,33366953,33366839,114
1401,33366953,33366839,114
1402,33366953,33366839,114
1403,33430286,33430286,0
1404,33430286,33430286,0
1405,33430286,33430286,0
1406,33502512,33490117,12395
1407,33502512,33502429,83
1408,33502512,33502429,83
1409,33502512,33502429,83
1410,33502512,33490117,12395
1411,33502512,33502429,83
1412,33567493,33567493,0
1413,33567493,33567493,0
1414,33567493,33567493,0
1415,33585995,33585783,212
1416,33585995,33585783,212
1417,33585995,33585783,212
1418,33585995,33585783,212
1419,33585995,33585783,212
1420,33585995,33585783,212
1421,33586131,33583721,2410
1422,33586131,33583721,2410
1423,33647671,33647033,638
1424,33766320,33764647,1673
1425,33786699,33786699,0
1426,33815499,33799843,15656
1427,33815499,33799788,15711
1428,33841194,33841140,54
1429,33841194,33841140,54
1430,33896216,33841140,55076
1431,33896615,33841140,55475
1432,33958212,33957322,890
1433,33961995,33961076,919
1434,33961995,33961076,919
1435,34175104,34174883,221
1436,34330353,34330353,0
1437,34330392,34330353,39
1438,34330392,34330353,39
1439,34630875,34630698,177
1440,34631443,34631414,29
1441,34684731,34684362,369
1442,34684731,34684362,369
1443,35223753,35223753,0
1444,35224113,35223753,360
1445,35227656,35227656,0
1446,35229325,35227656,1669
1447,35251176,35251176,0
1448,35251967,35251176,791
1449,35251967,35251176,791
1450,35260816,35260816,0
1451,35260816,35260816,0
1452,35261348,35260816,532
1453,35261348,35260816,532
1454,35321578,35321578,0
1455,35324646,35321578,3068
1456,35325338,35321578,3760
1457,35325417,35321578,3839
1458,35370984,35370984,0
1459,35444307,35442947,1360
1460,35450948,35442947,8001
1461,35450948,35450906,42
1462,35469606,35454621,14985
1463,35497291,35496240,1051
1464,35497291,35480609,16682
1465,35497291,35496240,1051
1466,35497291,35496240,1051
1467,35497569,35496240,1329
1468,35497569,35485090,12479
1469,35497569,35480609,16960
1470,35497569,35496240,1329
1471,35497569,35496240,1329
1472,35566700,35563264,3436
1473,35581455,35580860,595
1474,35581455,35580860,595
1475,35581455,35580860,595
1476,35581455,35580860,595
1477,35581455,35580860,595
1478,35658743,35658650,93
1479,35887545,35885278,2267
1480,35887545,35885278,2267
1481,35887545,35885278,2267
1482,35887545,35885278,2267
1483,35920237,35920053,184
1484,35936561,35936502,59
1485,36023003,36020092,2911
1486,36023037,36020092,2945
1487,36032380,36031264,1116
1488,36032380,36031264,1116
1489,36032380,36031264,1116
1490,36060927,36060277,650
1491,36097138,36074943,22195
1492,36107152,36107033,119
1493,36107445,36107033,412
1494,36107445,36107033,412
1495,36181922,36181922,0
1496,36184790,36181922,2868
1497,36235551,36235471,80
1498,36235551,36235471,80
1499,36323490,36319206,4284
1500,36389899,36385208,4691
1501,36389899,36385208,4691
1502,36449010,36448253,757
1503,36522063,36521346,717
1504,36522063,36521346,717
1505,36553876,36553787,89
1506,36553876,36553787,89
1507,36559533,36558987,546
1508,36565850,36565843,7
1509,36565850,36565086,764
1510,36615115,36614979,136
1511,36615115,36614979,136
1512,36615115,36614979,136
1513,36615115,36605671,9444
1514,36615115,36603567,11548
1515,36621654,36605671,15983
1516,36646441,36645859,582
1517,36646441,36645859,582
1518,36646441,36645859,582
1519,36646441,36645859,582
1520,36646441,36645859,582
1521,36755365,36755363,2
1522,36770957,36769618,1339
1523,36770957,36769618,1339
1524,36786399,36786397,2
1525,36787379,36786728,651
1526,36787379,36786728,651
1527,36788849,36788638,211
1528,36789755,36788638,1117
1529,36826941,36826933,8
1530,36851485,36826933,24552
1531,36851485,36826933,24552
1532,36851485,36826933,24552
1533,36859730,36859730,0
1534,36863493,36859730,3763
1535,36916086,36915970,116
1536,36916086,36915970,116
1537,36916086,36915970,116
1538,36930040,36929876,164
1539,36948915,36945097,3818
1540,36948915,36945097,3818
1541,36948915,36945097,3818
1542,37499844,37499709,135
1543,37499844,37499709,135
1544,37949976,37949212,764
1545,37949978,37949212,766
1546,37979867,37979163,704
1547,37980420,37980347,73
1548,37980420,37980347,73
1549,37980420,37980347,73
1550,38019945,38019830,115
1551,38032458,38030662,1796
1552,38032458,38030662,1796
1553,38061586,38061423,163
1554,38061586,38053003,8583
1555,38061586,38061423,163
1556,38100595,38095333,5262
1557,38100595,38095573,5022
1558,38100595,38095333,5262
1559,38100595,38095333,5262
1560,38149864,38149734,130
1561,38156175,38156070,105
1562,38156175,38156070,105
1563,38156192,38155552,640
1564,38157888,38155552,2336
1565,38171239,38171239,0
1566,38175391,38174038,1353
1567,38175391,38174038,1353
1568,38230824,38230738,86
1569,38230824,38230738,86
1570,38267278,38265875,1403
1571,38267278,38265531,1747
1572,38267278,38265875,1403
1573,38273865,38273852,13
1574,38275126,38274745,381
1575,38275126,38274745,381
1576,38325292,38323330,1962
1577,38325292,38300813,24479
1578,38397421,38397384,37
1579,38411522,38409540,1982
1580,38411522,38409540,1982
1581,38412729,38411980,749
1582,38455761,38455637,124
1583,38455761,38455637,124
1584,38471186,38465084,6102
1585,38471187,38465084,6103
1586,38471187,38464652,6535
1587,38490497,38489300,1197
1588,38490497,38489300,1197
1589,38512450,38512415,35
1590,38680439,38678111,2328
1591,39325495,39325318,177
1592,39325495,39325318,177
1593,39339050,39338977,73
1594,39340166,39330311,9855
1595,39341770,39341770,0
1596,39347298,39347139,159
1597,39385009,39384884,125
1598,39395185,39395181,4
1599,39407456,39384884,22572
1600,39407456,39384884,22572
1601,39471737,39469727,2010
1602,39471737,39469727,2010
1603,39471737,39469727,2010
1604,39500308,39500168,140
1605,39500308,39500168,140
1606,39568889,39568520,369
1607,39748740,39748050,690
1608,39790406,39790404,2
1609,39839145,39838294,851
1610,39882154,39880221,1933
1611,39901433,39901433,0
1612,39901433,39901433,0
1613,39901433,39901433,0
1614,39952656,39950494,2162
1615,39952656,39950494,2162
1616,39952810,39951466,1344
1617,39952810,39951466,1344
1618,39952810,39951466,1344
1619,39952810,39951466,1344
1620,39995541,39991470,4071
1621,40042521,40041623,898
1622,40042521,40041623,898
1623,40042521,40041623,898
1624,40098672,40098383,289
1625,40105348,40105297,51
1626,40137710,40137710,0
1627,40157089,40150275,6814
1628,40157089,40150275,6814
1629,40222441,40219027,3414
1630,40222441,40219027,3414
1631,40222441,40219027,3414
1632,40222441,40219027,3414
1633,40229586,40228296,1290
1634,40229586,40229414,172
1635,40237020,40236927,93
1636,40254533,40254157,376
1637,40254533,40254157,376
1638,40319740,40313734,6006
1639,40319740,40313673,6067
1640,40319740,40313734,6006
1641,40319740,40313734,6006
1642,40319740,40318539,1201
1643,40349177,40349163,14
1644,40349177,40313673,35504
1645,40349177,40313673,35504
1646,40349177,40349163,14
1647,40349177,40313734,35443
1648,40349177,40313734,35443
1649,40349177,40313734,35443
1650,40367687,40367560,127
1651,40367687,40367106,581
1652,40367687,40367560,127
1653,40422587,40421480,1107
1654,40434417,40434415,2
1655,40435628,40435240,388
1656,40435628,40435240,388
1657,40435628,40435240,388
1658,40538321,40537205,1116
1659,40538321,40537205,1116
1660,40538321,40537205,1116
1661,40538321,40537205,1116
1662,40538321,40537205,1116
1663,40558179,40558153,26
1664,40563142,40562910,232
1665,40563142,40562910,232
1666,40706593,40706119,474
1667,40706593,40706119,474
1668,40717365,40717266,99
1669,40759856,40758341,1515
1670,40782981,40782869,112
1671,40783060,40776934,6126
1672,40882027,40882027,0
1673,40888998,40887773,1225
1674,40888998,40887773,1225
1675,40888998,40887773,1225
1676,40888998,40887773,1225
1677,40888998,40887773,1225
1678,40929390,40929261,129
1679,40929390,40929261,129
1680,40929390,40929261,129
1681,40962015,40961731,284
1682,40962015,40961731,284
1683,40962015,40961731,284
1684,40981338,40981338,0
1685,40982214,40981338,876
1686,40982214,40981338,876
1687,40982214,40981338,876
1688,41013841,41013132,709
1689,41131324,41107597,23727
1690,41131324,41107597,23727
1691,41157933,41157681,252
1692,41232915,41232432,483
1693,41237275,41236500,775
1694,41237275,41236500,775
1695,41237275,41236500,775
1696,41237275,41236500,775
1697,41237275,41236500,775
1698,41237275,41236500,775
1699,41237276,41236500,776
1700,41237276,41236500,776
1701,41306124,41304195,1929
1702,41306124,41304195,1929
1703,41328018,41327799,219
1704,41462029,41461792,237
1705,41478235,41475917,2318
1706,41478235,41475917,2318
1707,41478235,41475917,2318
1708,41478235,41475917,2318
1709,41486458,41486332,126
1710,41487397,41486332,1065
1711,41487427,41486332,1095
1712,41487427,41486332,1095
1713,41625605,41625402,203
1714,41627104,41618346,8758
1715,41628689,41608748,19941
1716,41707815,41608748,99067
1717,41707815,41625402,82413
1718,41707815,41651805,56010
1719,41707815,41608748,99067
1720,41949874,41946468,3406
1721,41950344,41950272,72
1722,42384496,42050468,334028
1723,42384496,42050468,334028
1724,42621495,42621267,228
1725,42630395,42630383,12
1726,42800636,42776764,23872
1727,42800903,42776764,24139
1728,42800903,42776764,24139
1729,42801548,42776764,24784
1730,42889900,42880645,9255
1731,42921938,42921668,270
1732,42921938,42915682,6256
1733,42926086,42925597,489
1734,42926086,42925597,489
1735,43061224,43055166,6058
1736,43120335,43119699,636
1737,43120335,43119699,636
1738,43120335,43119699,636
1739,43133568,43133090,478
1740,43133568,43133090,478
1741,43142429,43133090,9339
1742,43168020,43166686,1334
1743,43205925,43205734,191
1744,43205925,43205734,191
1745,43205925,43205734,191
1746,43232755,43232642,113
1747,43232755,43232642,113
1748,43232755,43232642,113
1749,43232755,43232642,113
1750,43241413,43241065,348
1751,43263901,43263896,5
1752,43283059,43282215,844
1753,43305384,43304654,730
1754,43310660,43308903,1757
1755,43310660,43308903,1757
1756,43310660,43308903,1757
1757,43317484,43317484,0
1758,43318146,43317484,662
1759,43318146,43317484,662
1760,43318146,43317484,662
1761,43318146,43317484,662
1762,43424847,43424322,525
1763,43622067,43621984,83
1764,43637986,43637789,197
1765,43638241,43638092,149
1766,43675789,43675787,2
1767,43676549,43675755,794
1768,43676549,43675755,794
1769,43720029,43719862,167
1770,43736607,43638092,98515
1771,43739053,43739053,0
1772,43739673,43739053,620
1773,43739673,43739053,620
1774,43751250,43748941,2309
1775,43751288,43748941,2347
1776,43770949,43770949,0
1777,43772782,43772782,0
1778,43775203,43775099,104
1779,43779134,43779134,0
1780,43779817,43779801,16
1781,43788781,43788393,388
1782,43788781,43788393,388
1783,43788781,43788393,388
1784,43788781,43788393,388
1785,43815208,43815115,93
1786,43820135,43818443,1692
1787,43820135,43818443,1692
1788,43828873,43828800,73
1789,43828873,43828800,73
1790,43833409,43831280,2129
1791,43833745,43831280,2465
1792,43833745,43831280,2465
1793,43833745,43830673,3072
1794,43855483,43855435,48
1795,43855483,43853176,2307
1796,43855483,43855435,48
1797,43872565,43871998,567
1798,43892209,43892128,81
1799,43919176,43919148,28
1800,43919176,43919148,28
1801,43919660,43919464,196
1802,43919660,43919464,196
1803,43919660,43919464,196
1804,43919918,43916151,3767
1805,43919918,43916151,3767
1806,44045736,44044956,780
1807,44045736,44044956,780
1808,44089343,44087674,1669
1809,44089343,44087674,1669
1810,44089343,44087674,1669
1811,44089343,44087674,1669
1812,44089343,44087674,1669
1813,44089343,44087674,1669
1814,44171189,44170041,1148
1815,44171189,44169907,1282
1816,44173012,44170073,2939
1817,44173012,44170073,2939
1818,44396837,44395893,944
1819,44396837,44395893,944
1820,44396837,44364939,31898
1821,44396837,44395893,944
1822,44396837,44395893,944
1823,44396837,44395855,982
1824,44396837,44395893,944
1825,44396837,44395874,963
1826,44396837,44395893,944
1827,44396837,44395855,982
1828,44396837,44395893,944
1829,44396837,44395874,963
1830,44396837,44395893,944
1831,44396837,44395874,963
1832,44396837,44395855,982
1833,44396837,44395893,944
1834,44396837,44395893,944
1835,44396837,44395893,944
1836,44396837,44395893,944
1837,44396837,44395893,944
1838,44396837,44364939,31898
1839,44402912,44402437,475
1840,44402912,44402437,475
1841,44402912,44402437,475
1842,44402912,44402437,475
1843,44402912,44402437,475
1844,44433694,44433354,340
1845,44433694,44433354,340
1846,44439043,44438211,832
1847,44439043,44438211,832
1848,44439043,44438211,832
1849,44439043,44438211,832
1850,44443967,44443083,884
1851,44443972,44443679,293
1852,44443972,44443679,293
1853,44456843,44456120,723
1854,44456843,44456120,723
1855,44456843,44456120,723
1856,44456843,44456120,723
1857,44462198,44461832,366
1858,44462198,44461832,366
1859,44482228,44475742,6486
1860,44483012,44482805,207
1861,44483012,44482805,207
1862,44483012,44482805,207
1863,44497164,44489949,7215
1864,44497164,44489949,7215
1865,44497164,44474281,22883
1866,44595868,44595867,1
1867,44600809,44596428,4381
1868,44681197,44680876,321
1869,44681197,44680876,321
1870,44681440,44680995,445
1871,44684427,44684281,146
1872,44686351,44686290,61
1873,44686351,44686290,61
1874,44686351,44686290,61
1875,44686351,44686290,61
1876,44818597,44785374,33223
1877,44820939,44820698,241
1878,44820939,44804971,15968
1879,45110466,45110464,2
1880,45117395,45115701,1694
1881,45117395,45115701,1694
1882,45117396,45116447,949
1883,45117396,45116447,949
1884,45117396,45116447,949
1885,45117396,45116447,949
1886,45125967,45120713,5254
1887,45139750,45120713,19037
1888,45140099,45140063,36
1889,45140099,45120845,19254
1890,45191263,45191075,188
1891,45233438,45232851,587
1892,45233438,45232851,587
1893,45233438,45232851,587
1894,45233438,45232851,587
1895,45244412,45244357,55
1896,45253426,45253377,49
1897,45271667,45271350,317
1898,45272340,45272340,0
1899,45272957,45272340,617
1900,45279801,45279444,357
1901,45308616,45308604,12
1902,45308616,45308604,12
1903,45308616,45295612,13004
1904,45452394,45446840,5554
1905,45452394,45446840,5554
1906,45452394,45446840,5554
1907,45471260,45470460,800
1908,45474223,45474061,162
1909,45477027,45476929,98
1910,45477027,45475262,1765
1911,45479663,45479073,590
1912,45479824,45479378,446
1913,45480135,45479378,757
1914,45480508,45479787,721
1915,45481341,45481170,171
1916,45481341,45481170,171
1917,45672250,45672022,228
1918,45794346,45793936,410
1919,45805629,45800177,5452
1920,45805629,45800177,5452
1921,45805629,45800177,5452
1922,45805787,45798984,6803
1923,45805787,45800177,5610
1924,45805787,45800177,5610
1925,45806142,45805926,216
1926,45806142,45798984,7158
1927,45806142,45805926,216
1928,45806142,45805926,216
1929,45806142,45805926,216
1930,45806142,45805926,216
1931,45808674,45808425,249
1932,45809650,45809374,276
1933,45809650,45809374,276
1934,45923543,45923457,86
1935,45956840,45923457,33383
1936,45956840,45887491,69349
1937,45956840,45813364,143476
1938,45956840,45923457,33383
1939,45965751,45965281,470
1940,45965751,45965281,470
1941,45976739,45974887,1852
1942,45987610,45984715,2895
1943,45987610,45984715,2895
1944,45987610,45984715,2895
1945,45988562,45984715,3847
1946,46035723,46035628,95
1947,46035723,46035628,95
1948,46035723,46035628,95
1949,46035723,46035628,95
1950,46075197,46074068,1129
1951,46079853,46079851,2
1952,46081143,46081143,0
1953,46084578,46083813,765
1954,46084578,46083813,765
1955,46084578,46083813,765
1956,46084578,46083813,765
1957,46089731,46089581,150
1958,46089731,46089581,150
1959,46089731,46088745,986
1960,46089731,46089581,150
1961,46101396,46099884,1512
1962,46152302,46124759,27543
1963,46160108,46159577,531
1964,46216485,46212083,4402
1965,46216485,46212083,4402
1966,46472067,46472065,2
1967,46489944,46489699,245
1968,46496433,46496431,2
1969,46496962,46496961,1
1970,46501796,46501738,58
1971,46501796,46501738,58
1972,46527810,46527734,76
1973,46598380,46597624,756
1974,46598380,46597624,756
1975,46598467,46598417,50
1976,46598708,46597624,1084
1977,46642160,46642143,17
1978,46651634,46651205,429
1979,46658237,46658126,111
1980,46659597,46659087,510
1981,46663145,46663033,112
1982,46663171,46661587,1584
1983,46663779,46663493,286
1984,46664121,46663493,628
1985,46685977,46663493,22484
1986,46685977,46659087,26890
1987,46686928,46685892,1036
1988,46744145,46743954,191
1989,46744145,46743954,191
1990,46769038,46768994,44
1991,46769038,46768994,44
1992,46769038,46768994,44
1993,46782447,46782256,191
1994,46830824,46827518,3306
1995,46830824,46827518,3306
1996,46830824,46827518,3306
1997,46830824,46827518,3306
1998,46830824,46827518,3306
1999,46879520,46879247,273
2000,46979886,46978166,1720
2001,46979886,46978166,1720
2002,47015678,47013408,2270
2003,47016887,47016887,0
2004,47069966,47059818,10148
2005,47069966,47046224,23742
2006,47069966,47059818,10148
2007,47069966,47059818,10148
2008,47069966,47046224,23742
2009,47069966,47048968,20998
2010,47069966,47048999,20967
2011,47080805,47080748,57
2012,47082563,47059818,22745
2013,47082563,47078993,3570
2014,47101972,47101816,156
2015,47131550,47123834,7716
2016,47131550,47131320,230
2017,47134099,47134063,36
2018,47134099,47134063,36
2019,47139166,47139128,38
2020,47139256,47139128,128
2021,47173723,47173625,98
2022,47184736,47183759,977
2023,47184736,47183759,977
2024,47279987,47279987,0
2025,47281083,47280940,143
2026,47285021,47284486,535
2027,47285021,47284486,535
2028,47285021,47284486,535
2029,47285021,47284486,535
2030,47407156,47407105,51
2031,47407156,47407105,51
2032,47516423,47515846,577
2033,47516423,47515846,577
2034,47516423,47515846,577
2035,47583992,47583606,386
2036,47613153,47611829,1324
2037,47613153,47611829,1324
2038,47614526,47614469,57
2039,47655771,47655604,167
2040,47689770,47685657,4113
2041,47695443,47691560,3883
2042,47697387,47691560,5827
2043,47749745,47748103,1642
2044,47778828,47775991,2837
2045,47778828,47775991,2837
2046,47779819,47775991,3828
2047,47779819,47775991,3828
2048,47779819,47775991,3828
2049,47779819,47775991,3828
2050,47844511,47842417,2094
2051,47844511,47842417,2094
2052,47883724,47882947,777
2053,47906363,47905295,1068
2054,48462562,48462461,101
2055,48714316,48713215,1101
2056,48714316,48713215,1101
2057,48714316,48713215,1101
2058,48714316,48713215,1101
2059,48714316,48713215,1101
2060,48937876,48937680,196
2061,48937876,48937680,196
2062,48937876,48937680,196
2063,49242547,49242503,44
2064,49242547,49224809,17738
2065,49511472,49511408,64
2066,49511472,49511408,64
2067,50489626,50489468,158
2068,50489626,49119046,1370580
2069,50489626,50489468,158
2070,50663232,50663143,89
2071,50667540,50666850,690
2072,50667540,50666850,690
2073,50667540,50666850,690
2074,50667540,50666850,690
2075,50667540,50666850,690
2076,50667540,50666850,690
2077,50887304,50887208,96
2078,50889119,50887208,1911
2079,51078170,51078020,150
2080,51425936,51425483,453
2081,51440309,51439942,367
2082,51440309,51439942,367
2083,51613754,51613443,311
2084,51739119,51736994,2125
2085,51763594,51761806,1788
2086,51787938,51787833,105
2087,51787938,51787833,105
2088,51795845,51787457,8388
2089,51796234,51796149,85
2090,51796234,51796149,85
2091,51796617,51787457,9160
2092,51796999,51796857,142
2093,51810785,51810715,70
2094,51887793,51887628,165
2095,51984995,51984903,92
2096,51984995,51984903,92
2097,52254891,52253461,1430
2098,52254891,52253461,1430
2099,52254891,52253461,1430
2100,52254891,52253461,1430
2101,52254891,52253461,1430
2102,52254891,52253461,1430
2103,52254891,52253461,1430
2104,52254891,52253461,1430
2105,52254891,52253461,1430
2106,52254891,52253461,1430
2107,52306186,52301803,4383
2108,52343712,52306131,37581
2109,52343712,52306131,37581
2110,52344609,52344287,322
2111,52344609,52344287,322
2112,52344609,52344287,322
2113,52456436,52442789,13647
2114,52499472,52499433,39
2115,52521843,52520768,1075
2116,52521843,52499433,22410
2117,52521843,52520695,1148
2118,52556388,52552430,3958
2119,52556388,52552430,3958
2120,52556388,52552392,3996
2121,52729719,52729555,164
2122,52812358,52811893,465
2123,52812358,52811893,465
2124,52824133,52824101,32
2125,52825905,52825391,514
2126,52831877,52830292,1585
2127,52870143,52867895,2248
2128,52870143,52867895,2248
2129,52870143,52867895,2248
2130,52883992,52882362,1630
2131,52883992,52882432,1560
2132,52992045,52991952,93
2133,53018762,52991952,26810
2134,53018762,52991952,26810
2135,53018762,52991952,26810
2136,53018772,52991952,26820
2137,53019130,52981721,37409
2138,53074723,53074097,626
2139,53122737,53122712,25
2140,53164038,53163998,40
2141,53293013,53287301,5712
2142,53293013,53287301,5712
2143,53293013,53287301,5712
2144,53360247,53358629,1618
2145,53360247,53358629,1618
2146,53387258,53377445,9813
2147,53387375,53377445,9930
2148,53387375,53377445,9930
2149,53387591,53387345,246
2150,53387591,53387345,246
2151,53387591,53387345,246
2152,53387591,53377445,10146
2153,53392851,53377445,15406
2154,53461672,53458949,2723
2155,53517282,53513639,3643
2156,53517289,53516376,913
2157,53517289,53516376,913
2158,53517289,53516376,913
2159,53517289,53516376,913
2160,53517289,53516376,913
2161,53517289,53516376,913
2162,53517289,53513583,3706
2163,53551174,53547833,3341
2164,53551174,53547833,3341
2165,53551174,53547833,3341
2166,53551174,53547833,3341
2167,53556654,53555791,863
2168,53608289,53608121,168
2169,53608289,53608121,168
2170,53608289,53608121,168
2171,53608289,53608121,168
2172,53679869,53679267,602
2173,53686289,53686247,42
2174,53704282,53704120,162
2175,53704282,53704120,162
2176,53734270,53732326,1944
2177,53793071,53732230,60841
2178,53793821,53793584,237
2179,53793821,53793584,237
2180,53793821,53793584,237
2181,53793821,53793584,237
2182,53905693,53905693,0
2183,53933158,53932335,823
2184,54199877,54060575,139302
2185,54304225,54303934,291
2186,54304225,54303934,291
2187,54304225,54293757,10468
2188,54304225,54269661,34564
2189,54355487,54354610,877
2190,54376759,54375672,1087
2191,54376759,54375608,1151
2192,54376759,54375672,1087
2193,54376759,54375672,1087
2194,54376759,54375608,1151
2195,54376759,54375672,1087
2196,54411288,54405755,5533
2197,54411288,54405755,5533
2198,54433841,54433612,229
2199,54433841,54433612,229
2200,54483859,54483785,74
2201,54483859,54483785,74
2202,54483859,54483785,74
2203,54483859,54483785,74
2204,54483859,54483849,10
2205,54510014,54509177,837
2206,54513686,54509177,4509
2207,54519111,54518861,250
2208,54519111,54518861,250
2209,54565416,54562146,3270
2210,54618679,54618595,84
2211,54661388,54645866,15522
2212,54665746,54661289,4457
2213,54665746,54649929,15817
2214,54665746,54649929,15817
2215,54684056,54683922,134
2216,54684056,54683922,134
2217,54872068,54871681,387
2218,54872068,54871681,387
2219,54872068,54871681,387
2220,55064515,55063092,1423
2221,55076005,55074785,1220
2222,55076005,55074785,1220
2223,55089200,55089068,132
2224,55100417,55100402,15
2225,55129728,55129466,262
2226,55161455,55161283,172
2227,55165896,55165881,15
2228,55166134,55166063,71
2229,55175939,55175860,79
2230,55175939,55175860,79
2231,55175939,55175860,79
2232,55208328,55207186,1142
2233,55208328,55207186,1142
2234,55224834,55224834,0
2235,55230226,55224834,5392
2236,55266941,55266836,105
2237,55266941,55266836,105
2238,55307937,55307349,588
2239,55307937,55307546,391
2240,55331353,55319856,11497
2241,55341720,55341693,27
2242,55352481,55352398,83
2243,55352921,55352792,129
2244,55457966,55457776,190
2245,55474465,55474301,164
2246,55530526,55529257,1269
2247,55680763,55680744,19
2248,55681039,55680786,253
2249,56200675,56197792,2883
2250,57045257,57044689,568
2251,57181008,57173386,7622
2252,57181008,57173386,7622
2253,57181008,57173386,7622
2254,57285369,57284963,406
2255,57285369,57284963,406
2256,57383894,57383389,505
2257,57431688,57431621,67
2258,57431688,57425264,6424
2259,57431688,57425785,5903
2260,57756838,57756702,136
2261,57756838,57756702,136
2262,57773037,57756702,16335
2263,57888872,57756702,132170
2264,58716211,57756702,959509
2265,59004982,59004966,16
2266,59012446,57756702,1255744
2267,59012446,59004966,7480
2268,59012446,59004966,7480
2269,59043166,59042828,338
2270,59134578,59133578,1000
2271,59165747,59165724,23
2272,59165747,59165724,23
2273,59249785,59248742,1043
2274,59365384,59364957,427
2275,60092526,60091725,801
2276,60228402,60228256,146
2277,60228402,60228256,146
2278,60228402,60228256,146
2279,60228402,60228256,146
2280,60342050,60338637,3413
2281,60342050,60338637,3413
2282,60342050,60338637,3413
2283,60392423,60392418,5
2284,60474495,60466796,7699
2285,60539442,60538315,1127
2286,61928460,61920992,7468
2287,61928460,61920992,7468
2288,61928460,61920992,7468
2289,61928460,61921051,7409
2290,61928460,61920992,7468
2291,62191095,62190792,303
2292,62579918,62579916,2
2293,62580582,62579922,660
2294,62580582,62579922,660
2295,62580582,62579922,660
2296,62583006,62582917,89
2297,62629591,62626607,2984
2298,62644347,62644146,201
2299,62678001,62677044,957
2300,62678001,62677044,957
2301,62729096,62718834,10262
2302,62738463,62737229,1234
2303,62785083,62747236,37847
2304,62785083,62747236,37847
2305,62917475,62916652,823
2306,62917475,62916652,823
2307,62917475,62916652,823
2308,62944675,62943493,1182
2309,63001303,63001258,45
2310,63021660,63021631,29
2311,63071976,63070488,1488
2312,63154039,63153935,104
2313,63154039,63153935,104
2314,63154039,63153935,104
2315,63154039,63153935,104
2316,63154039,63153935,104
2317,63330941,63329830,1111
2318,63330941,63329830,1111
2319,63790797,63790166,631
2320,63904233,63902691,1542
2321,63904233,63902691,1542
2322,63988812,63988695,117
2323,63988944,63988804,140
2324,63988944,63988804,140
2325,64038364,64038187,177
2326,64125916,64125346,570
2327,64125916,64125346,570
2328,64125916,64125346,570
2329,64609052,64608341,711
2330,64647179,64644538,2641
2331,64710027,64709816,211
2332,65158741,65157244,1497
2333,65158741,65157244,1497
2334,65158741,65157244,1497
2335,65158741,65157244,1497
2336,65298914,65296668,2246
2337,65298914,65296668,2246
2338,65298914,65296668,2246
2339,65311323,65307218,4105
2340,65432187,65351947,80240
2341,65432619,65351947,80672
2342,65697828,65691860,5968
2343,65697828,65691860,5968
2344,65697828,65691860,5968
2345,65697828,65691860,5968
2346,65721848,65720451,1397
2347,65858548,65858547,1
2348,65881552,65878708,2844
2349,65881552,65878708,2844
2350,65881552,65878708,2844
2351,65893692,65893486,206
2352,65901690,65897602,4088
2353,65901690,65897602,4088
2354,66091917,66091853,64
2355,66096095,66096088,7
2356,66096095,66096088,7
2357,66101111,66098852,2259
2358,66101111,66098852,2259
2359,66103176,66101919,1257
2360,66103176,66102698,478
2361,66840262,66838361,1901
2362,66840262,66838361,1901
2363,66840262,66838361,1901
2364,66840262,66838361,1901
2365,66840262,66838361,1901
2366,66840262,66838361,1901
2367,67210768,67208778,1990
2368,67210768,67208778,1990
2369,67210768,67208778,1990
2370,67210768,67208778,1990
2371,67210768,67208778,1990
2372,67210768,67208778,1990
2373,67244730,67243137,1593
2374,67266942,67266904,38
2375,67340620,67340501,119
2376,67390570,67390514,56
2377,67390570,67390514,56
2378,67413923,67411993,1930
2379,67454302,67452156,2146
2380,67454302,67452156,2146
2381,67454302,67450583,3719
2382,67454302,67450583,3719
2383,67454302,67450583,3719
2384,67454302,67452156,2146
2385,67454302,67452156,2146
2386,67454302,67450583,3719
2387,67454302,67450583,3719
2388,67454302,67452156,2146
2389,67518730,67518540,190
2390,67520080,67519696,384
2391,67600654,67592923,7731
2392,67600654,67592923,7731
2393,67724260,67724233,27
2394,67724260,67724233,27
2395,67725650,67724811,839
2396,67725650,67724811,839
2397,67725650,67724811,839
2398,67725650,67724168,1482
2399,67725650,67724811,839
2400,67725650,67724811,839
2401,67725650,67724811,839
2402,67725650,67724811,839
2403,67725650,67724811,839
2404,67725650,67724811,839
2405,67725650,67724811,839
2406,67725650,67724811,839
2407,67725650,67724811,839
2408,67725650,67724811,839
2409,67725650,67724811,839
2410,67725650,67724811,839
2411,67725650,67724811,839
2412,67725650,67724811,839
2413,67725650,67724811,839
2414,67725650,67724811,839
2415,67725650,67724811,839
2416,67725650,67724811,839
2417,67725650,67724811,839
2418,67725650,67724811,839
2419,67862583,67861263,1320
2420,67862583,67861772,811
2421,67862583,67861263,1320
2422,67862583,67861772,811
2423,67862583,67861282,1301
2424,67896123,67895983,140
2425,67896123,67895983,140
2426,67896123,67895983,140
2427,67896123,67895983,140
2428,68154021,68153457,564
2429,68154021,68153457,564
2430,68154021,68153380,641
2431,68299155,68173369,125786
2432,68512980,68512980,0
2433,68516481,68512980,3501
2434,68659904,68659881,23
2435,68659904,68659881,23
2436,68698284,68697982,302
2437,68698284,68697982,302
2438,68698284,68697982,302
2439,68698284,68697982,302
2440,68915642,68915588,54
2441,68947921,68947161,760
2442,68962799,68962682,117
2443,68962799,68962682,117
2444,70340687,70339156,1531
2445,70386000,70385342,658
2446,70589171,70587570,1601
2447,70589171,70587570,1601
2448,70589171,70587570,1601
2449,70671361,70671223,138
2450,70695717,70694966,751
2451,70697511,70696298,1213
2452,70697511,70696800,711
2453,70716186,70716186,0
2454,70717701,70716488,1213
2455,70717701,70716488,1213
2456,70717701,70716488,1213
2457,70820399,70820091,308
2458,70820417,70820091,326
2459,70820417,70820091,326
2460,70833705,70832201,1504
2461,70833705,70832214,1491
2462,70833705,70833411,294
2463,70905534,70904810,724
2464,70905534,70904810,724
2465,70905534,70904810,724
2466,71513491,71513260,231
2467,71513491,71513260,231
2468,71513491,71513260,231
2469,71513491,71513260,231
2470,71513491,71513260,231
2471,71513491,71513260,231
2472,71513491,71513260,231
2473,71513491,71513260,231
2474,71513491,71513260,231
2475,71513491,71513260,231
2476,71546972,71546678,294
2477,71546972,71546678,294
2478,72566614,72400786,165828
2479,72748405,72748177,228
2480,72748405,72748177,228
2481,74663871,74649368,14503
2482,74674148,74671516,2632
2483,74674148,74671516,2632
2484,74674148,74671058,3090
2485,74837776,74836095,1681
2486,74930609,74930426,183
2487,75010116,75009666,450
2488,75010116,75009666,450
2489,75100538,75097597,2941
2490,75139422,75139203,219
2491,75199092,75190505,8587
2492,75199092,75190505,8587
2493,75199092,75190505,8587
2494,75199092,75188818,10274
2495,75232360,75229797,2563
2496,75232360,75229797,2563
2497,75232360,75229797,2563
2498,75609647,75609645,2
2499,75627218,75626580,638
2500,75627218,75626580,638
2501,75627218,75626580,638
2502,76076799,76007132,69667
2503,76076799,75766345,310454
2504,76076799,75766345,310454
2505,76076799,76007132,69667
2506,76081694,76081571,123
2507,76143610,76143544,66
2508,76143610,75708651,434959
2509,76205795,76200504,5291
2510,76227300,76227106,194
2511,76229355,76228448,907
2512,76229355,76228448,907
2513,76229355,76228448,907
2514,76229355,76228448,907
2515,76229355,76228448,907
2516,76229355,76228448,907
2517,76260775,76260335,440
2518,76378923,76378572,351
2519,76398116,76397976,140
2520,77042892,77042540,352
2521,77096669,77094491,2178
2522,77096669,77094491,2178
2523,77529737,77528891,846
2524,77529737,77516008,13729
2525,77685132,77685087,45
2526,77685132,77685087,45
2527,77685132,77685087,45
2528,77685132,77685087,45
2529,77780745,77779578,1167
2530,78025654,78024355,1299
2531,78025654,78024355,1299
2532,78099090,78099039,51
2533,78148343,78099039,49304
2534,78148343,78099039,49304
2535,78149104,78105156,43948
2536,78194397,78194370,27
2537,78207114,78200063,7051
2538,78225564,78211147,14417
2539,78225564,78207382,18182
2540,78225564,78211147,14417
2541,78327860,78324781,3079
2542,78345225,78340749,4476
2543,78345225,78340749,4476
2544,78345225,78340749,4476
2545,78407893,78407893,0
2546,78407893,78407893,0
2547,78409576,78408598,978
2548,78409576,78408598,978
2549,78409578,78408514,1064
2550,78409578,78408514,1064
2551,78409578,78408514,1064
2552,78444777,78444688,89
2553,78444777,78444688,89
2554,78482995,78481931,1064
2555,78482995,78481931,1064
2556,78603112,78601427,1685
2557,79006386,79002115,4271
2558,79006386,79002372,4014
2559,79111830,79107494,4336
2560,79111830,79107494,4336
2561,79111830,79107494,4336
2562,79127139,79126465,674
2563,79127139,79126465,674
2564,79129763,79129496,267
2565,79472495,79472339,156
2566,82447660,82447660,0
2567,82458107,82456829,1278
2568,82458107,82456829,1278
2569,82458107,82456829,1278
2570,82458107,82455364,2743
2571,82458107,82456086,2021
2572,82458107,82456829,1278
2573,84464833,84417894,46939
2574,84670979,84670173,806
2575,84670979,84670173,806
2576,84704181,84700988,3193
2577,84704181,84700988,3193
2578,84704181,84700988,3193
2579,84704181,84700988,3193
2580,84704181,84700988,3193
2581,84704181,84700988,3193
2582,84704181,84700988,3193
2583,84704181,84700988,3193
2584,84816481,84815457,1024
2585,84816481,84815457,1024
2586,84816481,84815457,1024
2587,84816481,84815321,1160
2588,84880691,84880551,140
2589,84880691,84880551,140
2590,84880691,84880551,140
2591,84964033,84963153,880
2592,84972262,84971774,488
2593,84992552,84991809,743
2594,85014647,85014647,0
2595,85040104,85036307,3797
2596,85040163,85040098,65
2597,85040163,85031602,8561
2598,85097429,85097390,39
2599,85100703,85097390,3313
2600,85136498,85136460,38
2601,85156151,85136902,19249
2602,85156151,85136460,19691
2603,85156151,85117626,38525
2604,85156240,85136902,19338
2605,85156240,85136460,19780
2606,85156240,85136902,19338
2607,85156440,85136902,19538
2608,85331842,85331803,39
2609,85358896,85331803,27093
2610,85462796,85462555,241
2611,85489203,85488035,1168
2612,85495642,85494918,724
2613,85514223,85511043,3180
2614,85514223,85511043,3180
2615,85514223,85511043,3180
2616,85514223,85499865,14358
2617,85598821,85598681,140
2618,85598821,85598681,140
2619,85666728,85666679,49
2620,85666728,85666679,49
2621,85725355,85725316,39
2622,85725355,85725316,39
2623,85742587,85742035,552
2624,85870180,85870066,114
2625,85930267,85824524,105743
2626,85930889,85930728,161
2627,86044046,85824524,219522
2628,86049388,86048071,1317
2629,86049648,86048725,923
2630,86174116,86173967,149
2631,86174116,86173967,149
2632,86428932,86377086,51846
2633,86622154,86622079,75
2634,86622154,86488639,133515
2635,86622446,86622079,367
2636,86862025,86852710,9315
2637,86862025,86852710,9315
2638,86862025,86852710,9315
2639,86862025,86852710,9315
2640,86862025,86848858,13167
2641,86862025,86848858,13167
2642,86862025,86848858,13167
2643,86922240,86921210,1030
2644,86960131,86960130,1
2645,86965974,86965728,246
2646,87046432,87046028,404
2647,87046432,87046028,404
2648,87046432,87046028,404
2649,87213867,87208918,4949
2650,87213867,87208918,4949
2651,87213867,87208918,4949
2652,87213867,87208918,4949
2653,87380107,87379794,313
2654,87380107,87379794,313
2655,87564125,87563622,503
2656,87575681,87570379,5302
2657,87598718,87598599,119
2658,87634886,87633859,1027
2659,87814607,87810479,4128
2660,87814607,87810479,4128
2661,89301938,89299131,2807
2662,89301938,89299131,2807
2663,89301938,89299131,2807
2664,89301938,89299131,2807
2665,89301938,89299131,2807
2666,89357301,89357182,119
2667,89449509,89449509,0
2668,89458643,89454033,4610
2669,89458643,89435147,23496
2670,89458643,89427789,30854
2671,89458643,89449509,9134
2672,89458643,89449509,9134
2673,89488549,89486404,2145
2674,89488549,89481050,7499
2675,89488549,89480113,8436
2676,89488549,89486404,2145
2677,89531043,89528917,2126
2678,89591799,89587649,4150
2679,89641723,89637618,4105
2680,89664633,89664517,116
2681,89738487,89735238,3249
2682,89738544,89735238,3306
2683,89738544,89735238,3306
2684,89853719,89851028,2691
2685,89853719,89851028,2691
2686,90063420,90058602,4818
2687,90063420,90058602,4818
2688,90063420,90058602,4818
2689,90185094,90180541,4553
2690,90401204,90401204,0
2691,90401989,90401204,785
2692,90401989,90401204,785
2693,90472000,90470807,1193
2694,90494094,90493260,834
2695,90494094,90493260,834
2696,90494094,90493260,834
2697,91182794,91182752,42
2698,91317175,91297428,19747
2699,91487065,91447888,39177
2700,91487065,91447910,39155
2701,91487812,91447910,39902
2702,91487812,91447888,39924
2703,91813033,91809017,4016
2704,91866666,91866639,27
2705,91870426,91866639,3787
2706,91870426,91845703,24723
2707,91870426,91866626,3800
2708,91991321,91989992,1329
2709,91991321,91989992,1329
2710,91991321,91989992,1329
2711,91991321,91989992,1329
2712,91991321,91989992,1329
2713,92327603,92195432,132171
2714,92351836,92262963,88873
2715,92351836,92327088,24748
2716,92351836,92327088,24748
2717,92371559,92327088,44471
2718,92479985,92479831,154
2719,92479985,92479831,154
2720,92479985,92479831,154
2721,92479985,92479831,154
2722,92479985,92479831,154
2723,92479985,92479831,154
2724,92479985,92479831,154
2725,92529093,92528843,250
2726,92605329,92605072,257
2727,92613401,92613358,43
2728,92650280,92649887,393
2729,92650280,92649887,393
2730,92711367,92711231,136
2731,92711367,92711231,136
2732,92764566,92763556,1010
2733,92764566,92763556,1010
2734,92853732,92852568,1164
2735,92949356,92949044,312
2736,92951628,92949044,2584
2737,92952433,92949044,3389
2738,93257961,93257951,10
2739,93257961,93257951,10
2740,93306565,93306365,200
2741,93307481,93307422,59
2742,93307481,93307422,59
2743,93342152,93342020,132
2744,93342707,93341966,741
2745,93427079,93426986,93
2746,93427079,93426986,93
2747,93427079,93426986,93
2748,93427079,93426986,93
2749,93604638,93602584,2054
2750,93604638,93602584,2054
2751,93604638,93602584,2054
2752,93604638,93602584,2054
2753,93604638,93602584,2054
2754,93604638,93602584,2054
2755,93604638,93602584,2054
2756,93646246,93645799,447
2757,93646246,93645799,447
2758,93712511,93712511,0
2759,93730500,93730500,0
2760,93744287,93744034,253
2761,93828148,93826196,1952
2762,94020218,94017973,2245
2763,94020218,94017973,2245
2764,94020218,94016682,3536
2765,94020218,94017973,2245
2766,94050719,94049635,1084
2767,94050719,94049635,1084
2768,94079702,94079487,215
2769,94146926,94140486,6440
2770,94147394,94140486,6908
2771,94312706,94140486,172220
2772,94344762,94344704,58
2773,94344762,94342875,1887
2774,94375012,94374719,293
2775,94375012,94374719,293
2776,94476485,94476426,59
2777,94484228,94481410,2818
2778,94586705,94586601,104
2779,94586705,94586601,104
2780,94661497,94655618,5879
2781,94703307,94697167,6140
2782,94703307,94697167,6140
2783,94944260,94944106,154
2784,94984219,94982685,1534
2785,94984219,94982685,1534
2786,94984219,94982685,1534
2787,94984219,94982685,1534
2788,94984219,94982685,1534
2789,95007413,95007192,221
2790,95007413,95007192,221
2791,95360803,95360478,325
2792,95360803,95360478,325
2793,95360803,95360478,325
2794,95360803,95360478,325
2795,95360803,95360478,325
2796,95360803,95360478,325
2797,95360803,95360478,325
2798,95360803,95360478,325
2799,95391337,95369014,22323
2800,95392735,95392450,285
2801,95392735,95392450,285
2802,95538507,95538454,53
2803,95663161,95657424,5737
2804,95663161,95657424,5737
2805,95710509,95709806,703
2806,95710509,95710269,240
2807,95710509,95710269,240
2808,95712781,95712174,607
2809,95712781,95710269,2512
2810,95712781,95712426,355
2811,95712781,95712174,607
2812,95712781,95712426,355
2813,97239518,97236443,3075
2814,97279217,97278961,256
2815,97279217,97278961,256
2816,97279217,97278961,256
2817,97279217,97278961,256
2818,97279217,97278961,256
2819,97280605,97278961,1644
2820,97280605,97278961,1644
2821,97280605,97278961,1644
2822,98386615,98386478,137
2823,98386615,98386478,137
2824,99226056,99225687,369
2825,99226056,99225687,369
2826,99226056,99225687,369
2827,99470449,99470227,222
2828,99470449,99470227,222
2829,99775138,99772566,2572
2830,99775138,99772566,2572
2831,100160097,100159618,479
2832,100231349,100214324,17025
2833,100389579,100387207,2372
2834,100389579,100387207,2372
2835,100389579,100387207,2372
2836,100389579,100387207,2372
2837,100389579,100387207,2372
2838,100389579,100387207,2372
2839,100435404,100435135,269
2840,100492534,100488032,4502
2841,100492534,100487970,4564
2842,100492534,100488032,4502
2843,100492534,100488032,4502
2844,100548929,100547765,1164
2845,100598511,100598370,141
2846,100598511,100585997,12514
2847,100616054,100614376,1678
2848,100616054,100614212,1842
2849,100643829,100634072,9757
2850,100643829,100634072,9757
2851,100643829,100634072,9757
2852,100643829,100634072,9757
2853,100715409,100715376,33
2854,100715409,100684193,31216
2855,100715409,100715376,33
2856,100739511,100739012,499
2857,100758325,100757060,1265
2858,100758325,100757060,1265
2859,100856616,100856494,122
2860,100950926,100950022,904
2861,100965021,100964935,86
2862,100965021,100964935,86
2863,100965021,100964935,86
2864,100985833,100983836,1997
2865,100985833,100970447,15386
2866,101005677,101005677,0
2867,101007583,101005677,1906
2868,101204601,101203839,762
2869,101204601,101203839,762
2870,101204601,101203839,762
2871,101360735,101354313,6422
2872,101360735,101343425,17310
2873,101360735,101354313,6422
2874,101360735,101354313,6422
2875,101360735,101354313,6422
2876,101360735,101354313,6422
2877,101447311,101440413,6898
2878,101447311,101440413,6898
2879,101491362,101490999,363
2880,101491362,101490999,363
2881,101491362,101490999,363
2882,101491362,101487245,4117
2883,101491362,101487245,4117
2884,101705689,101705689,0
2885,101707076,101705689,1387
2886,101707076,101705689,1387
2887,102312600,102312529,71
2888,102462790,102462372,418
2889,102462790,102296374,166416
2890,103496800,103453262,43538
2891,103574052,103573734,318
2892,103574052,103573734,318
2893,103574052,103573734,318
2894,103574052,103573734,318
2895,104096306,104094402,1904
2896,104096306,104094402,1904
2897,104097859,104094402,3457
2898,104122149,104122122,27
2899,104122149,104122122,27
2900,104122149,104122122,27
2901,104162543,104162460,83
2902,104168400,104168368,32
2903,104207173,104207142,31
2904,104207173,104207142,31
2905,104238912,104238261,651
2906,104239073,104238261,812
2907,104262492,104262490,2
2908,104301311,104301280,31
2909,104301311,104301280,31
2910,107601916,107600465,1451
2911,107953207,107950338,2869
2912,108024475,108023462,1013
2913,108024475,108023462,1013
2914,108024475,108023462,1013
2915,108024475,108023462,1013
2916,108024475,108023424,1051
2917,108024475,108023539,936
2918,108220631,108185366,35265
2919,108231126,108231053,73
2920,108231126,108185366,45760
2921,108506218,108315383,190835
2922,108507545,108507491,54
2923,108507545,108507491,54
2924,108507545,108507491,54
2925,108735431,108735243,188
2926,108742980,108742760,220
2927,108786703,108786383,320
2928,108786703,108786383,320
2929,109013260,109013260,0
2930,109013260,109013260,0
2931,109181949,109177772,4177
2932,109203744,109202506,1238
2933,109204148,109202506,1642
2934,109204148,109202506,1642
2935,109244422,109242642,1780
2936,109244422,109242642,1780
2937,109244422,109242642,1780
2938,109285367,109284426,941
2939,109285367,109284426,941
2940,109319053,109319051,2
2941,109352148,109351499,649
2942,109399726,109395286,4440
2943,109473044,109472562,482
2944,109473044,109472562,482
2945,109476957,109472562,4395
2946,109493070,109493059,11
2947,109493070,109493059,11
2948,109493070,109493059,11
2949,109506121,109506096,25
2950,109506121,109493059,13062
2951,109506121,109493059,13062
2952,109506121,109493059,13062
2953,109560223,109560162,61
2954,109584850,109566134,18716
2955,109584850,109566134,18716
2956,109584850,109566134,18716
2957,109584850,109566134,18716
2958,109618624,109618569,55
2959,109639554,109637121,2433
2960,109655369,109655301,68
2961,109656479,109656299,180
2962,109743522,109743522,0
2963,109749403,109745634,3769
2964,109749403,109745576,3827
2965,109749403,109745634,3769
2966,109749403,109745634,3769
2967,109749403,109745634,3769
2968,109780804,109780510,294
2969,109818378,109816671,1707
2970,109825041,109824249,792
2971,109825747,109825320,427
2972,109825790,109825320,470
2973,109825790,109825320,470
2974,109825808,109825320,488
2975,109849663,109849613,50
2976,109849663,109849613,50
2977,109935979,109910061,25918
2978,109935979,109910061,25918
2979,109940563,109940514,49
2980,109969070,109968952,118
2981,109969070,109957907,11163
2982,109969081,109957907,11174
2983,109969108,109957907,11201
2984,110021304,110020694,610
2985,110021304,110020694,610
2986,110024764,110022170,2594
2987,110024764,110022170,2594
2988,110035420,110035222,198
2989,110035420,110035222,198
2990,110043063,110038881,4182
2991,110043063,110038881,4182
2992,110043063,110038489,4574
2993,110043063,110038397,4666
2994,110043063,110038881,4182
2995,110043063,110038881,4182
2996,110043063,110038881,4182
2997,110043063,110038881,4182
2998,110051534,110051534,0
2999,110052336,110051534,802
3000,110087000,110087000,0
3001,110088455,110087000,1455
3002,110138454,110134855,3599
3003,110155705,110155492,213
3004,110174677,110173774,903
3005,110174677,110173774,903
3006,110174677,110173774,903
3007,110174677,110173774,903
3008,110174677,110173774,903
3009,110174677,110173774,903
3010,110174677,110173774,903
3011,110199958,110199546,412
3012,110204331,110203876,455
3013,110204331,110203876,455
3014,110204331,110203876,455
3015,110208123,110207653,470
3016,110217908,110217458,450
3017,110217908,110217458,450
3018,110226619,110224439,2180
3019,110236367,110235917,450
3020,110236367,110235917,450
3021,110260883,110258027,2856
3022,110260890,110260048,842
3023,110283133,110282909,224
3024,110283660,110282909,751
3025,110283660,110282976,684
3026,110306644,110304371,2273
3027,110306644,110304371,2273
3028,110306644,110304371,2273
3029,110306644,110302452,4192
3030,110306644,110302452,4192
3031,110306644,110304371,2273
3032,110467824,110467811,13
3033,110469365,110467811,1554
3034,110473616,110467811,5805
3035,110473616,110467811,5805
3036,110566364,110564302,2062
3037,110566364,110564302,2062
3038,110566364,110564302,2062
3039,110566364,110564302,2062
3040,110566364,110564302,2062
3041,110597424,110596534,890
3042,110597424,110596534,890
3043,110597424,110596534,890
3044,110613322,110613234,88
3045,110656569,110655681,888
3046,110737566,110737467,99
3047,110744823,110741066,3757
3048,110766705,110766656,49
3049,110769166,110768940,226
3050,110776674,110775594,1080
3051,110776674,110774931,1743
3052,110885309,110884901,408
3053,110889303,110888231,1072
3054,110889303,110888976,327
3055,110933704,110931945,1759
3056,110933704,110931945,1759
3057,110933704,110931945,1759
3058,110933704,110931892,1812
3059,110933704,110931892,1812
3060,110933704,110931892,1812
3061,110950546,110950488,58
3062,110999976,110998973,1003
3063,111061797,111061409,388
3064,111147404,111147404,0
3065,111148975,111147404,1571
3066,111174096,111147404,26692
3067,111217655,111217431,224
3068,111442558,111441817,741
3069,111442558,111441817,741
3070,111442558,111441817,741
3071,111495583,111492733,2850
3072,111506566,111506310,256
3073,111506566,111492733,13833
3074,111682838,111674176,8662
3075,111682838,111674176,8662
3076,111703577,111702184,1393
3077,111727724,111726932,792
3078,111727724,111726932,792
3079,111727724,111726932,792
3080,111743325,111743081,244
3081,111747160,111746975,185
3082,111786062,111784986,1076
3083,111786062,111784986,1076
3084,111786062,111784986,1076
3085,111863188,111863088,100
3086,111863188,111863088,100
3087,111863188,111863088,100
3088,111863188,111863088,100
3089,111863188,111863088,100
3090,111863188,111863088,100
3091,111863188,111863088,100
3092,111863188,111863088,100
3093,111895639,111893949,1690
3094,111895639,111893949,1690
3095,111895639,111892844,2795
3096,111969690,111969138,552
3097,111970134,111959044,11090
3098,111970399,111970343,56
3099,111970399,111970343,56
3100,111991830,111991791,39
3101,111991830,111991791,39
3102,111991830,111991791,39
3103,112002258,112002258,0
3104,112004525,112003616,909
3105,112021134,112020745,389
3106,112046743,112045976,767
3107,112046743,112045976,767
3108,112106597,112106574,23
3109,112256101,112251857,4244
3110,112256101,112251857,4244
3111,112256101,112251857,4244
3112,112282046,112281864,182
3113,112298419,112298334,85
3114,112310199,112309521,678
3115,112310199,112309521,678
3116,112310199,112309521,678
3117,112531777,112525348,6429
3118,112531777,112525348,6429
3119,112541463,112539135,2328
3120,113003786,113000034,3752
3121,113063910,113063131,779
3122,113063910,113063131,779
3123,113063910,113063131,779
3124,113160839,113160638,201
3125,113161550,113140665,20885
3126,113161761,113161735,26
3127,113161761,113161735,26
3128,113161761,113161735,26
3129,113161761,113161735,26
3130,113162040,113161735,305
3131,113162040,113161735,305
3132,113162040,113161735,305
3133,113162040,113161735,305
3134,113214241,113212754,1487
3135,113239156,113238919,237
3136,113243357,113243169,188
3137,113243368,113243129,239
3138,113243368,113243129,239
3139,113243368,113243129,239
3140,113249678,113246421,3257
3141,113250025,113246421,3604
3142,113250025,113246421,3604
3143,113250025,113246421,3604
3144,113257913,113255593,2320
3145,113257950,113257923,27
3146,113269856,113269302,554
3147,113269856,113269262,594
3148,113498685,113471930,26755
3149,113498685,113471930,26755
3150,113498975,113471930,27045
3151,113667342,113666723,619
3152,113667342,113666723,619
3153,114224924,114224883,41
3154,114228545,114226636,1909
3155,114228545,114224883,3662
3156,114228545,114224883,3662
3157,114228545,114224883,3662
3158,114256060,114255954,106
3159,114257834,114255954,1880
3160,114301777,114301325,452
3161,114302098,114301325,773
3162,114355070,114355034,36
3163,114414375,114414245,130
3164,114414375,114414245,130
3165,114414375,114414245,130
3166,114414375,114414245,130
3167,114414375,114397110,17265
3168,114414375,114414245,130
3169,114414375,114414245,130
3170,114414375,114414245,130
3171,114414375,114414245,130
3172,114430169,114429997,172
3173,114430169,114429997,172
3174,114430169,114424502,5667
3175,114439764,114438970,794
3176,114443022,114443021,1
3177,114443859,114442657,1202
3178,114447525,114447339,186
3179,114447525,114447339,186
3180,114447525,114447339,186
3181,114447741,114445300,2441
3182,114447741,114447339,402
3183,114456694,114454779,1915
3184,114456708,114454813,1895
3185,114456708,114454813,1895
3186,114514698,114514660,38
3187,114520491,114516134,4357
3188,114520491,114516134,4357
3189,114520491,114516134,4357
3190,114520491,114516134,4357
3191,114520491,114516134,4357
3192,114524875,114524391,484
3193,114524875,114524391,484
3194,114524876,114524391,485
3195,114641887,114641759,128
3196,114695062,114682493,12569
3197,114696472,114682493,13979
3198,114949722,114949565,157
3199,114970516,114970495,21
3200,115006178,114970495,35683
3201,115053781,115053697,84
3202,115053781,115053697,84
3203,115124265,115124212,53
3204,115212732,115168605,44127
3205,115212732,115168605,44127
3206,115238239,115238191,48
3207,115238239,115238191,48
3208,115259515,115258781,734
3209,115300671,115284285,16386
3210,115300671,115282511,18160
3211,115300671,115284285,16386
3212,115300671,115282511,18160
3213,115300671,115282511,18160
3214,115300671,115282511,18160
3215,115323308,115323228,80
3216,115323308,115323228,80
3217,115323308,115322815,493
3218,115537990,115537640,350
3219,115537990,115537640,350
3220,115537990,115537640,350
3221,115576930,115576848,82
3222,115576930,115576848,82
3223,115632121,115632053,68
3224,115632121,115632053,68
3225,115829416,115829416,0
3226,115880857,115829416,51441
3227,116240845,116234000,6845
3228,116240845,116234000,6845
3229,116240845,116234000,6845
3230,116311426,116311162,264
3231,116311426,116311162,264
3232,116380993,116380993,0
3233,116383333,116380993,2340
3234,116383747,116380993,2754
3235,116574511,116574033,478
3236,116612675,116609729,2946
3237,116677861,116675986,1875
3238,116928766,116927599,1167
3239,116946597,116946596,1
3240,116947396,116947066,330
3241,116947396,116947066,330
3242,116947396,116947066,330
3243,117113715,117113594,121
3244,117113715,117113594,121
3245,117113715,117113594,121
3246,117150953,117150804,149
3247,117209578,117208948,630
3248,117210377,117208948,1429
3249,117308084,117307305,779
3250,117308084,117307162,922
3251,117311851,117311405,446
3252,117532972,117529589,3383
3253,117579173,117576723,2450
3254,117579173,117576723,2450
3255,117579173,117576723,2450
3256,117579173,117576723,2450
3257,117624997,117624697,300
3258,117645491,117644146,1345
3259,117664411,117663823,588
3260,117664411,117663823,588
3261,117746458,117699355,47103
3262,117753582,117753477,105
3263,117753582,117699355,54227
3264,117753582,117753477,105
3265,118042176,118042176,0
3266,118068320,118065579,2741
3267,118166666,118166666,0
3268,118171011,118166666,4345
3269,118472302,118462980,9322
3270,118472302,118462980,9322
3271,118484470,118484468,2
3272,118503049,118502070,979
3273,118550821,118550783,38
3274,118623942,118623895,47
3275,118727848,118727780,68
3276,119441748,119441729,19
3277,119532179,119474342,57837
3278,119682973,119619038,63935
3279,119682973,119619038,63935
3280,119683295,119683267,28
3281,119683295,119683267,28
3282,119683295,119683267,28
3283,119683295,119683267,28
3284,119936751,119936463,288
3285,119936751,119936463,288
3286,119965662,119965243,419
3287,119965662,119965243,419
3288,119965662,119965243,419
3289,119989122,119985862,3260
3290,120057681,120057268,413
3291,120057681,120057268,413
3292,120190390,120168723,21667
3293,120277604,120277535,69
3294,120286849,120286663,186
3295,120286849,120286663,186
3296,120286849,120286663,186
3297,120301905,120301888,17
3298,120307249,120307077,172
3299,120311555,120311467,88
3300,120311555,120311467,88
3301,120354203,120351392,2811
3302,120354203,120351392,2811
3303,120354203,120351392,2811
3304,120387503,120387158,345
3305,120439147,120438959,188
3306,120594328,120572566,21762
3307,120612317,120612020,297
3308,120612317,120612020,297
3309,120612317,120548117,64200
3310,120855681,120854586,1095
3311,120855681,120854586,1095
3312,120935944,120935894,50
3313,120935944,120935894,50
3314,120935944,120935894,50
3315,120935944,120935894,50
3316,121129827,121129716,111
3317,121313686,121310591,3095
3318,142826645,142826599,46
3319,143767881,143767848,33
3320,143913143,143912295,848
3321,143913143,143912295,848
3322,144094477,144094454,23
3323,144167711,144167709,2
3324,144186823,144186821,2
3325,144201052,144201051,1
3326,144209025,144209024,1
3327,144223374,144223372,2
3328,144223374,144223372,2
3329,144364246,144364171,75
3330,144822084,144822083,1
3331,144827928,144827926,2
3332,144827928,144827926,2
3333,144830407,144828784,1623
3334,144830407,144828784,1623
3335,144830407,144828784,1623
3336,144830407,144828784,1623
3337,144830407,144828784,1623
3338,144830407,144828784,1623
3339,144830407,144828784,1623
3340,144830407,144828784,1623
3341,144830407,144828784,1623
3342,144830407,144828784,1623
3343,144868172,144867999,173
3344,144894125,144886254,7871
3345,144922047,144917872,4175
3346,144932032,144931708,324
3347,144995033,144994731,302
3348,144995033,144994731,302
3349,144995033,144994731,302
3350,144995033,144994731,302
3351,144995033,144994731,302
3352,144995033,144994731,302
3353,144995082,144994994,88
3354,144995082,144994994,88
3355,144997111,144994635,2476
3356,145039992,144994635,45357
3357,145039992,145039609,383
3358,145039992,145039609,383
3359,145076186,145075862,324
3360,145076186,145075862,324
3361,145076186,145075862,324
3362,145116997,145115889,1108
3363,145285912,145282031,3881
3364,145285912,145282031,3881
3365,145285912,145282031,3881
3366,145291654,145290487,1167
3367,145304652,145304651,1
3368,145311154,145311154,0
3369,145334792,145334790,2
3370,145339512,145339510,2
3371,145344236,145344234,2
3372,145353680,145353678,2
3373,145353680,145353678,2
3374,145358412,145358410,2
3375,145370304,145368684,1620
3376,145370304,145368684,1620
3377,145370304,145368684,1620
3378,145370304,145368684,1620
3379,145370304,145368684,1620
3380,145370304,145368684,1620
3381,145416936,145416936,0
3382,145417545,145416936,609
3383,145417545,145416936,609
3384,145417545,145416936,609
3385,145417545,145416936,609
3386,145442628,145441218,1410
3387,145442628,145441218,1410
3388,145470387,145460222,10165
3389,145474819,145474819,0
3390,145475647,145474819,828
3391,145499091,145498778,313
3392,145513535,145509211,4324
3393,145513535,145509211,4324
3394,145515899,145510794,5105
3395,145515899,145515697,202
3396,145523732,145522919,813
3397,145523732,145522919,813
3398,145523732,145522919,813
3399,145523732,145522919,813
3400,145523732,145522919,813
3401,145529319,145528354,965
3402,145543868,145542278,1590
3403,145543868,145542278,1590
3404,145543868,145542278,1590
3405,145543868,145542278,1590
3406,145563099,145563099,0
3407,145568526,145567756,770
3408,145580662,145580418,244
3409,145586546,145585622,924
3410,145586546,145585622,924
3411,145589435,145589427,8
3412,145590461,145589427,1034
3413,145610627,145610584,43
3414,145610884,145609336,1548
3415,145610884,145609336,1548
3416,145688776,145688220,556
3417,145715565,145706758,8807
3418,145715565,145706758,8807
3419,145764206,145763623,583
3420,145764206,145763623,583
3421,145764206,145763623,583
3422,145788795,145787774,1021
3423,145826450,145818793,7657
3424,145827103,145818793,8310
3425,145827103,145811396,15707
3426,145827103,145826929,174
3427,145827103,145816683,10420
3428,145827103,145826929,174
3429,145924049,145923443,606
3430,145934507,145934483,24
3431,146057622,146057327,295
3432,146057734,146057449,285
3433,146068252,146057327,10925
3434,146082765,146066241,16524
3435,146450973,146450971,2
3436,146460493,146460491,2
3437,146467744,146466121,1623
3438,146467744,146466121,1623
3439,146467744,146466121,1623
3440,146467744,146466121,1623
3441,146514599,146496448,18151
3442,146644129,146643723,406
3443,146644129,146643644,485
3444,146644129,146643644,485
3445,146644129,146643723,406
3446,146651528,146651078,450
3447,146697230,146696621,609
3448,146697230,146696621,609
3449,146697230,146696621,609
3450,146697230,146696621,609
3451,146757164,146757162,2
3452,146767447,146767190,257
3453,146767447,146767190,257
3454,146767447,146767190,257
3455,146767447,146767190,257
3456,146767447,146767190,257
3457,146767447,146767190,257
3458,146767447,146767190,257
3459,147096757,147096757,0
3460,147098015,147096760,1255
3461,147142634,147142170,464
3462,147142634,147142170,464
3463,147231346,147231346,0
3464,147232714,147231346,1368
3465,147245484,147231346,14138
3466,147381384,147381384,0
3467,147381395,147381384,11
3468,147465025,147464973,52
3469,147465755,147465149,606
3470,147465755,147465149,606
3471,147465755,147465149,606
3472,147465755,147465149,606
3473,147465755,147465149,606
3474,147465755,147465149,606
3475,147465755,147465149,606
3476,147599459,147599164,295
3477,147599571,147599286,285
3478,147610088,147599164,10924
3479,147624601,147608077,16524
3480,147955419,147955344,75
3481,148023132,148023128,4
3482,148025863,148025831,32
3483,148202536,148202461,75
3484,148258489,148256699,1790
3485,148267126,148266223,903
3486,148267126,148266223,903
3487,148268013,148266223,1790
3488,148269609,148266223,3386
3489,148271900,148270995,905
3490,148274381,148270995,3386
3491,148277551,148261463,16088
3492,148280742,148261463,19279
3493,148291011,148290108,903
3494,148293492,148290108,3384
3495,148295781,148294878,903
3496,148298262,148294878,3384
3497,148300551,148299648,903
3498,148303022,148299648,3374
3499,148305311,148304408,903
3500,148310085,148309182,903
3501,148317326,148309182,8144
3502,148320506,148304408,16098
3503,148322078,148318716,3362
3504,148322078,148313944,8134
3505,148325254,148318716,6538
3506,148326848,148318716,8132
3507,148335740,148335736,4
3508,148335752,148335736,16
3509,148336277,148335736,541
3510,148337532,148335736,1796
3511,148338469,148338437,32
3512,148342006,148340412,1594
3513,148346791,148024833,321958
3514,148346791,148346756,35
3515,148346929,148024833,322096
3516,148346929,148346756,173
3517,148346929,148346756,173
3518,148346929,148335555,11374
3519,148346929,148346756,173
3520,148346929,148346756,173
3521,148346929,148346634,295
3522,148596267,148594640,1627
3523,148596267,148594640,1627
3524,148644795,148644580,215
3525,148758311,148756684,1627
3526,148758311,148756684,1627
3527,148806799,148806584,215
3528,149291742,149279848,11894
3529,149553787,149553572,215
3530,149764074,149763073,1001
3531,149765367,149764764,603
3532,149783928,149783878,50
3533,149783928,149783878,50
3534,149783928,149783878,50
3535,149785236,149785236,0
3536,149804616,149804560,56
3537,149812765,149812729,36
3538,149814318,149814265,53
3539,149822340,149822340,0
3540,149823161,149823073,88
3541,149824687,149824627,60
3542,149832725,149832697,28
3543,149858232,149858190,42
3544,149858961,149858914,47
3545,149859466,149859466,0
3546,149872026,149872026,0
3547,149872348,149872026,322
3548,149878523,149878442,81
3549,149889434,149885392,4042
3550,149889434,149885392,4042
3551,149899962,149899651,311
3552,149900144,149899651,493
3553,149907028,149906413,615
3554,149908266,149908057,209
3555,149908278,149908104,174
3556,149908791,149908540,251
3557,149943179,149943161,18
3558,149982686,149949445,33241
3559,150054079,150053506,573
3560,150065744,150065742,2
3561,150117505,150116974,531
3562,150117505,150116974,531
3563,150117505,150117099,406
3564,150117505,150116974,531
3565,150131825,150131718,107
3566,150131825,150131718,107
3567,150131825,150131718,107
3568,150131841,150131718,123
3569,150207026,150204174,2852
3570,150208504,150208134,370
3571,150208504,150208134,370
3572,150208504,150208134,370
3573,150208504,150208134,370
3574,150237480,150237059,421
3575,150241609,150241210,399
3576,150241609,150241210,399
3577,150241609,150241210,399
3578,150241609,150241210,399
3579,150241609,150240125,1484
3580,150253335,150252149,1186
3581,150253335,150252149,1186
3582,150253335,150253311,24
3583,150259501,150259366,135
3584,150259501,150259366,135
3585,150259501,150259366,135
3586,150280819,150280662,157
3587,150280819,150280662,157
3588,150301344,150300937,407
3589,150325704,150325455,249
3590,150325704,150325455,249
3591,150325704,150325455,249
3592,150446032,150444447,1585
3593,150449041,150445810,3231
3594,150449041,150445810,3231
3595,150480085,150479540,545
3596,150480085,150479540,545
3597,150480085,150479540,545
3598,150480085,150479540,545
3599,150480085,150479540,545
3600,150480085,150479540,545
3601,150484220,150483692,528
3602,150484220,150483692,528
3603,150486265,150485943,322
3604,150486265,150485943,322
3605,150486265,150485943,322
3606,150486265,150485943,322
3607,150531223,150531200,23
3608,150533412,150532672,740
3609,150533412,150532672,740
3610,150533412,150532672,740
3611,150533412,150532672,740
3612,150552086,150551676,410
3613,150552214,150552006,208
3614,150552214,150552006,208
3615,150552214,150552006,208
3616,150601609,150601581,28
3617,150601609,150601581,28
3618,150601609,150601581,28
3619,150602098,150601946,152
3620,150602098,150601946,152
3621,150602098,150601946,152
3622,150602098,150601946,152
3623,150602098,150601946,152
3624,150602098,150601946,152
3625,150602098,150601946,152
3626,150669672,150667314,2358
3627,150669672,150667314,2358
3628,150693364,150691981,1383
3629,150693364,150691981,1383
3630,150693364,150689642,3722
3631,150738433,150737239,1194
3632,150738433,150737239,1194
3633,150780917,150779281,1636
3634,150789924,150789881,43
3635,150849244,150849043,201
3636,150849244,150849043,201
3637,150849244,150849043,201
3638,150849244,150830934,18310
3639,150849244,150849043,201
3640,150849244,150849043,201
3641,150849244,150830924,18320
3642,150917797,150917638,159
3643,150923566,150923564,2
3644,150936323,150936322,1
3645,150937220,150936840,380
3646,150937220,150936840,380
3647,150947479,150941566,5913
3648,150947479,150941566,5913
3649,150947479,150940313,7166
3650,150968114,150967798,316
3651,150979273,150974808,4465
3652,150979273,150974667,4606
3653,150980095,150974667,5428
3654,150980225,150975093,5132
3655,150980854,150978631,2223
3656,150980854,150975093,5761
3657,151008189,151006710,1479
3658,151008189,151006710,1479
3659,151008189,151006710,1479
3660,151008189,151006710,1479
3661,151008189,151006710,1479
3662,151020076,151019163,913
3663,151020076,151019163,913
3664,151021743,151021343,400
3665,151023871,151022934,937
3666,151032125,151028206,3919
3667,151032125,151028206,3919
3668,151039973,151039973,0
3669,151040973,151039973,1000
3670,151076151,151076150,1
3671,151091007,151090732,275
3672,151091007,151090443,564
3673,151119140,151115097,4043
3674,151119140,151115097,4043
3675,151119140,151115097,4043
3676,151131728,151131728,0
3677,151132225,151131728,497
3678,151138370,151137734,636
3679,151138424,151138258,166
3680,151140384,151139981,403
3681,151142773,151141561,1212
3682,151142773,151141561,1212
3683,151142773,151141561,1212
3684,151144833,151144822,11
3685,151148547,151147351,1196
3686,151148547,151147351,1196
3687,151162689,151162597,92
3688,151162689,151162597,92
3689,151162689,151162597,92
3690,151162689,151162597,92
3691,151219441,151219441,0
3692,151222007,151220341,1666
3693,151222007,151220341,1666
3694,151222007,151220341,1666
3695,151222007,151220341,1666
3696,151222007,151220423,1584
3697,151239954,151239819,135
3698,151260882,151260882,0
3699,151264381,151263685,696
3700,151264381,151263685,696
3701,151264381,151263222,1159
3702,151300191,151298655,1536
3703,151300191,151288957,11234
3704,151300191,151288957,11234
3705,151300191,151280235,19956
3706,151300191,151288957,11234
3707,151319769,151318796,973
3708,151319769,151318796,973
3709,151319769,151318796,973
3710,151345210,151342375,2835
3711,151345210,151345117,93
3712,151345210,151345117,93
3713,151345210,151341647,3563
3714,151373603,151373074,529
3715,151374412,151374305,107
3716,151414681,151414680,1
3717,151431941,151414680,17261
3718,151431941,151414680,17261
3719,151431941,151414680,17261
3720,151431941,151414680,17261
3721,151431941,151414680,17261
3722,151431941,151396023,35918
3723,151431941,151414680,17261
3724,151511167,151509822,1345
3725,151556059,151554183,1876
3726,151556059,151554183,1876
3727,151556059,151554183,1876
3728,151556059,151554183,1876
3729,151666487,151666077,410
3730,151666977,151666893,84
3731,151671559,151666077,5482
3732,151671559,151666077,5482
3733,151680411,151680321,90
3734,151688792,151688098,694
3735,151689059,151688496,563
3736,151689059,151688496,563
3737,151689278,151682267,7011
3738,151689278,151688496,782
3739,151689290,151688496,794
3740,151689290,151688496,794
3741,151702082,151701312,770
3742,151736040,151735955,85
3743,151736040,151735955,85
3744,151736040,151735955,85
3745,151743806,151743695,111
3746,151743806,151743695,111
3747,151762964,151755498,7466
3748,151763010,151751371,11639
3749,151763010,151755498,7512
3750,151763010,151755498,7512
3751,151763010,151755498,7512
3752,151763010,151755498,7512
3753,151763010,151751371,11639
3754,151775180,151775180,0
3755,151777882,151775180,2702
3756,151798553,151798412,141
3757,151804348,151804240,108
3758,151804348,151803605,743
3759,151804348,151804240,108
3760,151811465,151811465,0
3761,151813033,151811465,1568
3762,151826173,151826041,132
3763,151882361,151881934,427
3764,151966714,151958706,8008
3765,152009511,152009391,120
3766,152061540,152060619,921
3767,152087930,152086556,1374
3768,152117706,152086556,31150
3769,152131704,152130365,1339
3770,152196672,152195729,943
3771,152297679,152287932,9747
3772,152332482,152331360,1122
3773,152386750,152384709,2041
3774,152484367,152484367,0
3775,152484653,152484367,286
3776,152488159,152488159,0
3777,152488481,152488159,322
3778,152538684,152538684,0
3779,152539229,152538684,545
3780,152552412,152552412,0
3781,152552980,152552412,568
3782,152573562,152573492,70
3783,152586574,152586574,0
3784,152595579,152595579,0
3785,152636914,152636914,0
3786,152637135,152636914,221
3787,152648824,152648824,0
3788,152649049,152648824,225
3789,152659652,152659652,0
3790,152659876,152659652,224
3791,152671698,152671698,0
3792,152671918,152671698,220
3793,152681910,152681851,59
3794,152692905,152692750,155
3795,152733804,152733804,0
3796,152734529,152733804,725
3797,152749445,152749204,241
3798,152760132,152760132,0
3799,152760901,152760132,769
3800,152770615,152770615,0
3801,152770657,152770615,42
3802,152777954,152777954,0
3803,152779107,152777954,1153
3804,152779107,152777954,1153
3805,152785585,152785279,306
3806,152800573,152800281,292
3807,152816239,152816239,0
3808,152816459,152816239,220
3809,152857249,152857249,0
3810,152857523,152857249,274
3811,152884031,152884031,0
3812,152884362,152884031,331
3813,152944606,152944606,0
3814,152945069,152944606,463
3815,152957976,152957976,0
3816,152958290,152957976,314
3817,152958290,152957976,314
3818,152976006,152976006,0
3819,152976332,152976006,326
3820,152976332,152976006,326
3821,152976332,152976006,326
3822,153005091,153005091,0
3823,153005376,153005091,285
3824,153012822,153012822,0
3825,153013594,153012822,772
3826,153029211,153029211,0
3827,153029988,153029211,777
3828,153044084,153043315,769
3829,153066227,153066227,0
3830,153067001,153066227,774
3831,153085209,153085209,0
3832,153085989,153085209,780
3833,153122586,153122586,0
3834,153123427,153122586,841
3835,153177480,153177480,0
3836,153177601,153177480,121
3837,153190971,153190971,0
3838,153191793,153190971,822
3839,153234364,153234364,0
3840,153234600,153234364,236
3841,153283194,153283141,53
3842,153321022,153320408,614
3843,153321022,153320408,614
3844,153333503,153333314,189
3845,153348075,153347068,1007
3846,153363664,153363011,653
3847,153395701,153391785,3916
3848,153412503,153412425,78
3849,153433137,153431489,1648
3850,153508717,153507815,902
3851,153514241,153512667,1574
3852,153518282,153517270,1012
3853,153518282,153517270,1012
3854,153521734,153520961,773
3855,153538306,153536350,1956
3856,153585514,153580627,4887
3857,153588808,153588334,474
3858,153599539,153598948,591
3859,153599744,153598948,796
3860,153599744,153598948,796
3861,153600117,153598948,1169
3862,153600713,153598948,1765
3863,153604513,153604317,196
3864,153606568,153598948,7620
3865,153611374,153611002,372
3866,153615872,153614925,947
3867,153618782,153617745,1037
3868,153618782,153617745,1037
3869,153618782,153617551,1231
3870,153618782,153617745,1037
3871,153634328,153633777,551
3872,153643504,153641027,2477
3873,153643504,153643398,106
3874,153643504,153641027,2477
3875,153666468,153665890,578
3876,153666468,153665890,578
3877,153666468,153665890,578
3878,153746555,153745746,809
3879,153746555,153745746,809
3880,153746555,153745746,809
3881,153746555,153745746,809
3882,153746555,153745746,809
3883,153746555,153745746,809
3884,153746555,153745746,809
3885,153746555,153745746,809
3886,153746555,153745746,809
3887,153752633,153752478,155
3888,153895451,153800823,94628
3889,153919154,153916850,2304
3890,153926792,153924505,2287
3891,153931132,153930973,159
3892,153935844,153935191,653
3893,153935955,153935191,764
3894,153935968,153935191,777
3895,153936117,153935191,926
3896,153936117,153935191,926
3897,153940208,153935191,5017
3898,153940660,153935191,5469
3899,153941641,153941283,358
3900,153942219,153941840,379
3901,153946840,153946541,299
3902,153946840,153946541,299
3903,153946840,153946541,299
3904,153946840,153946541,299
3905,153946840,153946541,299
3906,153946840,153946541,299
3907,153950451,153949728,723
3908,153957842,153955999,1843
3909,153958853,153958712,141
3910,153958853,153955999,2854
3911,153958853,153958712,141
3912,153964631,153964569,62
3913,154108448,154027275,81173
3914,154127592,154127520,72
3915,154127592,154127520,72
3916,154145153,154144990,163
3917,154150697,154145673,5024
3918,154155682,154145673,10009
3919,154155725,154155595,130
3920,154155725,154155595,130
3921,154155725,154155595,130
3922,154155725,154155595,130
3923,154155725,154155595,130
3924,154155725,154155595,130
3925,154155725,154155531,194
3926,154155725,154155595,130
3927,154164611,154164494,117
3928,154178841,154178783,58
3929,154193273,154192883,390
3930,154193273,154192883,390
3931,154193273,154192883,390
3932,154193273,154192883,390
3933,154193273,154192883,390
3934,154207214,154207213,1
3935,154207214,154207213,1
3936,154235980,154235628,352
3937,154235980,154235628,352
3938,154235980,154235628,352
3939,154243329,154242771,558
3940,154243329,154242771,558
3941,154243986,154243395,591
3942,154243986,154243395,591
3943,154248355,154248177,178
3944,154248355,154248177,178
3945,154248355,154248177,178
3946,154248355,154248177,178
3947,154297801,154296956,845
3948,154310020,154310018,2
3949,154310322,154310150,172
3950,154323780,154321594,2186
3951,154410561,154410020,541
3952,154441926,154437856,4070
3953,154441926,154437641,4285
3954,154474526,154474502,24
3955,154520623,154520186,437
3956,154520623,154520033,590
3957,154520623,154520033,590
3958,154531120,154531029,91
3959,154552353,154548408,3945
3960,154578494,154574232,4262
3961,154578776,154574232,4544
3962,154580724,154580482,242
3963,154580724,154580482,242
3964,154580724,154580482,242
3965,154580724,154580482,242
3966,154600456,154574232,26224
3967,154832338,154832188,150
3968,154840795,154794654,46141
3969,154842754,154842440,314
3970,154842754,154842440,314
3971,154842754,154842440,314
3972,154909484,154909161,323
3973,154928567,154926197,2370
3974,154928567,154924361,4206
3975,154928567,154920786,7781
3976,154934258,154934052,206
3977,154941090,154941033,57
3978,154943223,154943002,221
3979,154943223,154943002,221
3980,154946959,154942672,4287
3981,154946959,154942672,4287
3982,154951725,154951253,472
3983,154961390,154961390,0
3984,154961488,154961390,98
3985,154963682,154962740,942
3986,154965587,154965513,74
3987,154965587,154965266,321
3988,154965587,154965513,74
3989,154965587,154965138,449
3990,154966269,154966269,0
3991,154966791,154966269,522
3992,154991001,154989161,1840
3993,154991001,154989161,1840
3994,154991001,154989161,1840
3995,154991001,154989161,1840
3996,154991001,154989161,1840
3997,154991001,154989161,1840
3998,155006257,155006177,80
3999,155018962,155018961,1
4000,155023406,155023344,62
4001,155023406,155023344,62
4002,155031159,155030950,209
4003,155034181,155033992,189
4004,155035252,155034978,274
4005,155035252,155034832,420
4006,155035252,155034978,274
4007,155035252,155034978,274
4008,155035252,155034978,274
4009,155035252,155034978,274
4010,155035252,155034978,274
4011,155035252,155034978,274
4012,155035252,155034832,420
4013,155036467,155021825,14642
4014,155042029,155041649,380
4015,155042029,155041465,564
4016,155042029,155041587,442
4017,155060014,155059019,995
4018,155060014,155059019,995
4019,155060014,155059019,995
4020,155107386,155106543,843
4021,155107386,155106543,843
4022,155111334,155110757,577
4023,155111334,155110757,577
4024,155111334,155110757,577
4025,155112883,155112806,77
4026,155112996,155112716,280
4027,155145804,155145778,26
4028,155145804,155145778,26
4029,155148927,155148266,661
4030,155153071,155152978,93
4031,155154625,155154623,2
4032,155157427,155156349,1078
4033,155157447,155156666,781
4034,155157447,155156666,781
4035,155157447,155156666,781
4036,155157447,155156666,781
4037,155157447,155156666,781
4038,155161398,155160641,757
4039,155161428,155160641,787
4040,155162101,155160641,1460
4041,155162684,155160641,2043
4042,155162684,155160641,2043
4043,155162684,155162056,628
4044,155162684,155162278,406
4045,155162684,155160641,2043
4046,155162684,155162278,406
4047,155162684,155162278,406
4048,155162684,155162278,406
4049,155162684,155160641,2043
4050,155162706,155162634,72
4051,155162706,155162634,72
4052,155162706,155162634,72
4053,155162706,155162634,72
4054,155162706,155162634,72
4055,155162706,155162634,72
4056,155162706,155162634,72
4057,155162706,155162634,72
4058,155162706,155162634,72
4059,155162706,155162634,72
4060,155162706,155162634,72
4061,155162706,155162634,72
4062,155162706,155162634,72
4063,155162706,155162634,72
4064,155162706,155161978,728
4065,155162706,155162056,650
4066,155162706,155162056,650
4067,155162706,155162634,72
4068,155162706,155162634,72
4069,155162706,155162634,72
4070,155162706,155162634,72
4071,155162706,155162634,72
4072,155162706,155162634,72
4073,155162706,155162634,72
4074,155162706,155159750,2956
4075,155162706,155162056,650
4076,155162706,155162056,650
4077,155162706,155160641,2065
4078,155162706,155160641,2065
4079,155162706,155162056,650
4080,155162706,155162634,72
4081,155162706,155162634,72
4082,155162706,155162056,650
4083,155162706,155162056,650
4084,155162706,155162056,650
4085,155162706,155162056,650
4086,155162706,155160641,2065
4087,155162706,155162056,650
4088,155162706,155160641,2065
4089,155162706,155162634,72
4090,155162706,155162634,72
4091,155162706,155162634,72
4092,155162706,155162634,72
4093,155162706,155162634,72
4094,155162706,155162056,650
4095,155162706,155162634,72
4096,155162706,155162634,72
4097,155162706,155162634,72
4098,155162706,155162634,72
4099,155162706,155162634,72
4100,155171825,155169803,2022
4101,155177772,155177667,105
4102,155177772,155177667,105
4103,155177772,155170911,6861
4104,155177772,155177667,105
4105,155178969,155176162,2807
4106,155183624,155183489,135
4107,155183624,155183489,135
4108,155188809,155188665,144
4109,155197325,155194669,2656
4110,155197325,155187135,10190
4111,155204236,155204234,2
4112,155211069,155210903,166
4113,155211069,155210903,166
4114,155211069,155210903,166
4115,155214653,155210903,3750
4116,155214653,155210903,3750
4117,155214653,155209722,4931
4118,155214653,155209722,4931
4119,155221696,155221615,81
4120,155225274,155224668,606
4121,155225274,155224668,606
4122,155225274,155224668,606
4123,155225274,155224668,606
4124,155232176,155231942,234
4125,155232176,155231942,234
4126,155243281,155240768,2513
4127,155243281,155240768,2513
4128,155243281,155236673,6608
4129,155247501,155240768,6733
4130,155258498,155258254,244
4131,155259639,155258254,1385
4132,155270792,155270678,114
4133,155270792,155269979,813
4134,155271225,155271186,39
4135,155290457,155290400,57
4136,155290457,155290400,57
4137,155290457,155290400,57
4138,155290457,155290400,57
4139,155290457,155290400,57
4140,155293938,155291279,2659
4141,155300909,155300362,547
4142,155300909,155300362,547
4143,155300909,155300362,547
4144,155300909,155300362,547
4145,155300909,155300362,547
4146,155300909,155300362,547
4147,155300909,155300362,547
4148,155300909,155300362,547
4149,155300909,155300362,547
4150,155300909,155300362,547
4151,155404053,155403853,200
4152,155532324,155491310,41014
4153,155532324,155491310,41014
4154,155532585,155491310,41275
4155,155533735,155533022,713
4156,155533735,155533354,381
4157,155584758,155584064,694
4158,155584758,155584064,694
4159,155584758,155584064,694
4160,155584758,155584064,694
4161,155584758,155584064,694
4162,155584758,155584064,694
4163,155584758,155584064,694
4164,155584758,155584064,694
4165,155584758,155583991,767
4166,155584758,155584064,694
4167,155646537,155646464,73
4168,155649620,155649291,329
4169,155658447,155649291,9156
4170,155658447,155658255,192
4171,155658447,155658255,192
4172,155658447,155658255,192
4173,155658447,155658255,192
4174,155658568,155650227,8341
4175,155658568,155649291,9277
4176,155658568,155649291,9277
4177,155658568,155642432,16136
4178,155658568,155638447,20121
4179,155658568,155649291,9277
4180,155658568,155650227,8341
4181,155658568,155650227,8341
4182,155658823,155646464,12359
4183,155658823,155658767,56
4184,155658823,155650227,8596
4185,155658823,155658767,56
4186,155708800,155708033,767
4187,155708800,155708033,767
4188,155708800,155708033,767
4189,155708800,155708033,767
4190,155708800,155708033,767
4191,155717687,155717687,0
4192,155718322,155717741,581
4193,155720673,155719928,745
4194,155746272,155742939,3333
4195,155755165,155755145,20
4196,155774932,155774929,3
4197,155791339,155791309,30
4198,155796819,155796808,11
4199,155826972,155823571,3401
4200,155826972,155823571,3401
4201,155827008,155823571,3437
4202,155827008,155823571,3437
4203,155827008,155823571,3437
4204,155827008,155784159,42849
4205,155829191,155823571,5620
4206,155854990,155851299,3691
4207,155854990,155851299,3691
4208,155880706,155880676,30
4209,155881193,155880552,641
4210,155881193,155880295,898
4211,155904188,155904164,24
4212,155904188,155904164,24
4213,155904188,155904164,24
4214,155904188,155904164,24
4215,155904188,155904164,24
4216,155912625,155912625,0
4217,155921063,155921036,27
4218,155947966,155939073,8893
4219,155948336,155948218,118
4220,155948336,155948218,118
4221,155949081,155939073,10008
4222,155959290,155955186,4104
4223,155959864,155955186,4678
4224,155990758,155989958,800
4225,155990758,155990735,23
4226,156023516,156023492,24
4227,156023516,156023492,24
4228,156028605,156028162,443
4229,156028605,156028162,443
4230,156040295,156040078,217
4231,156051789,156051789,0
4232,156107058,156106231,827
4233,156108548,156107555,993
4234,156108548,156107555,993
4235,156108548,156107555,993
4236,156108548,156107555,993
4237,156109880,156108897,983
4238,156109880,156108897,983
4239,156109880,156108897,983
4240,156109880,156109630,250
4241,156109880,156108897,983
4242,156147542,156146788,754
4243,156147542,156146788,754
4244,156147542,156146788,754
4245,156147542,156146788,754
4246,156147542,156146788,754
4247,156182587,156180222,2365
4248,156182587,156180222,2365
4249,156182587,156180222,2365
4250,156182587,156180222,2365
4251,156207082,156206440,642
4252,156209868,156209378,490
4253,156209868,156209392,476
4254,156209868,156209392,476
4255,156213123,156212874,249
4256,156213123,156212585,538
4257,156213123,156212874,249
4258,156213123,156212585,538
4259,156213123,156212953,170
4260,156215778,156214644,1134
4261,156217908,156216522,1386
4262,156217908,156215437,2471
4263,156217908,156214644,3264
4264,156217908,156214644,3264
4265,156217908,156214644,3264
4266,156217908,156215639,2269
4267,156217908,156216522,1386
4268,156217908,156216020,1888
4269,156217908,156216522,1386
4270,156217908,156214644,3264
4271,156217908,156214644,3264
4272,156217908,156216522,1386
4273,156217908,156215639,2269
4274,156217908,156215639,2269
4275,156252620,156252471,149
4276,156262234,156261389,845
4277,156262234,156261389,845
4278,156262234,156261389,845
4279,156265480,156265436,44
4280,156265480,156265436,44
4281,156265480,156264684,796
4282,156265480,156265436,44
4283,156265480,156265436,44
4284,156269428,156268980,448
4285,156308206,156304664,3542
4286,156308206,156304664,3542
4287,156308206,156307975,231
4288,156308206,156307975,231
4289,156308206,156304664,3542
4290,156316785,156316773,12
4291,156316785,156316773,12
4292,156316785,156316773,12
4293,156352660,156352069,591
4294,156355013,156354637,376
4295,156355013,156354637,376
4296,156355013,156354637,376
4297,156355013,156354585,428
4298,156377645,156377512,133
4299,156399340,156386631,12709
4300,156460391,156453084,7307
4301,156470634,156453084,17550
4302,156470634,156453084,17550
4303,156470634,156453084,17550
4304,156542396,156542321,75
4305,156542396,156536334,6062
4306,156556562,156556342,220
4307,156562558,156561978,580
4308,156564091,156563876,215
4309,156564091,156563848,243
4310,156564091,156563876,215
4311,156566601,156563876,2725
4312,156571279,156571231,48
4313,156571279,156568838,2441
4314,156593952,156593951,1
4315,156594259,156593466,793
4316,156595517,156595176,341
4317,156623264,156622758,506
4318,156629324,156628926,398
4319,156640747,156640733,14
4320,156647189,156647056,133
4321,156675459,156675238,221
4322,156675608,156675238,370
4323,156697705,156697444,261
4324,156698211,156697444,767
4325,156706752,156706545,207
4326,156706752,156706436,316
4327,156710923,156708496,2427
4328,156710923,156708496,2427
4329,156721085,156715156,5929
4330,156721543,156721221,322
4331,156722024,156721895,129
4332,156722240,156722155,85
4333,156722240,156722155,85
4334,156736717,156715156,21561
4335,156770609,156770252,357
4336,156785939,156785836,103
4337,156786640,156786500,140
4338,156786640,156786500,140
4339,156786640,156786477,163
4340,156786640,156786500,140
4341,156821983,156821963,20
4342,156828712,156828413,299
4343,156828712,156828413,299
4344,156851642,156851434,208
4345,156851642,156851434,208
4346,156851642,156851434,208
4347,156851642,156851434,208
4348,156851642,156851434,208
4349,156878828,156878827,1
4350,156886226,156884590,1636
4351,156886226,156884590,1636
4352,156902880,156902761,119
4353,156902880,156902684,196
4354,156918806,156918417,389
4355,156926356,156926349,7
4356,157015162,157014122,1040
4357,157015162,157014122,1040
4358,157069600,157069315,285
4359,157108383,157106144,2239
4360,157108383,157106144,2239
4361,157522310,157522152,158
4362,157522310,157522152,158
4363,157522310,157522152,158
4364,157522310,157522152,158
4365,157522310,157522152,158
4366,157522310,157514148,8162
4367,157567870,157567734,136
4368,157667803,157666139,1664
4369,157670647,157670279,368
4370,157670647,157670279,368
4371,157670775,157670279,496
4372,157737715,157737423,292
4373,157746922,157746863,59
4374,157746922,157746863,59
4375,157746922,157746863,59
4376,157746922,157746863,59
4377,157789940,157789827,113
4378,157789940,157789827,113
4379,157789940,157789827,113
4380,157811634,157811491,143
4381,158065844,158064910,934
4382,158065844,158064910,934
4383,158065844,158064910,934
4384,158065844,158064910,934
4385,158069836,158066942,2894
4386,158152636,158152228,408
4387,158152636,158152228,408
4388,158156216,158153940,2276
4389,158156216,158153940,2276
4390,158228058,158227480,578
4391,158264564,158263266,1298
4392,158301321,158301213,108
4393,158301321,158301213,108
4394,158301321,158301213,108
4395,158326490,158326020,470
4396,158326490,158326020,470
4397,158326490,158326020,470
4398,158327343,158326360,983
4399,158327343,158326686,657
4400,158327343,158326686,657
4401,158327343,158326686,657
4402,158327343,158326686,657
4403,158327343,158326686,657
4404,158327343,158326686,657
4405,158327343,158326686,657
4406,158327343,158326360,983
4407,158327343,158326686,657
4408,158327343,158326686,657
4409,158327343,158326686,657
4410,158327343,158326686,657
4411,158327343,158326651,692
4412,158369256,158369256,0
4413,158390656,158390656,0
4414,158436293,158436293,0
4415,158450675,158450675,0
4416,158517895,158517895,0
4417,158533394,158533394,0
4418,158549689,158549689,0
4419,158577170,158577170,0
4420,158656506,158656307,199
4421,158670442,158670442,0
4422,158687905,158687905,0
4423,158725637,158725637,0
4424,158736472,158736472,0
4425,158747425,158747425,0
4426,158819270,158819027,243
4427,158909513,158909351,162
4428,158946849,158943556,3293
4429,158946849,158943556,3293
4430,158946849,158946517,332
4431,158946849,158946517,332
4432,158988441,158988441,0
4433,159024945,159024691,254
4434,159024945,159024691,254
4435,159024945,159024691,254
4436,159046647,159043289,3358
4437,159163571,159163544,27
4438,159166850,159166849,1
4439,159172932,159170712,2220
4440,159172932,159170712,2220
4441,159176290,159176240,50
4442,159176290,159176240,50
4443,159278014,159277722,292
4444,159284449,159284449,0
4445,159410600,159410511,89
4446,159505797,159505797,0
4447,159558661,159558498,163
4448,159684379,159684275,104
4449,159684379,159684275,104
4450,159752333,159752128,205
4451,159752333,159752128,205
4452,159752333,159752128,205
4453,159779069,159778305,764
4454,159786041,159785372,669
4455,159786041,159785372,669
4456,159786047,159785451,596
4457,159786047,159785372,675
4458,159807282,159805050,2232
4459,159825137,159825027,110
4460,159832447,159832311,136
4461,159869906,159869888,18
4462,159869906,159860286,9620
4463,159869906,159869888,18
4464,159893507,159893260,247
4465,159894341,159890299,4042
4466,159895332,159890299,5033
4467,159895332,159890299,5033
4468,159902259,159898615,3644
4469,159915386,159913244,2142
4470,159915386,159913244,2142
4471,159924044,159923927,117
4472,159924044,159923927,117
4473,159924044,159923927,117
4474,160001783,160001529,254
4475,160040051,160012322,27729
4476,160059212,160057607,1605
4477,160068307,160068262,45
4478,160068439,160068262,177
4479,160068618,160068262,356
4480,160098728,160098708,20
4481,160100387,160100387,0
4482,160106992,160106825,167
4483,160113374,160111112,2262
4484,160113374,160111112,2262
4485,160156767,160156489,278
4486,160156767,160156489,278
4487,160156767,160156489,278
4488,160171676,160171166,510
4489,160185162,160183276,1886
4490,160185162,160183276,1886
4491,160232277,160213798,18479
4492,160232277,160213798,18479
4493,160232318,160213798,18520
4494,160232318,160213798,18520
4495,160232318,160213798,18520
4496,160232350,160213798,18552
4497,160254941,160251981,2960
4498,160254941,160254914,27
4499,160254941,160254914,27
4500,160254941,160251981,2960
4501,160254941,160252809,2132
4502,160313354,160312960,394
4503,160313354,160312960,394
4504,160313354,160310036,3318
4505,160328742,160328061,681
4506,160328742,160328061,681
4507,160328742,160328061,681
4508,160328742,160328061,681
4509,160340923,160340923,0
4510,160342638,160340923,1715
4511,160398468,160395168,3300
4512,160398468,160395168,3300
4513,160493052,160492982,70
4514,160493052,160492982,70
4515,160493052,160492982,70
4516,160493052,160492982,70
4517,160493052,160492982,70
4518,160493052,160492982,70
4519,160549306,160549227,79
4520,160549306,160549227,79
4521,160549306,160549227,79
4522,160549306,160549227,79
4523,160549306,160549227,79
4524,160549306,160549227,79
4525,160549306,160549227,79
4526,160617081,160616735,346
4527,160617081,160616735,346
4528,160681641,160681553,88
4529,160681641,160681553,88
4530,160681641,160681553,88
4531,160724601,160722967,1634
4532,160724601,160722967,1634
4533,160724601,160722967,1634
4534,160724601,160722954,1647
4535,160724601,160722967,1634
4536,160724601,160722967,1634
4537,160724601,160722954,1647
4538,160724601,160722954,1647
4539,160772536,160771707,829
4540,160785129,160784595,534
4541,160793586,160793586,0
4542,160798045,160797606,439
4543,160798045,160797606,439
4544,160798045,160797606,439
4545,160798045,160797606,439
4546,160832692,160832467,225
4547,160832692,160832467,225
4548,160832692,160832467,225
4549,160854960,160854667,293
4550,160924589,160924531,58
4551,160924589,160924531,58
4552,160924589,160921024,3565
4553,160990902,160990863,39
4554,160991133,160990863,270
4555,161008774,161008745,29
4556,161008774,160990863,17911
4557,161008774,161008679,95
4558,161008774,161008679,95
4559,161008774,161008679,95
4560,161014727,161013065,1662
4561,161015769,161013065,2704
4562,161015769,161012004,3765
4563,161039760,161039414,346
4564,161039760,161039414,346
4565,161039760,161024229,15531
4566,161039760,161022112,17648
4567,161039760,161024229,15531
4568,161044416,161044409,7
4569,161046272,161046197,75
4570,161059385,161059086,299
4571,161070136,161069117,1019
4572,161070138,161070014,124
4573,161070138,161070014,124
4574,161070138,161070014,124
4575,161070138,161069548,590
4576,161087866,161087816,50
4577,161090984,161090555,429
4578,161090984,161090555,429
4579,161090984,161090555,429
4580,161095235,161093945,1290
4581,161100637,161094252,6385
4582,161102256,161094252,8004
4583,161102478,161094252,8226
4584,161102478,161094252,8226
4585,161102478,161094252,8226
4586,161128646,161128282,364
4587,161135516,161135237,279
4588,161135516,161135237,279
4589,161141010,161140966,44
4590,161141010,161140966,44
4591,161141010,161140966,44
4592,161147758,161145850,1908
4593,161147758,161145850,1908
4594,161147758,161145850,1908
4595,161147758,161145850,1908
4596,161147801,161146872,929
4597,161147801,161146872,929
4598,161168845,161168417,428
4599,161168845,161168417,428
4600,161179103,161179007,96
4601,161180839,161180504,335
4602,161184184,161183983,201
4603,161184184,161183731,453
4604,161184184,161183731,453
4605,161189038,161188733,305
4606,161189038,161188733,305
4607,161193418,161193191,227
4608,161200303,161198885,1418
4609,161200407,161198885,1522
4610,161200407,161198885,1522
4611,161200407,161198885,1522
4612,161206388,161206355,33
4613,161208000,161206355,1645
4614,161208000,161207850,150
4615,161208000,161206355,1645
4616,161208000,161207850,150
4617,161208000,161207850,150
4618,161208000,161207850,150
4619,161208000,161207850,150
4620,161208000,161205649,2351
4621,161208000,161202643,5357
4622,161208000,161206355,1645
4623,161208000,161202643,5357
4624,161208000,161202643,5357
4625,161208000,161202643,5357
4626,161208000,161202643,5357
4627,161208000,161206355,1645
4628,161208000,161206355,1645
4629,161208000,161207850,150
4630,161208000,161207850,150
4631,161208000,161206355,1645
4632,161208000,161206355,1645
4633,161208000,161206355,1645
4634,161208000,161206355,1645
4635,161208000,161207850,150
4636,161208000,161206355,1645
4637,161208000,161207850,150
4638,161208000,161207850,150
4639,161208000,161206355,1645
4640,161255240,161254271,969
4641,161279762,161279695,67
4642,161334535,161332223,2312
4643,161334535,161332223,2312
4644,161334535,161332330,2205
4645,161334535,161332223,2312
4646,161334535,161332330,2205
4647,161337673,161337658,15
4648,161489360,161487938,1422
4649,161489360,161487938,1422
4650,161489360,161487938,1422
4651,161489360,161487938,1422
4652,161496687,161496380,307
4653,161519818,161519634,184
4654,161519818,161519634,184
4655,161520413,161519526,887
4656,161520413,161519526,887
4657,161520413,161519526,887
4658,161578341,161577184,1157
4659,161600837,161600167,670
4660,161600837,161600167,670
4661,161601252,161600992,260
4662,161601252,161600992,260
4663,161601753,161600884,869
4664,161643863,161643312,551
4665,161648444,161647343,1101
4666,161648444,161647343,1101
4667,161648444,161647343,1101
4668,161648444,161647343,1101
4669,161648444,161647343,1101
4670,161684142,161683170,972
4671,161684142,161683170,972
4672,161684142,161683170,972
4673,161684142,161683170,972
4674,161684142,161683170,972
4675,161684142,161683170,972
4676,161684142,161683170,972
4677,161684142,161683170,972
4678,161697933,161697452,481
4679,161697933,161697452,481
4680,161697933,161697452,481
4681,161697933,161697273,660
4682,161697933,161697103,830
4683,161697933,161697273,660
4684,161697933,161697103,830
4685,161697933,161697103,830
4686,161726952,161726737,215
4687,161835745,161833117,2628
4688,161933860,161928444,5416
4689,161955022,161954693,329
4690,161993644,161993220,424
4691,161993644,161993220,424
4692,162326974,162326974,0
4693,162339813,162337257,2556
4694,162339813,162337257,2556
4695,162339813,162337257,2556
4696,162346644,162346580,64
4697,162356608,162353473,3135
4698,162356608,162353473,3135
4699,162381928,162381806,122
4700,162381928,162381806,122
4701,162499419,162492340,7079
4702,162499419,162492340,7079
4703,162499419,162492204,7215
4704,162569633,162569153,480
4705,162750247,162750036,211
4706,162750247,162750036,211
4707,162782608,162782210,398
4708,162838605,162829436,9169
4709,162838605,162829436,9169
4710,163046592,163044350,2242
4711,163046592,163044350,2242
4712,163046592,163044181,2411
4713,163046592,163044350,2242
4714,163172963,163172625,338
4715,163172963,163172625,338
4716,163172963,163122399,50564
4717,163291581,163122399,169182
4718,163325553,163325259,294
4719,163325553,163325259,294
4720,164821060,164818639,2421
4721,164821060,164815913,5147
4722,164821060,164790820,30240
4723,164821060,164815913,5147
4724,164854300,164853799,501
4725,165182292,165177369,4923
4726,165182517,165175242,7275
4727,165325478,165324796,682
4728,165325952,165324796,1156
4729,165394221,165389179,5042
4730,165414592,165389179,25413
4731,165414592,165414130,462
4732,165533185,165533061,124
4733,165625372,165624741,631
4734,165667823,165664533,3290
4735,165667823,165664533,3290
4736,165667832,165667795,37
4737,165667900,165667795,105
4738,165738159,165738141,18
4739,165738159,165738141,18
4740,165738159,165737752,407
4741,165880855,165877060,3795
4742,165880855,165877060,3795
4743,166135958,166135421,537
4744,166135958,166135485,473
4745,166594473,166593923,550
4746,166819948,166819646,302
4747,166823709,166819646,4063
4748,166823709,166819646,4063
4749,166832453,166831553,900
4750,166845654,166845470,184
4751,166845654,166845470,184
4752,166944561,166944505,56
4753,166991447,166991092,355
4754,166991447,166991092,355
4755,166991447,166991092,355
4756,167059868,167059524,344
4757,167098402,167097845,557
4758,167385359,167385326,33
4759,167396582,167385047,11535
4760,167396582,167385047,11535
4761,167396582,167385047,11535
4762,167396582,167385047,11535
4763,167396582,167385047,11535
4764,167487847,167487702,145
4765,167487847,167487702,145
4766,167487847,167487702,145
4767,167523056,167522978,78
4768,167675486,167673933,1553
4769,167675486,167673933,1553
4770,167743133,167742609,524
4771,167761156,167757158,3998
4772,167761156,167757081,4075
4773,167761156,167757158,3998
4774,167761156,167757158,3998
4775,167883453,167874378,9075
4776,167883453,167868843,14610
4777,167883453,167871059,12394
4778,167883453,167874378,9075
4779,167905136,167905079,57
4780,167905439,167905079,360
4781,167906307,167905079,1228
4782,167906307,167905079,1228
4783,168045083,168044673,410
4784,168045083,168044673,410
4785,168045083,168044673,410
4786,168045083,168044673,410
4787,168045083,168044673,410
4788,168045083,168044673,410
4789,168074147,168074088,59
4790,168105674,168066448,39226
4791,168105945,168074088,31857
4792,168105945,168105634,311
4793,168106811,168106659,152
4794,168106811,168106634,177
4795,168106905,168104159,2746
4796,168106905,168074088,32817
4797,168161633,168161466,167
4798,168171351,168169284,2067
4799,168212088,168211778,310
4800,168220378,168218849,1529
4801,168283664,168282240,1424
4802,168283664,168282240,1424
4803,168283664,168282240,1424
4804,168513235,168513202,33
4805,168551315,168550458,857
4806,168698442,168698412,30
4807,169101960,169100793,1167
4808,169337186,169293633,43553
4809,169337186,169336948,238
4810,169337186,169336948,238
4811,169346621,169346274,347
4812,169356447,169356241,206
4813,169357539,169356420,1119
4814,169365780,169356420,9360
4815,169396670,169394165,2505
4816,169396670,169394165,2505
4817,169396670,169394165,2505
4818,169396670,169394165,2505
4819,169429907,169394165,35742
4820,169455208,169455004,204
4821,169455208,169455004,204
4822,169555769,169555624,145
4823,169588457,169582917,5540
4824,169599377,169599312,65
4825,169599377,169599312,65
4826,169677997,169677888,109
4827,169680843,169680678,165
4828,169680843,169680678,165
4829,169703220,169702753,467
4830,169762836,169762836,0
4831,169764061,169762836,1225
4832,169773526,169773389,137
4833,169798955,169798486,469
4834,169821378,169821194,184
4835,169822229,169822128,101
4836,169822229,169822128,101
4837,169822229,169822128,101
4838,169822229,169822128,101
4839,169822229,169822128,101
4840,169839745,169831831,7914
4841,169863100,169857981,5119
4842,169863100,169857981,5119
4843,169995042,169993684,1358
4844,170038056,170024489,13567
4845,170043879,170010902,32977
4846,170043879,170043608,271
4847,170043879,170043608,271
4848,170136923,170136898,25
4849,170508708,170508425,283
4850,170514929,170513990,939
4851,170522974,170521603,1371
4852,170522974,170521603,1371
4853,170522974,170521603,1371
4854,170522974,170521603,1371
4855,170522974,170521603,1371
4856,170708541,170699472,9069
4857,170708541,170705327,3214
4858,170967946,170967541,405
4859,170967946,170967541,405
4860,171033906,171033481,425
4861,171069554,171069056,498
4862,171086959,171086582,377
4863,171086959,171086582,377
4864,171086959,171086582,377
4865,171086959,171086582,377
4866,171130702,171130297,405
4867,171179856,171178092,1764
4868,171181822,171178092,3730
4869,171255113,171254683,430
4870,171255113,171254683,430
4871,171255113,171254683,430
4872,171255113,171254683,430
4873,171311223,171310978,245
4874,171484998,171484997,1
4875,171502100,171502099,1
4876,171562650,171560986,1664
4877,171562650,171560986,1664
4878,171562650,171560986,1664
4879,171562650,171560986,1664
4880,171621773,171621751,22
4881,171621823,171621751,72
4882,171711379,171707554,3825
4883,171711379,171707554,3825
4884,171766856,171765896,960
4885,171766856,171765896,960
4886,171766856,171765896,960
4887,171766856,171765896,960
4888,172102532,172102037,495
4889,172278389,172278018,371
4890,172381857,172376981,4876
4891,172381857,172376981,4876
4892,172387567,172387457,110
4893,172411762,172411762,0
4894,172413230,172411762,1468
4895,172413230,172411762,1468
4896,172437969,172437734,235
4897,172572423,172571962,461
4898,172580973,172579399,1574
4899,172580973,172579399,1574
4900,172580973,172579399,1574
4901,172580973,172579399,1574
4902,172636012,172635156,856
4903,172636012,172633509,2503
4904,173020103,173020102,1
4905,173174697,173174452,245
4906,173176471,173176315,156
4907,173457946,173457002,944
4908,173545899,173517662,28237
4909,173572233,173570915,1318
4910,173606272,173606175,97
4911,173639001,173628557,10444
4912,173639001,173628557,10444
4913,173703650,173703521,129
4914,173755840,173754385,1455
4915,173755840,173754385,1455
4916,173755840,173754385,1455
4917,173793270,173780437,12833
4918,173793777,173780437,13340
4919,173793777,173780437,13340
4920,173827682,173826843,839
4921,173842778,173842767,11
4922,173855774,173854777,997
4923,173855774,173855262,512
4924,173855774,173855262,512
4925,173886516,173886397,119
4926,173962210,173962123,87
4927,173962210,173962123,87
4928,173962210,173962123,87
4929,173962210,173962123,87
4930,174363283,174363283,0
4931,174418683,174418335,348
4932,174515050,174514089,961
4933,174515050,174514089,961
4934,174517699,174517193,506
4935,174927327,174927042,285
4936,174927327,174927042,285
4937,174927327,174927042,285
4938,174964445,174959138,5307
4939,174964445,174959138,5307
4940,174964445,174959138,5307
4941,174964445,174959138,5307
4942,174964445,174959138,5307
4943,174964445,174959138,5307
4944,174974541,174974130,411
4945,174981163,174979215,1948
4946,174981163,174979215,1948
4947,174992591,174987712,4879
4948,174992591,174992544,47
4949,175067731,175067730,1
4950,175117202,175116207,995
4951,175161949,175130149,31800
4952,175161949,175130149,31800
4953,175162229,175130149,32080
4954,175162229,175130149,32080
4955,175375931,175375850,81
4956,175712752,175375850,336902
4957,175712752,175375850,336902
4958,176132124,176132046,78
4959,176153828,176153812,16
4960,176176370,176176114,256
4961,176176370,176176114,256
4962,176176370,176145087,31283
4963,176660341,176659619,722
4964,176811970,176811590,380
4965,177134024,177133812,212
4966,177134024,177133812,212
4967,177134024,177133812,212
4968,177134024,177133812,212
4969,177247921,177247919,2
4970,177251558,177250664,894
4971,177251558,177250664,894
4972,177917779,177917734,45
4973,177930027,177928085,1942
4974,177939050,177937116,1934
4975,177939348,177937116,2232
4976,177953553,177928085,25468
4977,177991803,177937116,54687
4978,178007142,177929505,77637
4979,178062735,178062453,282
4980,178063128,178062453,675
4981,178389818,178389759,59
4982,178448648,178442374,6274
4983,178448648,178442374,6274
4984,178448648,178442352,6296
4985,178490946,178490859,87
4986,178491784,178490072,1712
4987,178491789,178491575,214
4988,178492635,178492474,161
4989,178492635,178492474,161
4990,178838445,178834677,3768
4991,178840215,178834911,5304
4992,178840215,178834911,5304
4993,178848923,178848131,792
4994,178889237,178885494,3743
4995,178889237,178885494,3743
4996,179045702,179041279,4423
4997,179065129,179064353,776
4998,179065129,179064353,776
4999,179112224,179112179,45
5000,179112224,179112179,45
5001,179112224,179112179,45
5002,179112224,179112179,45
5003,179112224,179112179,45
5004,179198819,179198532,287
5005,179198819,179198532,287
5006,179198819,179198532,287
5007,179198819,179198532,287
5008,179198819,179198532,287
5009,179327814,179322776,5038
5010,179327814,179322776,5038
5011,179327814,179322776,5038
5012,179327814,179322776,5038
5013,179327814,179322776,5038
5014,179437852,179437604,248
5015,179523870,179523654,216
5016,179523870,179523654,216
5017,179545084,179544999,85
5018,179545084,179544999,85
5019,179660407,179660078,329
5020,179660407,179660078,329
5021,179660407,179660078,329
5022,179660407,179660078,329
5023,179660407,179660078,329
5024,179785333,179783324,2009
5025,179785333,179783324,2009
5026,179785333,179783324,2009
5027,179834311,179834311,0
5028,179846941,179821800,25141
5029,179846941,179821800,25141
5030,179846941,179834311,12630
5031,179889212,179887374,1838
5032,179889212,179887374,1838
5033,179966310,179966309,1
5034,180006240,180006239,1
5035,180080330,180080296,34
5036,180080330,180080296,34
5037,180082515,180080296,2219
5038,180084015,180080296,3719
5039,180084015,180080296,3719
5040,180167169,180166476,693
5041,180167169,180166172,997
5042,180169859,180167597,2262
5043,180244188,180243714,474
5044,180472022,180471401,621
5045,180805872,180805863,9
5046,180859415,180853202,6213
5047,180859415,180853202,6213
5048,180915239,180914724,515
5049,180915239,180914724,515
5050,180919922,180919669,253
5051,180992046,180991809,237
5052,180992046,180962558,29488
5053,181020399,181019481,918
5054,181031074,181024401,6673
5055,181031074,181024401,6673
5056,181031074,181024401,6673
5057,181031074,181024401,6673
5058,181059979,181059022,957
5059,181151342,181151213,129
5060,181621230,181620581,649
5061,181746052,181745491,561
5062,181775921,181767970,7951
5063,181775921,181767970,7951
5064,181775921,181767970,7951
5065,182027145,182027145,0
5066,182030847,182027145,3702
5067,182354717,182354655,62
5068,182360539,182357872,2667
5069,182360924,182357872,3052
5070,182361341,182357872,3469
5071,182361341,182357872,3469
5072,182369751,182369620,131
5073,182457862,182457503,359
5074,182529732,182525192,4540
5075,182556105,182555941,164
5076,182558394,182555941,2453
5077,182558394,182555941,2453
5078,182573548,182573394,154
5079,182573548,182573394,154
5080,182641064,182638784,2280
5081,182642067,182638784,3283
5082,182642067,182641959,108
5083,182791334,182791258,76
5084,182799519,182798814,705
5085,182799519,182798043,1476
5086,182799519,182794955,4564
5087,182799519,182798814,705
5088,182799519,182798043,1476
5089,182857117,182856569,548
5090,182857117,182856569,548
5091,182857117,182856569,548
5092,182857117,182856569,548
5093,182922553,182922268,285
5094,182922553,182921119,1434
5095,182922553,182920581,1972
5096,182922553,182908546,14007
5097,183074191,183072791,1400
5098,183114727,183111925,2802
5099,183210406,183209534,872
5100,183210406,183209534,872
5101,183214262,183212535,1727
5102,183259878,183259268,610
5103,183274009,183273874,135
5104,183387634,183387402,232
5105,183515472,183515472,0
5106,183515472,183515472,0
5107,183523328,183522336,992
5108,183523328,183521066,2262
5109,183523328,183521066,2262
5110,183523328,183521066,2262
5111,183559739,183559464,275
5112,183559739,183559464,275
5113,183559739,183559464,275
5114,183560056,183559464,592
5115,183605076,183604794,282
5116,183605076,183604794,282
5117,183617916,183617916,0
5118,183622448,183617916,4532
5119,183881402,183881402,0
5120,183897666,183895426,2240
5121,183897666,183895426,2240
5122,183897666,183895426,2240
5123,183897666,183895426,2240
5124,183897666,183895426,2240
5125,183915752,183914658,1094
5126,183933634,183933197,437
5127,184006863,184006491,372
5128,184006863,184006491,372
5129,184006878,183947557,59321
5130,184043344,184041981,1363
5131,184043344,184041997,1347
5132,184598155,184588690,9465
5133,184724041,184723780,261
5134,184724041,184723780,261
5135,184724041,184706818,17223
5136,184837177,184801091,36086
5137,184943718,184943488,230
5138,184943718,184943488,230
5139,184943718,184801091,142627
5140,185071740,185069433,2307
5141,185071740,185069433,2307
5142,185126116,185125844,272
5143,185126230,185116370,9860
5144,185260913,185259935,978
5145,185260913,185259935,978
5146,185270846,185270203,643
5147,185270846,185270203,643
5148,185275632,185270203,5429
5149,185280454,185275619,4835
5150,185286461,185278625,7836
5151,185962565,185962452,113
5152,186160085,186159010,1075
5153,186160085,186159010,1075
5154,186283688,186282910,778
5155,186283688,186282910,778
5156,186283688,186282910,778
5157,186283688,186282910,778
5158,186344457,186344160,297
5159,186344864,186344760,104
5160,186370587,186370312,275
5161,186390503,186375280,15223
5162,186390503,186375280,15223
5163,186390503,186375280,15223
5164,186390503,186388208,2295
5165,186390503,186388208,2295
5166,186390503,186388208,2295
5167,186417856,186415614,2242
5168,186430240,186418591,11649
5169,186649559,186649422,137
5170,186649559,186647500,2059
5171,186958113,186957640,473
5172,186958113,186957640,473
5173,187612988,187611008,1980
5174,190444942,190423905,21037
5175,190446759,190424020,22739
5176,190770788,190769025,1763
5177,192154945,192153684,1261
5178,192336414,192335254,1160
5179,192548085,192547581,504
5180,192549159,192548452,707
5181,192629440,192628653,787
5182,192629440,192628653,787
5183,192781407,192780726,681
5184,193028523,193028390,133
5185,193028523,193028390,133
5186,193028523,193028390,133
5187,193028523,193028390,133
5188,193028523,192998579,29944
5189,193029189,193029128,61
5190,193029237,192998579,30658
5191,193055115,193053861,1254
5192,193055115,193053861,1254
5193,193055115,193053861,1254
5194,193055115,193053861,1254
5195,193060906,193054132,6774
5196,193060906,193060815,91
5197,193060906,193060801,105
5198,193074608,193074512,96
5199,193075187,193070333,4854
5200,193075244,193074768,476
5201,193150692,193150692,0
5202,193155743,193150692,5051
5203,193223942,193219842,4100
5204,196311379,196311324,55
5205,196577499,196577439,60
5206,196577499,196577439,60
5207,196577499,196577439,60
5208,196577499,196577439,60
5209,196577499,196577439,60
5210,196670695,196670461,234
5211,196670695,196670461,234
5212,196670695,196670461,234
5213,196716634,196716443,191
5214,196759152,196757960,1192
5215,196763203,196762643,560
5216,196763203,196762643,560
5217,196801319,196801129,190
5218,196801319,196801129,190
5219,196887843,196887536,307
5220,196887843,196887536,307
5221,196887843,196887536,307
5222,196887843,196887536,307
5223,196928356,196928210,146
5224,196928356,196928210,146
5225,196978803,196977813,990
5226,197036397,197036353,44
5227,197115824,197115567,257
5228,197115824,197115567,257
5229,197115824,197113112,2712
5230,197169672,197169603,69
5231,197327258,197326223,1035
5232,197413949,197407809,6140
5233,197447585,197447009,576
5234,197447585,197447009,576
5235,197447585,197447009,576
5236,197447585,197447009,576
5237,197447585,197447009,576
5238,197627499,197611909,15590
5239,197744623,197744285,338
5240,197744623,197744285,338
5241,197744623,197704767,39856
5242,197744623,197744285,338
5243,197876497,197876350,147
5244,197899273,197898389,884
5245,197899273,197898389,884
5246,198291548,198288652,2896
5247,198291548,198288652,2896
5248,198509815,198509780,35
5249,198510075,198509780,295
5250,198510075,198509780,295
5251,198664300,198663310,990
5252,198672501,198672500,1
5253,198673044,198672551,493
5254,198701685,198701685,0
5255,198704381,198704381,0
5256,198704381,198704381,0
5257,198726605,198725310,1295
5258,198726605,198725310,1295
5259,200146550,200143338,3212
5260,200146550,200143338,3212
5261,200146550,200143338,3212
5262,200146550,200143338,3212
5263,200378833,200378833,0
5264,200379166,200378833,333
5265,200379166,200378833,333
5266,200379166,200378833,333
5267,200587966,200578038,9928
5268,200589862,200587851,2011
5269,200639126,200635868,3258
5270,200639126,200635868,3258
5271,200829831,200827187,2644
5272,200829831,200827187,2644
5273,200829831,200827187,2644
5274,200843306,200843251,55
5275,200884864,200882757,2107
5276,200884864,200882757,2107
5277,200974822,200974516,306
5278,200992828,200992511,317
5279,200992828,200992511,317
5280,200992828,200992511,317
5281,200992828,200992511,317
5282,201081694,201081467,227
5283,201084500,201084500,0
5284,201123568,201123051,517
5285,201123632,201123051,581
5286,201123632,201123051,581
5287,201123632,201123051,581
5288,201123632,201123051,581
5289,201140702,201123051,17651
5290,201198080,201197527,553
5291,201302121,201297964,4157
5292,201302121,201297964,4157
5293,201302121,201297964,4157
5294,201336094,201336093,1
5295,201342396,201342382,14
5296,201342443,201335991,6452
5297,201346828,201342382,4446
5298,201346828,201342382,4446
5299,201346828,201342382,4446
5300,201346828,201342382,4446
5301,201346828,201342382,4446
5302,201346828,201335991,10837
5303,201368669,201368434,235
5304,201368669,201360309,8360
5305,201386921,201386921,0
5306,201390854,201383771,7083
5307,201390874,201383771,7103
5308,201437914,201437914,0
5309,201438299,201437504,795
5310,201438299,201437914,385
5311,201465701,201465431,270
5312,201475967,201465431,10536
5313,201476387,201465431,10956
5314,201476387,201465431,10956
5315,201476387,201465431,10956
5316,201489720,201489402,318
5317,201767736,201763785,3951
5318,201772842,201772842,0
5319,201772842,201772842,0
5320,201796102,201789060,7042
5321,201796102,201789060,7042
5322,201796102,201789060,7042
5323,201853422,201845182,8240
5324,201861715,201860974,741
5325,201915716,201915468,248
5326,201915716,201915468,248
5327,201915716,201915468,248
5328,201939789,201938682,1107
5329,201975275,201974844,431
5330,201975275,201974844,431
5331,201986315,201984451,1864
5332,201986315,201984451,1864
5333,201986315,201984451,1864
5334,202098634,202097684,950
5335,202113871,202113700,171
5336,202113871,202113700,171
5337,202127577,202127407,170
5338,202129119,202128647,472
5339,202130716,202129935,781
5340,202130716,202130688,28
5341,202130716,202128427,2289
5342,202130716,202129935,781
5343,202156267,202156172,95
5344,202158577,202158481,96
5345,202288889,202288335,554
5346,202288889,202288335,554
5347,202288889,202288335,554
5348,202311094,202304882,6212
5349,202407370,202407242,128
5350,202407370,202406968,402
5351,202407370,202407242,128
5352,202557697,202549688,8009
5353,202557697,202544264,13433
5354,202557697,202549688,8009
5355,202557697,202549688,8009
5356,202612581,202574900,37681
5357,202679551,202574900,104651
5358,202679551,202571628,107923
5359,202776427,202742347,34080
5360,202777549,202777433,116
5361,202777549,202777433,116
5362,202795421,202795252,169
5363,202830736,202830626,110
5364,202858385,202858226,159
5365,202878289,202878168,121
5366,202887516,202887415,101
5367,202896371,202894290,2081
5368,202896371,202894290,2081
5369,202897727,202897677,50
5370,202917557,202917461,96
5371,202927524,202920198,7326
5372,202927524,202915662,11862
5373,202927700,202920198,7502
5374,202936404,202936333,71
5375,202976393,202956470,19923
5376,202985383,202985352,31
5377,202993197,202992168,1029
5378,202993197,202992168,1029
5379,203047863,203044893,2970
5380,203047863,203044893,2970
5381,203047864,203045518,2346
5382,203047864,203045518,2346
5383,203047864,203045518,2346
5384,203047864,203045518,2346
5385,203055166,203055089,77
5386,203135378,203135028,350
5387,203136533,203135028,1505
5388,203136533,203135028,1505
5389,203136533,203134949,1584
5390,203136533,203135028,1505
5391,203144942,203144883,59
5392,203151262,203150391,871
5393,203155922,203155751,171
5394,203155922,203155751,171
5395,203198860,203198764,96
5396,203198860,203198764,96
5397,203198860,203198764,96
5398,203278729,203276566,2163
5399,203320289,203317398,2891
5400,203460479,203456009,4470
5401,203460479,203456009,4470
5402,203478077,203472848,5229
5403,203702757,203702536,221
5404,203713209,203708699,4510
5405,203713209,203708982,4227
5406,203713209,203708982,4227
5407,203713209,203708699,4510
5408,203745480,203743809,1671
5409,203745480,203743809,1671
5410,203745480,203743809,1671
5411,203769590,203769590,0
5412,203819154,203819153,1
5413,203823256,203821527,1729
5414,203823256,203821527,1729
5415,203823256,203821527,1729
5416,203823256,203821527,1729
5417,203823256,203821527,1729
5418,203823256,203821527,1729
5419,203840280,203839060,1220
5420,203840280,203839060,1220
5421,204088974,204086882,2092
5422,204096871,204095262,1609
5423,204096871,204095262,1609
5424,204096871,204095262,1609
5425,204116083,204115876,207
5426,204121307,204120980,327
5427,204121307,204120980,327
5428,204121307,204120980,327
5429,204121307,204115876,5431
5430,204135465,204135421,44
5431,204165619,204162004,3615
5432,204183220,204183034,186
5433,204183220,204183034,186
5434,204226997,204226876,121
5435,204226997,204226876,121
5436,204226997,204226876,121
5437,204226997,204226876,121
5438,204226997,204226876,121
5439,204226997,204226876,121
5440,204226997,204226876,121
5441,204329057,204242855,86202
5442,204380944,204380539,405
5443,204459474,204438930,20544
5444,204459474,204438930,20544
5445,204463852,204438930,24922
5446,204519352,204518810,542
5447,204527248,204518810,8438
5448,204527248,204518810,8438
5449,204527248,204518810,8438
5450,204527248,204518810,8438
5451,204589120,204589120,0
5452,204654597,204589120,65477
5453,204654597,204589120,65477
5454,204654597,204589120,65477
5455,204943811,204943422,389
5456,204946274,204945952,322
5457,204946274,204945952,322
5458,204959691,204957978,1713
5459,204969954,204966707,3247
5460,204991950,204985667,6283
5461,204991950,204985667,6283
5462,204991950,204985667,6283
5463,204991950,204985667,6283
5464,204991950,204985667,6283
5465,204991950,204985667,6283
5466,204991950,204985667,6283
5467,204991950,204985815,6135
5468,204991950,204985815,6135
5469,205031463,205031237,226
5470,205041723,205041723,0
5471,205047171,205042893,4278
5472,205047171,205042893,4278
5473,205053588,205053448,140
5474,205085416,205085135,281
5475,205091150,205073125,18025
5476,205091150,205091001,149
5477,205091150,205091001,149
5478,205143643,205132074,11569
5479,205180727,205180663,64
5480,205180727,205180663,64
5481,205242470,205240473,1997
5482,205242471,205241252,1219
5483,205242471,205241252,1219
5484,205242471,205241252,1219
5485,205242471,205241252,1219
5486,205242471,205241252,1219
5487,205242471,205240473,1998
5488,205277860,205277828,32
5489,205290883,205290756,127
5490,205326128,205312732,13396
5491,205326128,205308910,17218
5492,205326218,205312732,13486
5493,205326218,205312732,13486
5494,205326218,205312732,13486
5495,205391214,205389664,1550
5496,205391214,205389664,1550
5497,205391214,205389664,1550
5498,205391214,205389664,1550
5499,205438152,205435755,2397
5500,205495965,205495543,422
5501,205499477,205498901,576
5502,205501921,205500506,1415
5503,205501921,205500506,1415
5504,205501921,205500506,1415
5505,205501921,205500506,1415
5506,205501921,205500506,1415
5507,205572046,205569589,2457
5508,205572046,205569589,2457
5509,205572046,205569589,2457
5510,205602000,205593010,8990
5511,205602000,205593010,8990
5512,205631254,205631246,8
5513,205632746,205632420,326
5514,205649630,205633784,15846
5515,205719372,205719101,271
5516,205744610,205744084,526
5517,205744610,205740761,3849
5518,205744610,205744084,526
5519,205744610,205744084,526
5520,205764996,205764541,455
5521,205782161,205779569,2592
5522,205819276,205819200,76
5523,205886491,205884424,2067
5524,205886641,205884424,2217
5525,205897514,205897134,380
5526,205912588,205904948,7640
5527,205912588,205904948,7640
5528,206155074,206154051,1023
5529,206231482,206231142,340
5530,206288236,206243502,44734
5531,206332104,206331185,919
5532,206332104,206331228,876
5533,206332104,206331228,876
5534,206581301,206579957,1344
5535,206628046,206627502,544
5536,206628046,206627502,544
5537,206629505,206628374,1131
5538,206637783,206634765,3018
5539,206637783,206634765,3018
5540,206651640,206651206,434
5541,206670223,206669478,745
5542,206670223,206669478,745
5543,206670223,206667294,2929
5544,206762604,206758663,3941
5545,206762606,206758081,4525
5546,206762616,206760310,2306
5547,206762616,206760180,2436
5548,206762616,206760310,2306
5549,206785904,206785695,209
5550,206785904,206785695,209
5551,206785904,206785695,209
5552,206822542,206822310,232
5553,206822542,206822310,232
5554,206907630,206905436,2194
5555,206907630,206906063,1567
5556,206945839,206945780,59
5557,207013959,207013608,351
5558,207016326,207015967,359
5559,207016326,207015967,359
5560,207042568,207041909,659
5561,207042568,207041909,659
5562,207077484,207076404,1080
5563,207077484,207076404,1080
5564,207077484,207076404,1080
5565,207077484,207076330,1154
5566,207095378,207095199,179
5567,207095378,207095199,179
5568,207095378,207095199,179
5569,207095378,207087306,8072
5570,207119811,207113876,5935
5571,207119811,207113876,5935
5572,207139261,207139117,144
5573,207143970,207143470,500
5574,207143970,207143470,500
5575,207143970,207143470,500
5576,207196370,207196370,0
5577,207206101,207200943,5158
5578,207206101,207196370,9731
5579,207224422,207224375,47
5580,207226325,207225580,745
5581,207251162,207245716,5446
5582,207251162,207245716,5446
5583,207254368,207252364,2004
5584,207254368,207252364,2004
5585,207254368,207252364,2004
5586,207269240,207268913,327
5587,207273337,207273274,63
5588,207273337,207273274,63
5589,207273337,207273274,63
5590,207273337,207273274,63
5591,207273337,207273274,63
5592,207273337,207273274,63
5593,207318317,207318062,255
5594,207511004,207510879,125
5595,207534311,207533014,1297
5596,207534311,207532955,1356
5597,207534311,207532955,1356
5598,207534311,207527425,6886
5599,207646524,207646523,1
5600,207663240,207658899,4341
5601,207663240,207658899,4341
5602,207663240,207658899,4341
5603,207680955,207680162,793
5604,207732829,207732432,397
5605,207743990,207743295,695
5606,207783033,207783032,1
5607,207815110,207812754,2356
5608,207815110,207812754,2356
5609,207815110,207812754,2356
5610,207897036,207897030,6
5611,207968861,207963649,5212
5612,207968861,207963649,5212
5613,207968861,207966936,1925
5614,207968861,207966936,1925
5615,207968861,207963649,5212
5616,207968861,207966936,1925
5617,207968861,207966940,1921
5618,207968861,207966936,1925
5619,207975868,207975569,299
5620,208063837,208063182,655
5621,208084683,208084425,258
5622,208084683,208084425,258
5623,208084683,208073276,11407
5624,208202551,208202422,129
5625,208392095,208391429,666
5626,208417665,208391267,26398
5627,209605892,209605694,198
5628,209785844,209785604,240
5629,209787284,209786220,1064
5630,209787284,209786220,1064
5631,209824679,209824289,390
5632,209825674,209824289,1385
5633,209825820,209824289,1531
5634,209825820,209824289,1531
5635,209849341,209849341,0
5636,209849735,209849341,394
5637,209908295,209907866,429
5638,209908295,209907866,429
5639,209908295,209907866,429
5640,209953000,209951464,1536
5641,209955668,209955493,175
5642,209955668,209955493,175
5643,209955668,209955493,175
5644,209956979,209956979,0
5645,209957890,209956979,911
5646,209979520,209974758,4762
5647,209979520,209969786,9734
5648,210030910,210024792,6118
5649,210030910,210024792,6118
5650,210337633,210334387,3246
5651,210337633,210334387,3246
5652,210337633,210334387,3246
5653,210337633,210334387,3246
5654,210337633,210334387,3246
5655,210337633,210334387,3246
5656,210407466,210407279,187
5657,210416440,210415682,758
5658,210416440,210415682,758
5659,210849638,210847721,1917
5660,210849638,210847721,1917
5661,210849638,210847721,1917
5662,210849638,210847721,1917
5663,210849638,210847721,1917
5664,210849638,210847721,1917
5665,210849638,210847721,1917
5666,210849638,210847721,1917
5667,210849638,210847721,1917
5668,210849638,210847721,1917
5669,211307457,211307287,170
5670,211307457,211307287,170
5671,211486655,211486336,319
5672,211489725,211487110,2615
5673,211489725,211487001,2724
5674,211489725,211487110,2615
5675,211548286,211546044,2242
5676,211548286,211546044,2242
5677,211548286,211546044,2242
5678,211548286,211546044,2242
5679,211548286,211546044,2242
5680,211666259,211654757,11502
5681,211666259,211654757,11502
5682,211752099,211751954,145
5683,211843749,211843637,112
5684,211848972,211848821,151
5685,211848972,211848821,151
5686,211848972,211848821,151
5687,212003577,212002638,939
5688,212004114,212002638,1476
5689,212209002,212190364,18638
5690,212209002,212208779,223
5691,212209002,212208779,223
5692,212209002,212208779,223
5693,212209002,212208779,223
5694,212278187,212276282,1905
5695,212278187,212276282,1905
5696,212278187,212276282,1905
5697,212535205,212534112,1093
5698,212535205,212534112,1093
5699,212588267,212588099,168
5700,212588267,212588099,168
5701,212619721,212619348,373
5702,212792589,212791591,998
5703,212794119,212792897,1222
5704,212794119,212792897,1222
5705,212794119,212792897,1222
5706,212794119,212792897,1222
5707,212794119,212792447,1672
5708,212794119,212792447,1672
5709,212800120,212800004,116
5710,212873327,212873104,223
5711,212965139,212965105,34
5712,212965139,212965105,34
5713,212965139,212965105,34
5714,212990167,212988498,1669
5715,212990167,212988409,1758
5716,212990167,212988498,1669
5717,212990167,212988498,1669
5718,212990167,212988498,1669
5719,212990167,212988498,1669
5720,213020991,213009491,11500
5721,213031480,213031408,72
5722,213031480,213031408,72
5723,213072705,213068632,4073
5724,213142572,213140468,2104
5725,213164927,213161926,3001
5726,213164927,213161926,3001
5727,213164927,213161926,3001
5728,213164927,213161926,3001
5729,213186760,213186753,7
5730,213188820,213184556,4264
5731,213189168,213189013,155
5732,213189168,213184556,4612
5733,213189168,213181686,7482
5734,213234869,213234867,2
5735,213446808,213445977,831
5736,213446808,213445977,831
5737,213446808,213445977,831
5738,213446808,213445977,831
5739,213446808,213445977,831
5740,213446808,213445977,831
5741,213446808,213445977,831
5742,214214847,214209177,5670
5743,214214847,214209177,5670
5744,214504413,214504412,1
5745,214510477,214510127,350
5746,214638300,214571305,66995
5747,214725024,214638146,86878
5748,214725024,214625194,99830
5749,214837914,214837137,777
5750,215410436,215408488,1948
5751,215410436,215408488,1948
5752,215410436,215408488,1948
5753,215795149,215793960,1189
5754,215795149,215793960,1189
5755,215795149,215793960,1189
5756,215795149,215793960,1189
5757,216596738,216595678,1060
5758,216596738,216595678,1060
5759,216896814,216880771,16043
5760,216896814,216896641,173
5761,216896814,216850820,45994
5762,216896814,216850820,45994
5763,216978709,216850820,127889
5764,217113015,216850820,262195
5765,217113015,216850820,262195
5766,217250312,216850820,399492
5767,217250312,216850820,399492
5768,217262987,216850820,412167
5769,217262987,216850820,412167
5770,217262987,216824348,438639
5771,217263196,216737669,525527
5772,217311097,216850820,460277
5773,217311097,216850820,460277
5774,217804409,217804313,96
5775,217804409,217804313,96
5776,218040484,218036196,4288
5777,218511325,218504433,6892
5778,218585206,218578881,6325
5779,218617961,218614704,3257
5780,218617961,218614704,3257
5781,219386207,219385070,1137
5782,219386207,219385070,1137
5783,219386207,219385070,1137
5784,219386207,219385070,1137
5785,219386207,219385070,1137
5786,220092372,220091819,553
5787,220101993,220101782,211
5788,220220000,220219730,270
5789,220220000,220198402,21598
5790,220220000,220219730,270
5791,220220000,220205754,14246
5792,220263191,220253188,10003
5793,220263191,220247368,15823
5794,220263191,220253188,10003
5795,220321383,220320977,406
5796,220445843,220445679,164
5797,220445843,220445679,164
5798,220445843,220366591,79252
5799,220445843,220445679,164
5800,220756240,220754472,1768
5801,220837799,220835508,2291
5802,220837799,220835508,2291
5803,220837799,220835508,2291
5804,220837799,220835508,2291
5805,220872499,220870073,2426
5806,220957596,220955243,2353
5807,220957596,220955243,2353
5808,220957596,220957284,312
5809,220987741,220986760,981
5810,220987741,220986760,981
5811,221058400,221058046,354
5812,221509638,221509429,209
5813,221910802,221879593,31209
5814,221915516,221913086,2430
5815,221915516,221879593,35923
5816,222721444,222721386,58
5817,222737640,222737434,206
5818,222763275,222761905,1370
5819,222763275,222753163,10112
5820,222763275,222761905,1370
5821,222763275,222761905,1370
5822,222827821,222827820,1
5823,222841351,222838961,2390
5824,222841351,222838961,2390
5825,222885864,222885659,205
5826,222886526,222886123,403
5827,222906106,222906056,50
5828,222906106,222906056,50
5829,222906106,222905997,109
5830,222906106,222906056,50
5831,222924002,222923400,602
5832,223179337,223179314,23
5833,223286373,223286373,0
5834,223308206,223286373,21833
5835,223316624,223286373,30251
5836,223537401,223536767,634
5837,223537544,223536767,777
5838,223537544,223441898,95646
5839,223537544,223536767,777
5840,223537544,223536767,777
5841,223568812,223568689,123
5842,223853436,223853348,88
5843,223963720,223962559,1161
5844,223963720,223962559,1161
5845,223963720,223962559,1161
5846,223988512,223983939,4573
5847,223990438,223989959,479
5848,224033674,223994634,39040
5849,224033674,224033382,292
5850,224349749,224345448,4301
5851,224349749,224345448,4301
5852,224349749,224345077,4672
5853,224381142,224380180,962
5854,224517891,224517829,62
5855,224517891,224499525,18366
5856,224517891,224517829,62
5857,224517891,224492835,25056
5858,224517891,224517829,62
5859,224566223,224563524,2699
5860,224566223,224563524,2699
5861,224566223,224563524,2699
5862,224566223,224559125,7098
5863,224567153,224566792,361
5864,224622001,224621807,194
5865,224622001,224621807,194
5866,224622001,224621807,194
5867,224622001,224621807,194
5868,224928249,224927058,1191
5869,225155626,225155417,209
5870,225211991,225211571,420
5871,225211991,225211571,420
5872,225586996,225586971,25
5873,225615815,225611777,4038
5874,225616557,225611777,4780
5875,225703099,225702372,727
5876,225755116,225755082,34
5877,225840845,225840392,453
5878,225840845,225840392,453
5879,225978168,225974671,3497
5880,225978168,225977061,1107
5881,226033262,226033048,214
5882,226033262,226033048,214
5883,226033262,226033048,214
5884,226065294,226065280,14
5885,226070420,226065280,5140
5886,226076846,226076766,80
5887,226076846,226076766,80
5888,226110448,226110080,368
5889,226112040,226111810,230
5890,226112040,226111810,230
5891,226112040,226111810,230
5892,226129083,226128840,243
5893,226129083,226128840,243
5894,226129083,226128840,243
5895,226187066,226187013,53
5896,226254301,226253600,701
5897,226259703,226259180,523
5898,226259703,226259180,523
5899,226374423,226374376,47
5900,226413513,226413513,0
5901,226497204,226496888,316
5902,226497204,226496888,316
5903,226497204,226496888,316
5904,226497449,226485422,12027
5905,226595801,226595630,171
5906,226730469,226725936,4533
5907,226796915,226789741,7174
5908,226796915,226789741,7174
5909,226926876,226925159,1717
5910,226926876,226925159,1717
5911,227083804,227083280,524
5912,227083804,227083280,524
5913,227153111,227153111,0
5914,227175246,227174438,808
5915,227175246,227174438,808
5916,227175246,227174438,808
5917,227175246,227174438,808
5918,227175246,227174438,808
5919,227175246,227174438,808
5920,227175246,227174438,808
5921,227222495,227222360,135
5922,227268718,227262013,6705
5923,227268718,227262013,6705
5924,227288940,227288733,207
5925,227505826,227504883,943
5926,227505826,227504883,943
5927,227505826,227504883,943
5928,227505826,227504883,943
5929,227850164,227843529,6635
5930,227850164,227843529,6635
5931,227923112,227923112,0
5932,227923112,227923112,0
5933,227964671,227963582,1089
5934,227964671,227963582,1089
5935,227968932,227968374,558
5936,227968932,227968374,558
5937,228034171,228033909,262
5938,228135676,228135588,88
5939,228248168,228248005,163
5940,228248972,228247166,1806
5941,228286913,228285714,1199
5942,228286913,228285714,1199
5943,228286913,228285714,1199
5944,228286913,228285714,1199
5945,228291022,228290928,94
5946,228297013,228295961,1052
5947,228297013,228295961,1052
5948,228297013,228295961,1052
5949,228297013,228295961,1052
5950,228297013,228295961,1052
5951,228297013,228295961,1052
5952,228297013,228295961,1052
5953,228297013,228295961,1052
5954,228297013,228295961,1052
5955,228336655,228336398,257
5956,228336655,228336398,257
5957,228336655,228336398,257
5958,228336655,228336553,102
5959,228336655,228336398,257
5960,228336655,228336398,257
5961,228346779,228346779,0
5962,228347527,228346779,748
5963,228369958,228363214,6744
5964,228369958,228363214,6744
5965,228401365,228401361,4
5966,228457361,228456532,829
5967,228472692,228471499,1193
5968,228548951,228548456,495
5969,228548951,228548456,495
5970,228566575,228566496,79
5971,228566575,228566496,79
5972,228566575,228566496,79
5973,228594517,228594262,255
5974,228594517,228594262,255
5975,228594517,228594262,255
5976,228604583,228602773,1810
5977,228604583,228602773,1810
5978,228604583,228602773,1810
5979,228613026,228613026,0
5980,228645560,228645518,42
5981,228646259,228646211,48
5982,228683889,228681586,2303
5983,228788159,228786371,1788
5984,228882416,228879487,2929
5985,229052954,229052726,228
5986,229441250,229441073,177
5987,229441640,229438724,2916
5988,229441640,229438724,2916
5989,229478688,229478212,476
5990,229569843,229568862,981
5991,229644088,229643996,92
5992,229694442,229694399,43
5993,229761794,229750229,11565
5994,229761794,229750229,11565
5995,229795946,229795044,902
5996,229795946,229795044,902
5997,230417875,230415204,2671
5998,230417875,230415204,2671
5999,230417875,230415204,2671
6000,230561674,230561674,0
6001,230829731,230829139,592
6002,230829731,230829139,592
6003,230829731,230829139,592
6004,230829731,230829139,592
6005,230850336,230846596,3740
6006,230850336,230846596,3740
6007,230937749,230937342,407
6008,230937749,230937342,407
6009,230937749,230937342,407
6010,230991782,230979636,12146
6011,231004302,231004258,44
6012,231005062,230979375,25687
6013,231005335,231004144,1191
6014,231114618,231114576,42
6015,231114618,231114576,42
6016,231114618,231114576,42
6017,231133147,231133009,138
6018,231136479,231133009,3470
6019,231175995,231175957,38
6020,231323373,231323313,60
6021,231357314,231351186,6128
6022,231376924,231376887,37
6023,231376924,231376887,37
6024,231376924,231376887,37
6025,231376924,231376887,37
6026,231376924,231376887,37
6027,231401911,231401911,0
6028,231413719,231413288,431
6029,231413719,231413288,431
6030,231473578,231473491,87
6031,231490769,231489107,1662
6032,231490769,231487352,3417
6033,231490769,231487352,3417
6034,231556057,231509842,46215
6035,231560790,231557634,3156
6036,231702269,231700651,1618
6037,231747836,231747751,85
6038,231838307,231837781,526
6039,231838307,231837781,526
6040,231859820,231858331,1489
6041,231859820,231858331,1489
6042,231859820,231856640,3180
6043,231859820,231858347,1473
6044,231886365,231885695,670
6045,231886365,231885826,539
6046,231886365,231885695,670
6047,231907408,231906826,582
6048,231954990,231954271,719
6049,231954990,231954125,865
6050,231954990,231954271,719
6051,231954990,231954271,719
6052,231954990,231954271,719
6053,231954990,231954271,719
6054,231954990,231954125,865
6055,231954990,231954096,894
6056,231954990,231954096,894
6057,231991125,231990771,354
6058,232002452,232002324,128
6059,232095249,232094638,611
6060,232095249,232094619,630
6061,232145400,232144900,500
6062,232145400,232144637,763
6063,232145400,232094619,50781
6064,232145400,232144900,500
6065,232145400,232144900,500
6066,232162298,232162297,1
6067,232162298,232162297,1
6068,232177019,232172577,4442
6069,232177019,232172577,4442
6070,232177019,232172577,4442
6071,232177019,232172577,4442
6072,232598163,232597980,183
6073,232651243,232651085,158
6074,232946092,232943913,2179
6075,233114219,233113977,242
6076,233194264,233193068,1196
6077,233336010,233190055,145955
6078,233388433,233388124,309
6079,233431459,233431224,235
6080,233509880,233507944,1936
6081,233520894,233518457,2437
6082,233520894,233518457,2437
6083,233808258,233807276,982
6084,234460262,234458989,1273
6085,234460262,234458989,1273
6086,234519795,234519564,231
6087,234519795,234519564,231
6088,234614849,234614849,0
6089,234743860,234743476,384
6090,234745271,234745240,31
6091,234745271,234745240,31
6092,235292256,235292030,226
6093,235324772,235324541,231
6094,235324772,235324541,231
6095,235403766,235388030,15736
6096,235490802,235490234,568
6097,235491532,235490234,1298
6098,235491532,235490234,1298
6099,235491532,235490234,1298
6100,235491532,235490234,1298
6101,235507844,235506087,1757
6102,235507844,235506087,1757
6103,235507844,235506087,1757
6104,235507844,235506087,1757
6105,235612280,235612077,203
6106,235612280,235612077,203
6107,235612280,235612077,203
6108,235612280,235612077,203
6109,235667781,235667552,229
6110,235667781,235667552,229
6111,235813293,235747138,66155
6112,235814054,235747138,66916
6113,235814054,235747138,66916
6114,235901307,235897989,3318
6115,235916574,235916549,25
6116,236030227,235993717,36510
6117,236030227,235993717,36510
6118,236047008,235993717,53291
6119,236175343,236156957,18386
6120,236228481,236228379,102
6121,236228481,236228379,102
6122,236229779,236228504,1275
6123,236372209,236371458,751
6124,236445339,236445083,256
6125,236445339,236445083,256
6126,236648008,236645949,2059
6127,236648008,236645949,2059
6128,236687808,236687798,10
6129,236716279,236711461,4818
6130,236716279,236711461,4818
6131,236716279,236711461,4818
6132,236716279,236711461,4818
6133,236716279,236711461,4818
6134,236746496,236746466,30
6135,236767841,236767395,446
6136,236767841,236767395,446
6137,236927558,236925919,1639
6138,236927558,236925919,1639
6139,236927558,236925919,1639
6140,236927558,236925919,1639
6141,236992568,236992500,68
6142,237067281,237060944,6337
6143,237067281,237060944,6337
6144,237067281,237060944,6337
6145,237067281,237060944,6337
6146,237167718,237167672,46
6147,237889608,237889608,0
6148,237951435,237951435,0
6149,237997288,237995947,1341
6150,237997288,237994846,2442
6151,238054222,238053935,287
6152,240072524,240072524,0
6153,240072717,240072524,193
6154,240555862,240555860,2
6155,240638489,240637454,1035
6156,240638489,240637454,1035
6157,240638489,240637454,1035
6158,240656775,240656775,0
6159,240775462,240656775,118687
6160,241032152,241032098,54
6161,241307868,241262062,45806
6162,241372018,241099980,272038
6163,241519126,241519076,50
6164,241519126,241519076,50
6165,241520478,241519076,1402
6166,241520478,241519076,1402
6167,241683085,241683022,63
6168,241753565,241753565,0
6169,241754041,241753610,431
6170,241758949,241755455,3494
6171,241799232,241799068,164
6172,241803701,241803556,145
6173,241959672,241959672,0
6174,241965434,241964517,917
6175,241965434,241964517,917
6176,242053241,242052902,339
6177,242053241,242052902,339
6178,242053241,242052902,339
6179,242053241,242052775,466
6180,242162385,242162310,75
6181,242612784,242612658,126
6182,242612784,242383400,229384
6183,242687998,242687578,420
6184,242687998,242511450,176548
6185,243303665,243299530,4135
6186,243329418,243329395,23
6187,243418708,243388582,30126
6188,243418708,243388582,30126
6189,243418708,243388582,30126
6190,243418708,243388582,30126
6191,243469386,243468446,940
6192,243663393,243663087,306
6193,243663393,243663087,306
6194,243663393,243663087,306
6195,243663393,243663087,306
6196,244006584,244006472,112
6197,244006584,244006472,112
6198,244006886,244006472,414
6199,244219193,244217899,1294
6200,244220780,244218672,2108
6201,244220780,244218672,2108
6202,244220780,244218672,2108
6203,244552388,244552371,17
6204,244552388,244552371,17
6205,244552388,244552301,87
6206,244615436,244615119,317
6207,244773890,244773673,217
6208,244803662,244803383,279
6209,244803662,244798799,4863
6210,244803662,244803383,279
6211,244803662,244803383,279
6212,244872334,244869091,3243
6213,244872334,244869091,3243
6214,245008359,245006478,1881
6215,245024393,245023825,568
6216,245027827,245027609,218
6217,245027827,245027609,218
6218,245251148,245250662,486
6219,245251148,245250662,486
6220,245288530,245285250,3280
6221,245288530,245285250,3280
6222,245535019,245533967,1052
6223,245809683,245809586,97
6224,245852109,245852108,1
6225,245852109,245852108,1
6226,245866428,245865908,520
6227,246094125,246093203,922
6228,246580714,246518383,62331
6229,246670644,246670519,125
6230,246729565,246729440,125
6231,246811544,246811354,190
6232,246831884,246829207,2677
6233,246931440,246930602,838
6234,247062814,247027348,35466
6235,247094726,247094629,97
6236,247171395,247171210,185
6237,247171395,247171210,185
6238,247171395,247171210,185
6239,247242115,247241898,217
6240,247242115,247241898,217
6241,247267674,247267501,173
6242,247267674,247267501,173
6243,247275719,247275526,193
6244,247335318,247335179,139
6245,247335318,247335179,139
6246,247335318,247335179,139
6247,247335318,247335179,139
6248,247420447,247420447,0
6249,247473758,247473734,24
6250,247492917,247492880,37
6251,247492917,247492880,37
6252,247495045,247492880,2165
6253,247589094,247588905,189
6254,247612406,247611806,600
6255,247612406,247611806,600
6256,247612406,247611806,600
6257,247612406,247611806,600
6258,247612406,247611806,600
6259,247612406,247611806,600
6260,247615284,247615284,0
6261,247655711,247655392,319
6262,247695813,247695813,0
6263,247697141,247695813,1328
6264,247739848,247737684,2164
6265,247752615,247752615,0
6266,247769817,247769817,0
6267,247836343,247836343,0
6268,247876057,247876057,0
6269,247921708,247921708,0
6270,247979031,247979031,0
6271,248005198,248005198,0
6272,248043438,248039791,3647
6273,248059833,248059833,0
6274,248060142,248059833,309
6275,248085258,248085258,0
6276,248113098,248113098,0
6277,248129641,248129641,0
6278,248154493,248154493,0
6279,248186188,248186188,0
6280,248202607,248202508,99
6281,248224922,248224922,0
6282,248263616,248263616,0
6283,248264224,248263616,608
6284,248286082,248286082,0
6285,248309388,248309388,0
6286,248344331,248344331,0
6287,248367308,248367308,0
6288,248403166,248403166,0
6289,248437116,248437116,0
6290,248458880,248458880,0
6291,248487870,248487870,0
6292,248513015,248513015,0
6293,248525929,248525929,0
6294,248551836,248551836,0
6295,248570405,248570405,0
6296,248617073,248617073,0
6297,248637608,248637608,0
6298,248652837,248652837,0
6299,248685898,248685898,0
6300,248722792,248722792,0
6301,248738058,248738058,0
6302,248757069,248757069,0
6303,248790429,248790429,0
6304,248802559,248802559,0
6305,248814185,248814185,0
6306,248845605,248845605,0
6307,248903151,248903151,0
6308,249109099,249108863,236
6309,249119834,249108927,10907
6310,249120154,249119134,1020
6311,249142832,249142832,0
6312,249143714,249142832,882
6313,249150234,249149881,353
6314,249152264,249149881,2383
6315,249152912,249150533,2379
6316,249153125,249152713,412
6317,249153315,249152508,807
6318,249153315,249152508,807
6319,249212562,249212562,0
6320,249213345,249212562,783
6321,249213345,249212562,783
6322,249213345,249212562,783
6323,46588,46385,203
6324,256690,242800,13890
6325,264068,263984,84
6326,264068,263984,84
6327,264810,242800,22010
6328,272481,272258,223
6329,273149,272258,891
6330,278282,277304,978
6331,278282,277304,978
6332,287892,287835,57
6333,288308,287835,473
6334,677439,677345,94
6335,1371384,1371246,138
6336,1371384,1371246,138
6337,1443171,1442630,541
6338,1544495,1544495,0
6339,1546499,1546246,253
6340,1546499,1546246,253
6341,1546499,1546246,253
6342,1546499,1546246,253
6343,1546499,1546246,253
6344,1546499,1546246,253
6345,1748291,1748227,64
6346,1748291,1748227,64
6347,1748291,1687438,60853
6348,1846658,1842988,3670
6349,2335045,1983549,351496
6350,2335045,1983549,351496
6351,3381653,3381460,193
6352,3483342,3483232,110
6353,3483342,3483232,110
6354,3488857,3488649,208
6355,3523350,3523258,92
6356,3605879,3599791,6088
6357,3605940,3605850,90
6358,3624459,3624268,191
6359,3628509,3628472,37
6360,3692234,3691708,526
6361,3692234,3691708,526
6362,3692234,3691708,526
6363,3692234,3691708,526
6364,3692234,3691708,526
6365,3692234,3691708,526
6366,3692234,3691708,526
6367,3692234,3691708,526
6368,3692234,3691708,526
6369,3692234,3691708,526
6370,3692234,3691708,526
6371,3750260,3750153,107
6372,3750260,3750153,107
6373,5841517,5834179,7338
6374,7005950,7005827,123
6375,7005950,7005827,123
6376,7005950,7005827,123
6377,7038363,7036073,2290
6378,7184309,7179891,4418
6379,8116977,8108372,8605
6380,8824583,8823029,1554
6381,8890465,8890274,191
6382,8910962,8910825,137
6383,8977755,8946430,31325
6384,8977755,8967223,10532
6385,8977755,8958905,18850
6386,8977755,8967223,10532
6387,9143876,9143743,133
6388,9143876,9143743,133
6389,9545812,9543456,2356
6390,9545812,9543456,2356
6391,9563379,9558826,4553
6392,9563643,9558826,4817
6393,9563643,9558826,4817
6394,9563643,9563520,123
6395,9599747,9599746,1
6396,9613239,9613146,93
6397,9613239,9613146,93
6398,9628591,9628458,133
6399,9628591,9628458,133
6400,9628591,9628458,133
6401,9695917,9695734,183
6402,9695917,9695734,183
6403,9695917,9695734,183
6404,9695917,9695734,183
6405,9695917,9695734,183
6406,9771106,9770581,525
6407,10053714,10053442,272
6408,10059985,10059953,32
6409,10074545,10074113,432
6410,10074545,10074113,432
6411,10074545,10074113,432
6412,10142412,10140835,1577
6413,10142412,10140835,1577
6414,10142412,10140835,1577
6415,10194963,10192634,2329
6416,10194963,10192634,2329
6417,10194963,10192634,2329
6418,10220538,10220350,188
6419,10271546,10269513,2033
6420,10350942,10350723,219
6421,10567743,10566947,796
6422,10567743,10566947,796
6423,10567743,10566947,796
6424,10567743,10566947,796
6425,10567743,10566947,796
6426,10587906,10585158,2748
6427,10588453,10585158,3295
6428,10588453,10584279,4174
6429,10830113,10829987,126
6430,10830113,10829987,126
6431,10830113,10822157,7956
6432,10830113,10829987,126
6433,10925236,10923389,1847
6434,10925236,10923389,1847
6435,10952960,10952822,138
6436,10952960,10950378,2582
6437,10972611,10960990,11621
6438,10972611,10959433,13178
6439,10978103,10977731,372
6440,11054351,11054037,314
6441,11272347,11268923,3424
6442,11286150,11284237,1913
6443,11286916,11284237,2679
6444,11318998,11317954,1044
6445,11318998,11317954,1044
6446,11484711,11484262,449
6447,11606303,11593862,12441
6448,11606303,11598418,7885
6449,11606303,11591856,14447
6450,11606303,11593862,12441
6451,11606303,11606005,298
6452,11606303,11593862,12441
6453,11721391,11721149,242
6454,11728355,11727578,777
6455,11732272,11731550,722
6456,11751153,11751153,0
6457,11782912,11780580,2332
6458,11782912,11780580,2332
6459,11810329,11810255,74
6460,11924431,11924052,379
6461,11967533,11964917,2616
6462,11967533,11964917,2616
6463,11967533,11964917,2616
6464,11967533,11964917,2616
6465,12882858,12880920,1938
6466,12882858,12880920,1938
6467,14774982,14774982,0
6468,14780168,14774982,5186
6469,14790933,14789447,1486
6470,15378818,15330479,48339
6471,15564592,15564591,1
6472,15701472,15701428,44
6473,15768963,15768963,0
6474,15771235,15771030,205
6475,15771235,15771030,205
6476,16081845,16081656,189
6477,16087129,16086219,910
6478,16087129,16086219,910
6479,16804344,16769387,34957
6480,16847134,16769387,77747
6481,17699706,17699682,24
6482,17711681,17699655,12026
6483,17837706,17836661,1045
6484,17927218,17927213,5
6485,17927679,17927213,466
6486,17935096,17927213,7883
6487,17935096,17927213,7883
6488,17935096,17927213,7883
6489,17966632,17963206,3426
6490,17966632,17963206,3426
6491,17966632,17963206,3426
6492,17981462,17927213,54249
6493,17998367,17998367,0
6494,18113751,18113751,0
6495,18114225,18113751,474
6496,18114225,18113751,474
6497,18741959,18741838,121
6498,18766244,18766058,186
6499,18770824,18770772,52
6500,18770846,18770734,112
6501,18770846,18770734,112
6502,18770846,18770734,112
6503,18770846,18770734,112
6504,18770846,18770734,112
6505,18770846,18770734,112
6506,18770846,18770734,112
6507,19558372,19553566,4806
6508,20101744,20101615,129
6509,20153739,20153722,17
6510,20175424,20153722,21702
6511,20189884,20189776,108
6512,20189884,20189776,108
6513,20212455,20212392,63
6514,20212455,20212392,63
6515,20251789,20251281,508
6516,20251789,20251281,508
6517,20424927,20424628,299
6518,20424927,20424628,299
6519,20425194,20424628,566
6520,20478580,20478431,149
6521,20527139,20527121,18
6522,20527147,20527121,26
6523,20527147,20512161,14986
6524,20527147,20527121,26
6525,20550463,20527121,23342
6526,20550463,20512161,38302
6527,20649201,20647817,1384
6528,20850864,20850823,41
6529,20850864,20850823,41
6530,20850864,20850823,41
6531,20871250,20871185,65
6532,21022827,21001223,21604
6533,21022827,20974647,48180
6534,21022827,21001223,21604
6535,21022827,21001223,21604
6536,21022827,20974647,48180
6537,21022827,21001223,21604
6538,21022827,21001223,21604
6539,21266945,21266817,128
6540,23867144,23866064,1080
6541,23920814,23919387,1427
6542,23931483,23929534,1949
6543,24055472,24021151,34321
6544,24149936,24149640,296
6545,24149936,24149640,296
6546,24149936,24149640,296
6547,24223693,24222737,956
6548,24223693,24222737,956
6549,24223693,24222737,956
6550,24247145,24247145,0
6551,24270296,24262364,7932
6552,24270296,24262364,7932
6553,24286550,24286062,488
6554,24286550,24285933,617
6555,24299314,24299099,215
6556,24307201,24307196,5
6557,24308085,24307196,889
6558,24308085,24307196,889
6559,24308085,24306009,2076
6560,24346151,24345405,746
6561,24392507,24390524,1983
6562,24392507,24390538,1969
6563,24414567,24413500,1067
6564,24427824,24427687,137
6565,24583397,24550951,32446
6566,24583397,24550951,32446
6567,24583397,24550951,32446
6568,24583397,24550951,32446
6569,24993570,24990992,2578
6570,24993570,24990992,2578
6571,24993570,24990992,2578
6572,24993570,24991260,2310
6573,24993570,24991260,2310
6574,24993570,24990992,2578
6575,25016251,25016246,5
6576,25045245,25040675,4570
6577,25045245,25040675,4570
6578,25064536,25064156,380
6579,25142055,25141856,199
6580,25142055,25141856,199
6581,25194485,25186300,8185
6582,25194963,25194773,190
6583,25194963,25194773,190
6584,25262563,25258307,4256
6585,25370757,25367965,2792
6586,25382004,25377209,4795
6587,25391559,25387641,3918
6588,25391559,25387641,3918
6589,25391559,25387641,3918
6590,25475184,25475066,118
6591,25564784,25536853,27931
6592,25565459,25536853,28606
6593,25565459,25536853,28606
6594,25650885,25650472,413
6595,25705742,25705720,22
6596,25873091,25851230,21861
6597,25875530,25875529,1
6598,25875530,25875496,34
6599,25896516,25875529,20987
6600,25896516,25803686,92830
6601,25896516,25875529,20987
6602,25896516,25875529,20987
6603,25896516,25875529,20987
6604,25896516,25875529,20987
6605,25896516,25875529,20987
6606,25896516,25803686,92830
6607,25896516,25851046,45470
6608,26003178,25982509,20669
6609,26101312,26101091,221
6610,26205443,26204786,657
6611,26205443,26204786,657
6612,26360323,26357890,2433
6613,26412532,26411126,1406
6614,26412532,26411126,1406
6615,26467594,26467464,130
6616,26467594,26461854,5740
6617,26467594,26461854,5740
6618,26513333,26512821,512
6619,26513333,26512821,512
6620,26513333,26512821,512
6621,26513333,26512821,512
6622,26541917,26541917,0
6623,26541970,26541917,53
6624,26568669,26536712,31957
6625,26569685,26569102,583
6626,26569685,26536712,32973
6627,26618759,26611971,6788
6628,26679579,26679385,194
6629,26696435,26695440,995
6630,26700910,26700590,320
6631,26700910,26700761,149
6632,26700910,26700590,320
6633,26781566,26781439,127
6634,26802395,26802306,89
6635,26802397,26800500,1897
6636,26864211,26864182,29
6637,26954066,26951436,2630
6638,27004099,27001379,2720
6639,27004099,27001379,2720
6640,27004099,27001379,2720
6641,27004099,27001379,2720
6642,27017455,27016147,1308
6643,27017455,27016147,1308
6644,27173219,27169863,3356
6645,27173219,27169863,3356
6646,27173219,27169863,3356
6647,27246846,27246543,303
6648,27250087,27249216,871
6649,27264565,27263705,860
6650,27264565,27263705,860
6651,27282403,27282337,66
6652,27293490,27293131,359
6653,27294330,27294330,0
6654,27294567,27294330,237
6655,27306017,27306017,0
6656,27309265,27308883,382
6657,27309265,27308883,382
6658,27323619,27322618,1001
6659,27323619,27322618,1001
6660,27323619,27322618,1001
6661,27327605,27327600,5
6662,27333970,27325018,8952
6663,27341773,27327234,14539
6664,27341773,27327234,14539
6665,27341995,27327234,14761
6666,27341995,27327234,14761
6667,27341995,27327234,14761
6668,27349815,27347104,2711
6669,27353680,27353612,68
6670,27357542,27357289,253
6671,27357542,27356508,1034
6672,27361197,27361197,0
6673,27362332,27361197,1135
6674,27375819,27375735,84
6675,27434620,27430518,4102
6676,27434820,27430518,4302
6677,27435175,27430518,4657
6678,27440046,27439816,230
6679,27440046,27439816,230
6680,27466654,27466386,268
6681,27466654,27466386,268
6682,27481451,27480335,1116
6683,27485960,27485774,186
6684,27498188,27498051,137
6685,27504296,27503083,1213
6686,27504296,27503090,1206
6687,27504296,27503083,1213
6688,27530307,27529409,898
6689,27530307,27529409,898
6690,27530763,27530763,0
6691,27531130,27530763,367
6692,27545431,27545384,47
6693,27545969,27545384,585
6694,27558295,27556618,1677
6695,27560670,27560449,221
6696,27579359,27578962,397
6697,27579901,27566421,13480
6698,27579901,27566421,13480
6699,27579901,27566421,13480
6700,27592919,27592880,39
6701,27593190,27592401,789
6702,27593196,27592772,424
6703,27593324,27593181,143
6704,27593324,27593181,143
6705,27593324,27590978,2346
6706,27593324,27592401,923
6707,27600400,27599586,814
6708,27600400,27599586,814
6709,27600400,27599586,814
6710,27600400,27599586,814
6711,27600400,27599586,814
6712,27600400,27599586,814
6713,27600400,27599586,814
6714,27600400,27599586,814
6715,27600400,27599586,814
6716,27600400,27599586,814
6717,27600400,27599586,814
6718,27603311,27602984,327
6719,27603611,27603393,218
6720,27632550,27632289,261
6721,27665124,27664679,445
6722,27665124,27664679,445
6723,27665124,27664679,445
6724,27667164,27666923,241
6725,27667164,27666923,241
6726,27667164,27666923,241
6727,27669348,27666923,2425
6728,27712571,27712520,51
6729,27712571,27708346,4225
6730,27712571,27712520,51
6731,27712571,27712520,51
6732,27712571,27712520,51
6733,27718126,27717546,580
6734,27746550,27746306,244
6735,27746550,27746306,244
6736,27746550,27746306,244
6737,27805589,27805394,195
6738,27846082,27844328,1754
6739,27846082,27844328,1754
6740,27846082,27844328,1754
6741,27846082,27844328,1754
6742,27846082,27844328,1754
6743,27846082,27844328,1754
6744,27846082,27844328,1754
6745,27850666,27850666,0
6746,27851745,27851630,115
6747,27851898,27850666,1232
6748,27870810,27870809,1
6749,27873713,27873067,646
6750,27873713,27873067,646
6751,27873713,27873067,646
6752,27873713,27873067,646
6753,27873713,27873067,646
6754,27886444,27885059,1385
6755,27886449,27885059,1390
6756,27886449,27885059,1390
6757,27886449,27884263,2186
6758,27886449,27884263,2186
6759,27917847,27917550,297
6760,27938599,27931032,7567
6761,28002608,28002349,259
6762,28002608,28002423,185
6763,28113223,28113212,11
6764,28113223,28113212,11
6765,28561767,28532991,28776
6766,28561767,28561380,387
6767,28561767,28532991,28776
6768,28561767,28550300,11467
6769,28561767,28561380,387
6770,28561767,28561396,371
6771,28561767,28561380,387
6772,28637516,28635315,2201
6773,28637516,28635315,2201
6774,28639445,28635315,4130
6775,28816158,28815622,536
6776,28818926,28816920,2006
6777,28866653,28865927,726
6778,28866653,28865927,726
6779,28866653,28865927,726
6780,29005155,29004812,343
6781,29025806,29022169,3637
6782,29025806,29022169,3637
6783,29025806,29022169,3637
6784,29025806,29022169,3637
6785,29063675,29063346,329
6786,29063675,29063346,329
6787,29073475,29072807,668
6788,29073475,29072807,668
6789,29093175,29093143,32
6790,29171080,29169645,1435
6791,29270413,29268404,2009
6792,29275096,29274959,137
6793,29275096,29274959,137
6794,29275096,29274959,137
6795,29297127,29297127,0
6796,29380213,29380212,1
6797,29383333,29383332,1
6798,29397579,29397315,264
6799,29406679,29404759,1920
6800,29446465,29446362,103
6801,29447593,29446362,1231
6802,30144477,30143525,952
6803,30383399,30381709,1690
6804,30383399,30381709,1690
6805,30383399,30381709,1690
6806,30383399,30381709,1690
6807,30383399,30381709,1690
6808,30482899,30480487,2412
6809,30830712,30829066,1646
6810,30867091,30863485,3606
6811,30867091,30863485,3606
6812,30867091,30863485,3606
6813,30867091,30863485,3606
6814,30966445,30966355,90
6815,31010223,31010191,32
6816,31030311,31010191,20120
6817,31030311,31010191,20120
6818,31352506,31337677,14829
6819,31361592,31360952,640
6820,31361592,31301823,59769
6821,31361592,31360952,640
6822,31361592,31360952,640
6823,31378068,31369829,8239
6824,31440411,31428313,12098
6825,31456724,31425022,31702
6826,31491260,31489570,1690
6827,31491260,31489068,2192
6828,31637611,31637532,79
6829,31806040,31805969,71
6830,32235698,32235316,382
6831,32235698,32235316,382
6832,32236105,32235316,789
6833,32264844,32264525,319
6834,32264862,32264525,337
6835,32382706,32379565,3141
6836,32382706,32379565,3141
6837,32449181,32445782,3399
6838,32449181,32445782,3399
6839,32449181,32445782,3399
6840,32449181,32445782,3399
6841,32449181,32445782,3399
6842,32449181,32445782,3399
6843,32449181,32445782,3399
6844,32489949,32481844,8105
6845,32490689,32481844,8845
6846,32490812,32481844,8968
6847,32490812,32481844,8968
6848,32531658,32530695,963
6849,32843965,32842971,994
6850,33046118,33046005,113
6851,33046118,33046005,113
6852,33151756,33150694,1062
6853,33624575,33623612,963
6854,33624575,33623612,963
6855,33624575,33623612,963
6856,33624575,33623612,963
6857,33624575,33623612,963
6858,33624575,33623612,963
6859,33789798,33787804,1994
6860,33789798,33787804,1994
6861,33789798,33787804,1994
6862,33812473,33812402,71
6863,33814915,33813554,1361
6864,33824362,33824288,74
6865,33824362,33812324,12038
6866,33953284,33952842,442
6867,36778278,36775844,2434
6868,36821709,36808553,13156
6869,36825332,36825285,47
6870,36825332,36825285,47
6871,36825332,36825285,47
6872,36986818,36986314,504
6873,37000990,37000989,1
6874,37041937,37041504,433
6875,37041937,37041504,433
6876,37041937,37041504,433
6877,37041937,37041504,433
6878,37193615,37193606,9
6879,37193615,37193606,9
6880,37241163,37241019,144
6881,37241163,37241019,144
6882,37311485,37310557,928
6883,37323738,37323406,332
6884,37323738,37323406,332
6885,37374965,37374949,16
6886,37374965,37374949,16
6887,37384190,37374949,9241
6888,37384190,37374949,9241
6889,37384190,37374949,9241
6890,37415690,37415669,21
6891,37431886,37428867,3019
6892,37431886,37428867,3019
6893,37458740,37458710,30
6894,37476303,37475493,810
6895,37476303,37475493,810
6896,37476303,37475493,810
6897,37476303,37475493,810
6898,37506533,37505104,1429
6899,37544222,37543667,555
6900,37544222,37543667,555
6901,37600465,37599970,495
6902,37873730,37873730,0
6903,37899342,37873730,25612
6904,37899342,37873730,25612
6905,37899342,37873730,25612
6906,37899678,37873730,25948
6907,38225506,38224684,822
6908,38244884,38244382,502
6909,38244884,38244382,502
6910,38244884,38244382,502
6911,38294285,38294133,152
6912,38303323,38302531,792
6913,38603672,38603321,351
6914,38603672,38603321,351
6915,38603672,38545766,57906
6916,38604432,38604402,30
6917,38604432,38545766,58666
6918,38604432,38604402,30
6919,38809310,38800528,8782
6920,38830178,38830009,169
6921,38830178,38829768,410
6922,38961909,38960707,1202
6923,38978636,38978398,238
6924,38978636,38978398,238
6925,39009106,39009034,72
6926,39082394,39081377,1017
6927,39094380,39082402,11978
6928,39103021,39095547,7474
6929,39103021,39095547,7474
6930,39109850,39109656,194
6931,39202590,39200984,1606
6932,39262451,39251194,11257
6933,39279028,39278344,684
6934,39347604,39347563,41
6935,39456673,39456673,0
6936,39456673,39456673,0
6937,39553102,39515394,37708
6938,39664453,39664128,325
6939,39664453,39664128,325
6940,39945096,39944391,705
6941,39945104,39944391,713
6942,39945104,39944391,713
6943,40006416,40006379,37
6944,40006416,39997242,9174
6945,40006416,40006379,37
6946,40657444,40657420,24
6947,40657444,40657420,24
6948,40657444,40657420,24
6949,40657444,40657420,24
6950,40679209,40657420,21789
6951,40679209,40657420,21789
6952,40739575,40657420,82155
6953,40739575,40657420,82155
6954,42180943,42180435,508
6955,42285668,42284828,840
6956,42488639,42488441,198
6957,42559688,42557347,2341
6958,42559688,42557347,2341
6959,42559688,42557347,2341
6960,42559688,42557347,2341
6961,42559688,42557347,2341
6962,42588988,42588301,687
6963,42721237,42720641,596
6964,42721237,42720641,596
6965,42936353,42936259,94
6966,42936353,42936259,94
6967,42984086,42980539,3547
6968,42984086,42980539,3547
6969,42991401,42991319,82
6970,43019751,43019676,75
6971,43019751,43019676,75
6972,43453745,43453454,291
6973,43455994,43455120,874
6974,43797649,43793954,3695
6975,43797649,43793954,3695
6976,43823113,43819531,3582
6977,43823113,43819531,3582
6978,43823185,43819531,3654
6979,43823185,43804327,18858
6980,43823185,43804327,18858
6981,43823185,43819531,3654
6982,43823185,43819531,3654
6983,43903461,43903461,0
6984,43939522,43937804,1718
6985,43968500,43968198,302
6986,43995126,43992737,2389
6987,44022316,44021881,435
6988,44022322,44019929,2393
6989,44032694,44032397,297
6990,44037149,44036906,243
6991,44037149,44036906,243
6992,44037149,44036906,243
6993,44055605,44051190,4415
6994,44065958,44065818,140
6995,44066004,44064994,1010
6996,44066004,44051190,14814
6997,44105605,44105052,553
6998,44105605,44105052,553
6999,44223115,44222983,132
7000,44223144,44223086,58
7001,44223144,44222983,161
7002,44436571,44436486,85
7003,44458611,44457857,754
7004,44458611,44457140,1471
7005,44458611,44457857,754
7006,44461742,44459484,2258
7007,44471523,44471522,1
7008,44528556,44528306,250
7009,44539929,44539901,28
7010,44542382,44541168,1214
7011,44545894,44545334,560
7012,44547962,44547778,184
7013,44547962,44547778,184
7014,44547962,44547778,184
7015,44586889,44586854,35
7016,44586889,44586854,35
7017,44587813,44586854,959
7018,44588700,44586854,1846
7019,44588700,44573481,15219
7020,44589001,44573481,15520
7021,44589001,44586854,2147
7022,44684400,44683729,671
7023,44999731,44999252,479
7024,45173216,45171899,1317
7025,45236542,45236249,293
7026,45795154,45780835,14319
7027,45838433,45832580,5853
7028,46415129,46412020,3109
7029,46613842,46611799,2043
7030,46613842,46611799,2043
7031,46739850,46739850,0
7032,46747096,46739850,7246
7033,46811827,46808222,3605
7034,46844251,46842303,1948
7035,46844251,46842303,1948
7036,46852881,46851366,1515
7037,46987280,46987280,0
7038,46989927,46987280,2647
7039,46989927,46987280,2647
7040,47049799,47049297,502
7041,47143007,47136310,6697
7042,47143007,47136310,6697
7043,47143007,47135101,7906
7044,47143251,47136310,6941
7045,47143251,47135101,8150
7046,47168994,47136310,32684
7047,47168994,47168802,192
7048,47277185,47277184,1
7049,47303275,47301062,2213
7050,47303275,47301062,2213
7051,47303275,47301062,2213
7052,47303275,47301062,2213
7053,47303275,47301062,2213
7054,47303275,47301062,2213
7055,47303275,47301062,2213
7056,47382517,47382390,127
7057,47382517,47382390,127
7058,47403740,47403582,158
7059,47538026,47537998,28
7060,47614167,47613752,415
7061,47641557,47641557,0
7062,47710367,47710088,279
7063,47710367,47710088,279
7064,47710367,47710088,279
7065,47797470,47797470,0
7066,47906510,47905421,1089
7067,48028471,48028329,142
7068,48034092,48033999,93
7069,48034092,48033999,93
7070,48034092,48033999,93
7071,48059625,48049425,10200
7072,48063140,48063127,13
7073,48115858,48066888,48970
7074,48132932,48132859,73
7075,48132932,48132859,73
7076,48606434,48602582,3852
7077,48698589,48698510,79
7078,48723044,48722943,101
7079,48742531,48741883,648
7080,48742531,48741883,648
7081,48742531,48741883,648
7082,48742531,48741883,648
7083,48825654,48822441,3213
7084,48825654,48822441,3213
7085,48906749,48906581,168
7086,48906749,48906581,168
7087,48906749,48906581,168
7088,48906749,48906581,168
7089,48982880,48982810,70
7090,49003656,49003454,202
7091,49381666,49381556,110
7092,49381666,49381556,110
7093,49381666,49381556,110
7094,50201304,50201138,166
7095,50201304,50201138,166
7096,50574894,50574087,807
7097,50850753,50850625,128
7098,51256332,51255411,921
7099,51256332,51255411,921
7100,51259674,51255411,4263
7101,51259674,51255411,4263
7102,51259674,51255411,4263
7103,54002287,54001662,625
7104,54013985,53978055,35930
7105,54014146,53992709,21437
7106,54014146,53978055,36091
7107,54014146,53992709,21437
7108,54045956,54045106,850
7109,54045956,54045106,850
7110,54045956,54045106,850
7111,54081893,54081893,0
7112,54087170,54087065,105
7113,54087170,54081893,5277
7114,54114604,54114585,19
7115,54176420,54176320,100
7116,54197977,54197921,56
7117,54197977,54150490,47487
7118,54197977,54176406,21571
7119,54197977,54197921,56
7120,54483409,54483288,121
7121,54532435,54531939,496
7122,54588714,54587699,1015
7123,54588714,54587699,1015
7124,54588714,54587699,1015
7125,54756978,54756875,103
7126,54856940,54856938,2
7127,54889445,54887223,2222
7128,54889445,54887223,2222
7129,54898583,54895706,2877
7130,54898583,54895706,2877
7131,55199156,55197231,1925
7132,55237470,55237256,214
7133,55276326,55254616,21710
7134,55277436,55277435,1
7135,55277734,55277436,298
7136,55277734,55277436,298
7137,55277734,55277436,298
7138,55459410,55407682,51728
7139,55459449,55449547,9902
7140,55459699,55439941,19758
7141,55462989,55462713,276
7142,55462989,55462713,276
7143,55462989,55462713,276
7144,55494771,55473585,21186
7145,55496315,55490994,5321
7146,55496384,55490994,5390
7147,55524049,55523153,896
7148,55536390,55536338,52
7149,55555568,55549780,5788
7150,55555568,55544938,10630
7151,55562300,55561805,495
7152,55562300,55561805,495
7153,55602031,55601998,33
7154,55647057,55646215,842
7155,55647057,55646215,842
7156,55647057,55646215,842
7157,55772216,55772144,72
7158,55772216,55772144,72
7159,55800913,55800821,92
7160,55831212,55826100,5112
7161,55845113,55844421,692
7162,55845113,55844421,692
7163,55845113,55844421,692
7164,55921045,55920958,87
7165,56151298,56149575,1723
7166,56151298,56149575,1723
7167,56151298,56145142,6156
7168,56613309,56611490,1819
7169,58359564,58359130,434
7170,58387055,58386828,227
7171,58387055,58381897,5158
7172,58387055,58386828,227
7173,58387055,58381897,5158
7174,58387055,58386828,227
7175,58387055,58386828,227
7176,58387055,58386828,227
7177,58387055,58386828,227
7178,58387055,58381905,5150
7179,58387055,58386828,227
7180,58468515,58468448,67
7181,58468515,58468448,67
7182,58468515,58468448,67
7183,58468515,58468448,67
7184,59290901,59285731,5170
7185,60763325,60695897,67428
7186,60780633,60780405,228
7187,60780633,60780405,228
7188,60780633,60695897,84736
7189,60780633,60780405,228
7190,60780633,60780405,228
7191,60780633,60780405,228
7192,60780633,60780405,228
7193,61029221,61024295,4926
7194,61029221,61024295,4926
7195,61029221,61024281,4940
7196,61029221,61024295,4926
7197,61150178,61149670,508
7198,61150178,61149670,508
7199,61244328,61239025,5303
7200,61245365,61239025,6340
7201,61245365,61194644,50721
7202,61279125,61275905,3220
7203,61316639,61315655,984
7204,61351413,61349297,2116
7205,61351413,61349297,2116
7206,61365169,61361367,3802
7207,61391964,61391662,302
7208,61391964,61391662,302
7209,61414686,61413921,765
7210,61414686,61413921,765
7211,61433259,61417787,15472
7212,61507483,61493185,14298
7213,61697849,61697827,22
7214,61721878,61721214,664
7215,61764245,61761020,3225
7216,61765369,61761032,4337
7217,61765418,61761032,4386
7218,61765418,61719950,45468
7219,62081278,62081176,102
7220,62081278,62067568,13710
7221,62081278,62081176,102
7222,62081278,62069351,11927
7223,62115806,62115642,164
7224,62115806,62115642,164
7225,62115806,62106075,9731
7226,62115806,62112166,3640
7227,62363205,62363076,129
7228,62450549,62450549,0
7229,62451866,62450549,1317
7230,62733604,62733264,340
7231,62733604,62733264,340
7232,62762780,62738946,23834
7233,62999243,62998536,707
7234,63053716,63053407,309
7235,63092106,63092104,2
7236,63273621,63272635,986
7237,63273621,63272635,986
7238,63273621,63272635,986
7239,63273621,63272635,986
7240,63274846,63272540,2306
7241,63275656,63272540,3116
7242,63284966,63283451,1515
7243,63284966,63283451,1515
7244,63284966,63283451,1515
7245,63665086,63665017,69
7246,63670364,63664611,5753
7247,63711823,63711791,32
7248,63815867,63815405,462
7249,63815867,63798511,17356
7250,63834330,63834121,209
7251,63834330,63834121,209
7252,63834330,63834121,209
7253,64118696,64118361,335
7254,64118696,64118361,335
7255,64118696,64118361,335
7256,64147129,64139703,7426
7257,64163855,64161000,2855
7258,64202733,64202146,587
7259,64246214,64211133,35081
7260,64246214,64211133,35081
7261,64325364,64323411,1953
7262,64339483,64335444,4039
7263,64371605,64335444,36161
7264,64688517,64685562,2955
7265,64820138,64819169,969
7266,64820138,64819169,969
7267,64820138,64819169,969
7268,64820138,64819169,969
7269,64864005,64864005,0
7270,64881046,64864005,17041
7271,65159581,65159507,74
7272,65251000,65248280,2720
7273,65251000,65248280,2720
7274,65251000,65248280,2720
7275,65301312,65300279,1033
7276,65301622,65301622,0
7277,65309843,65309675,168
7278,65314142,65309839,4303
7279,65314142,65309839,4303
7280,65314142,65309839,4303
7281,65357435,65357049,386
7282,65357435,65357049,386
7283,65357435,65357049,386
7284,65357435,65357049,386
7285,65492501,65492378,123
7286,65498390,65495868,2522
7287,65498390,65495868,2522
7288,65498390,65495868,2522
7289,65593931,65593740,191
7290,65659656,65659121,535
7291,66796277,66796240,37
7292,66799583,66795911,3672
7293,66799891,66796240,3651
7294,66799891,66796240,3651
7295,67637533,67637170,363
7296,68280269,68274442,5827
7297,68290159,68274442,15717
7298,68290159,68274442,15717
7299,68290159,68274442,15717
7300,68290159,68274442,15717
7301,68384678,68371828,12850
7302,68384692,68384575,117
7303,68384692,68384575,117
7304,68403094,68401934,1160
7305,68479651,68479259,392
7306,68547019,68546532,487
7307,68547183,68546532,651
7308,68547183,68546532,651
7309,68624585,68622948,1637
7310,68624585,68621269,3316
7311,68694390,68692277,2113
7312,68772444,68772442,2
7313,68805313,68805267,46
7314,68807294,68805154,2140
7315,68882708,68882708,0
7316,69043443,69043408,35
7317,69046874,69046649,225
7318,69053957,69053326,631
7319,69053957,69053326,631
7320,69053957,69053326,631
7321,69053957,69053326,631
7322,69098649,69098490,159
7323,69180102,69179993,109
7324,69180102,69179993,109
7325,69208112,69207955,157
7326,69330575,69330164,411
7327,69373496,69372508,988
7328,69399689,69399516,173
7329,69476459,69472617,3842
7330,69614386,69614203,183
7331,69614386,69614203,183
7332,69664760,69659127,5633
7333,69664760,69664554,206
7334,69664760,69642377,22383
7335,69664760,69642377,22383
7336,69664760,69664554,206
7337,69870406,69870172,234
7338,69870406,69870172,234
7339,69870977,69870172,805
7340,69870977,69870172,805
7341,70053596,70052647,949
7342,70053596,70052647,949
7343,70053596,70052647,949
7344,70106727,70106136,591
7345,70132368,70131440,928
7346,70170076,70165416,4660
7347,70170076,70165416,4660
7348,70170076,70165416,4660
7349,70170076,70165416,4660
7350,70189397,70188820,577
7351,70314147,70223875,90272
7352,70316334,70315946,388
7353,70352448,70351542,906
7354,70418151,70409117,9034
7355,70475779,70475562,217
7356,70475779,70475562,217
7357,70475779,70475562,217
7358,70475779,70475562,217
7359,70508317,70504524,3793
7360,70508317,70504524,3793
7361,70508317,70504524,3793
7362,70520869,70520781,88
7363,70529220,70529143,77
7364,70780770,70780373,397
7365,70780770,70780373,397
7366,70781147,70780899,248
7367,70781147,70780899,248
7368,70781147,70780899,248
7369,70781147,70780899,248
7370,70781147,70780899,248
7371,70940316,70933540,6776
7372,70994847,70933540,61307
7373,70995375,70933540,61835
7374,70995375,70933540,61835
7375,70995375,70933540,61835
7376,70995375,70995031,344
7377,71017775,71017770,5
7378,71047732,71047655,77
7379,71047732,71047655,77
7380,71062953,71062906,47
7381,71160575,71160334,241
7382,71189577,71188827,750
7383,71192561,71192251,310
7384,71192561,71192251,310
7385,71212629,71211742,887
7386,71212629,71212430,199
7387,71221834,71220834,1000
7388,71222001,71221887,114
7389,71305998,71305638,360
7390,71305998,71305638,360
7391,71305998,71305638,360
7392,71357394,71357349,45
7393,71366343,71365910,433
7394,71377232,71377145,87
7395,71454233,71429719,24514
7396,71615709,71615610,99
7397,71622817,71622403,414
7398,71651168,71651168,0
7399,71654544,71653644,900
7400,71662191,71661937,254
7401,71662191,71661937,254
7402,71662191,71661937,254
7403,71662191,71661937,254
7404,71662191,71661937,254
7405,71662191,71661937,254
7406,71913893,71913622,271
7407,71913893,71913622,271
7408,71913893,71913622,271
7409,71913893,71913622,271
7410,71913893,71913622,271
7411,71913893,71913622,271
7412,71913893,71913622,271
7413,71913893,71913622,271
7414,71913893,71913622,271
7415,71913893,71913622,271
7416,71913893,71913622,271
7417,71913893,71913622,271
7418,71913893,71913622,271
7419,71913893,71913622,271
7420,71913893,71913622,271
7421,71913893,71913622,271
7422,72371544,72371495,49
7423,72374991,72374963,28
7424,72374991,72374963,28
7425,73053177,73053039,138
7426,73053177,73053039,138
7427,73119289,73118666,623
7428,73162020,73161083,937
7429,73208363,73198785,9578
7430,73215477,73198785,16692
7431,73286306,73249657,36649
7432,73286306,73227597,58709
7433,73298965,73298834,131
7434,73298965,73298834,131
7435,73298965,73268017,30948
7436,73307147,73302746,4401
7437,73316783,73316640,143
7438,73340146,73339905,241
7439,73438340,73438057,283
7440,73454355,73453074,1281
7441,73454355,73453074,1281
7442,73460356,73460288,68
7443,73480150,73479989,161
7444,73480150,73479989,161
7445,73480150,73479989,161
7446,73480150,73479989,161
7447,73480150,73479989,161
7448,73480150,73479989,161
7449,73496848,73496758,90
7450,73518113,73513512,4601
7451,73520829,73520754,75
7452,73520829,73520754,75
7453,73784481,73784480,1
7454,73800704,73800584,120
7455,73830986,73830435,551
7456,73837046,73836739,307
7457,73837046,73836739,307
7458,73868755,73868755,0
7459,73869537,73868755,782
7460,73912694,73912217,477
7461,73928467,73928432,35
7462,73961715,73961696,19
7463,73961718,73961696,22
7464,73964517,73961696,2821
7465,73964517,73961696,2821
7466,73964517,73961696,2821
7467,74007284,74007242,42
7468,74007284,74007242,42
7469,74044274,74044119,155
7470,74094295,74089386,4909
7471,74094295,74089386,4909
7472,74094295,74089386,4909
7473,74130385,74129855,530
7474,74146780,74146702,78
7475,74146780,74146702,78
7476,74146780,74146702,78
7477,74186088,74185863,225
7478,74186088,74185863,225
7479,74301031,74300770,261
7480,74335302,74329303,5999
7481,74335302,74329303,5999
7482,74375039,74375001,38
7483,74375039,74375001,38
7484,74405995,74405801,194
7485,74405995,74405801,194
7486,74442424,74441369,1055
7487,74442424,74441369,1055
7488,74442424,74441369,1055
7489,74542152,74542150,2
7490,74542152,74542150,2
7491,74555313,74542150,13163
7492,74561304,74542150,19154
7493,74570534,74542150,28384
7494,74592028,74590567,1461
7495,74601862,74601479,383
7496,74601862,74601479,383
7497,74607482,74607164,318
7498,74607482,74607164,318
7499,74607482,74607164,318
7500,74619214,74605354,13860
7501,74644844,74644535,309
7502,74652882,74652828,54
7503,74667710,74666749,961
7504,74667710,74659754,7956
7505,74667710,74666749,961
7506,74669060,74668943,117
7507,74669060,74668943,117
7508,74669060,74668943,117
7509,74685087,74684991,96
7510,74685087,74684991,96
7511,74685087,74684991,96
7512,74688018,74687808,210
7513,74690773,74690090,683
7514,74692410,74691844,566
7515,74692537,74692056,481
7516,74692537,74692374,163
7517,74692537,74692374,163
7518,74699942,74699787,155
7519,74710357,74709964,393
7520,74710357,74709964,393
7521,74710357,74709964,393
7522,74719572,74718877,695
7523,74721691,74720345,1346
7524,74721691,74720345,1346
7525,74726669,74726664,5
7526,74730443,74729986,457
7527,74732192,74730341,1851
7528,74734499,74733961,538
7529,74734821,74734795,26
7530,74744275,74743558,717
7531,74744275,74743316,959
7532,74750664,74749884,780
7533,74753408,74752856,552
7534,74755299,74754902,397
7535,74756974,74756756,218
7536,74756974,74756128,846
7537,74756974,74756848,126
7538,74756974,74756128,846
7539,74756974,74756756,218
7540,74759039,74758693,346
7541,74760683,74760112,571
7542,74760683,74760112,571
7543,74760683,74760112,571
7544,74760683,74760112,571
7545,74776790,74763427,13363
7546,74780211,74779761,450
7547,74781062,74779761,1301
7548,74781062,74779761,1301
7549,74781062,74779761,1301
7550,74784678,74784241,437
7551,74784678,74784241,437
7552,74784678,74784241,437
7553,74784678,74784241,437
7554,74784678,74784241,437
7555,74784678,74784241,437
7556,74784678,74784241,437
7557,74803745,74803668,77
7558,74875164,74867402,7762
7559,74875457,74867402,8055
7560,74875457,74867402,8055
7561,74901710,74900610,1100
7562,74902162,74902162,0
7563,74910981,74907336,3645
7564,74910981,74907336,3645
7565,74910981,74907336,3645
7566,74910981,74907336,3645
7567,74910981,74907336,3645
7568,75120481,75118068,2413
7569,75196859,75196549,310
7570,75426645,75426060,585
7571,75426645,75426060,585
7572,75788092,75745266,42826
7573,75788407,75745227,43180
7574,75796848,75745266,51582
7575,75889334,75882411,6923
7576,75928498,75917119,11379
7577,75937732,75929436,8296
7578,75938111,75937981,130
7579,75938111,75921411,16700
7580,75938111,75937981,130
7581,77749502,77748797,705
7582,77749502,77748797,705
7583,77749502,77748797,705
7584,77749502,77749241,261
7585,79255630,79255402,228
7586,79255630,79255402,228
7587,79255630,79255402,228
7588,79315150,79314738,412
7589,79315150,79314738,412
7590,79315150,79314738,412
7591,79349325,79348896,429
7592,79350545,79350341,204
7593,79350545,79350341,204
7594,79386879,79386531,348
7595,79386880,79386531,349
7596,79386880,79386531,349
7597,80530944,80530944,0
7598,80531487,80530944,543
7599,80875988,80874997,991
7600,80875988,80874997,991
7601,80875988,80874997,991
7602,80875988,80874997,991
7603,80875988,80874997,991
7604,80875988,80874997,991
7605,83084893,83084246,647
7606,84519324,84518398,926
7607,84686586,84686393,193
7608,84686586,84686354,232
7609,84811925,84811383,542
7610,84811925,84811383,542
7611,84924966,84924914,52
7612,85024920,85024803,117
7613,85046713,85046532,181
7614,85108369,85108163,206
7615,85108369,85108163,206
7616,85108369,85108163,206
7617,85133799,85133547,252
7618,85286595,85280532,6063
7619,85537511,85536585,926
7620,85555419,85555085,334
7621,85555419,85555085,334
7622,85555419,85555085,334
7623,85555419,85555085,334
7624,85555419,85555085,334
7625,85581821,85581630,191
7626,85581821,85581630,191
7627,85618871,85617621,1250
7628,85618875,85618085,790
7629,85618875,85618085,790
7630,85618875,85618085,790
7631,85618875,85617621,1254
7632,85628806,85628684,122
7633,85637820,85629268,8552
7634,85637820,85629268,8552
7635,85641197,85629268,11929
7636,85664152,85663705,447
7637,85769668,85768904,764
7638,85770775,85770161,614
7639,85770775,85770161,614
7640,85772403,85770895,1508
7641,85785785,85785717,68
7642,85788657,85788551,106
7643,85788657,85788551,106
7644,85809156,85808839,317
7645,85820511,85820280,231
7646,85824831,85824627,204
7647,85829792,85828159,1633
7648,85829822,85829071,751
7649,85829822,85828579,1243
7650,85839179,85839107,72
7651,85839179,85839107,72
7652,85872397,85872221,176
7653,85876407,85875931,476
7654,85876407,85875931,476
7655,85876407,85875931,476
7656,85876407,85875931,476
7657,85876407,85875931,476
7658,85876407,85875092,1315
7659,85895374,85895342,32
7660,85895864,85895342,522
7661,85895864,85895342,522
7662,85925875,85925697,178
7663,85925875,85925697,178
7664,85925875,85925697,178
7665,86002336,86000031,2305
7666,86018506,86014013,4493
7667,86088415,86075261,13154
7668,86094793,86094740,53
7669,86116157,86116028,129
7670,86116157,86116028,129
7671,86116157,86116028,129
7672,86271533,86271465,68
7673,86292810,86292552,258
7674,86333278,86332899,379
7675,86369280,86364682,4598
7676,86369280,86364682,4598
7677,86398432,86393645,4787
7678,86398435,86393645,4790
7679,86422893,86422505,388
7680,86422893,86422505,388
7681,86422893,86422505,388
7682,86422893,86422505,388
7683,86422893,86422505,388
7684,86422893,86422505,388
7685,86422893,86422505,388
7686,86422893,86422505,388
7687,86440477,86439549,928
7688,86440477,86437791,2686
7689,86564777,86564633,144
7690,86564777,86564625,152
7691,86564777,86564633,144
7692,86564777,86507185,57592
7693,86565206,86565199,7
7694,86719839,86719242,597
7695,86719839,86719242,597
7696,86719839,86719242,597
7697,86790620,86790471,149
7698,86790620,86756428,34192
7699,86790620,86737558,53062
7700,86790620,86790471,149
7701,86841821,86839346,2475
7702,86851000,86850985,15
7703,86851000,86850009,991
7704,86851000,86850009,991
7705,86948245,86847584,100661
7706,87005164,87000534,4630
7707,87018837,87018071,766
7708,87018837,87017948,889
7709,87018837,87017948,889
7710,87035519,87017948,17571
7711,87089047,87088988,59
7712,87089047,87088988,59
7713,87089047,87088988,59
7714,87089047,87088988,59
7715,87089047,87088988,59
7716,87089047,87088988,59
7717,87241099,87239670,1429
7718,87241099,87239670,1429
7719,87241099,87239670,1429
7720,87248973,87248906,67
7721,87277689,87276989,700
7722,87303536,87276872,26664
7723,87303536,87276872,26664
7724,87423980,87423752,228
7725,88038768,88038545,223
7726,88058994,88053152,5842
7727,88093287,88091830,1457
7728,88125286,88125248,38
7729,88285309,88285293,16
7730,88328082,88328082,0
7731,88355248,88328082,27166
7732,88355248,88328082,27166
7733,88412896,88411638,1258
7734,88412902,88410031,2871
7735,88412902,88410031,2871
7736,88427650,88427536,114
7737,88476660,88474931,1729
7738,88486156,88485210,946
7739,88486156,88485494,662
7740,88486156,88485494,662
7741,88486156,88485642,514
7742,88486156,88485642,514
7743,88752053,88752053,0
7744,88829103,88828992,111
7745,88927094,88926792,302
7746,89050452,89049595,857
7747,89106109,89104916,1193
7748,92130496,92129791,705
7749,95483546,95483154,392
7750,95542568,95542514,54
7751,95719737,95719200,537
7752,95719737,95719200,537
7753,95719737,95719200,537
7754,95719737,95719200,537
7755,95787754,95787536,218
7756,95787754,95787536,218
7757,95825099,95824728,371
7758,95825263,95818998,6265
7759,95850064,95847854,2210
7760,95850064,95847854,2210
7761,95850064,95847854,2210
7762,95850064,95847854,2210
7763,95957055,95954744,2311
7764,95957055,95954744,2311
7765,95957055,95954744,2311
7766,95957055,95954744,2311
7767,95979644,95976462,3182
7768,96051825,96049797,2028
7769,96051825,96049797,2028
7770,96078879,96078705,174
7771,96150479,96148462,2017
7772,96265469,96265321,148
7773,96572451,96555586,16865
7774,96573247,96555586,17661
7775,96693838,96693504,334
7776,96693838,96693762,76
7777,96700727,96698107,2620
7778,96700993,96693504,7489
7779,96700993,96698107,2886
7780,96701722,96698107,3615
7781,96781888,96781888,0
7782,96804175,96804175,0
7783,96811179,96811093,86
7784,96861287,96858892,2395
7785,96874573,96874172,401
7786,96931751,96931119,632
7787,96931751,96931119,632
7788,96939900,96937089,2811
7789,96950461,96950317,144
7790,96950612,96949715,897
7791,96971307,96971175,132
7792,96994091,96994037,54
7793,96994091,96994037,54
7794,96994091,96994037,54
7795,96994091,96994037,54
7796,97025190,97024939,251
7797,97031796,97031796,0
7798,97041274,97039089,2185
7799,97041274,97039089,2185
7800,97041274,97039089,2185
7801,97171094,97171023,71
7802,97171094,97171023,71
7803,97218371,97218050,321
7804,97218371,97218050,321
7805,97218371,97218050,321
7806,97218371,97218050,321
7807,97218371,97218050,321
7808,97271248,97270577,671
7809,97297219,97297137,82
7810,97297219,97293793,3426
7811,97297482,97297137,345
7812,97302965,97279335,23630
7813,97304116,97285140,18976
7814,97304116,97297137,6979
7815,97304116,97297137,6979
7816,97304116,97302872,1244
7817,97304116,97285140,18976
7818,97304116,97297137,6979
7819,97320635,97317766,2869
7820,97370624,97370429,195
7821,97370624,97370429,195
7822,97370624,97370429,195
7823,97405813,97405777,36
7824,97405813,97405777,36
7825,97405813,97399321,6492
7826,97405813,97400217,5596
7827,97405813,97399321,6492
7828,97405813,97400217,5596
7829,97405813,97400217,5596
7830,97475521,97475169,352
7831,97477628,97475254,2374
7832,97501121,97498353,2768
7833,97501121,97498353,2768
7834,97509758,97509729,29
7835,97509758,97509729,29
7836,97523756,97523724,32
7837,97529065,97527574,1491
7838,97529065,97527574,1491
7839,97532667,97532436,231
7840,97535735,97533623,2112
7841,97560899,97560824,75
7842,97563870,97559758,4112
7843,97617238,97617157,81
7844,97652301,97652050,251
7845,97760582,97757443,3139
7846,97784566,97784260,306
7847,97810283,97810283,0
7848,97853138,97853137,1
7849,97866099,97866099,0
7850,97913908,97913407,501
7851,97930257,97915904,14353
7852,98128515,98128467,48
7853,98132408,98128467,3941
7854,98206428,98206148,280
7855,98206428,98195420,11008
7856,98206428,98201416,5012
7857,98264657,98264571,86
7858,98280561,98280353,208
7859,98319529,98319264,265
7860,98356323,98355961,362
7861,98356323,98355961,362
7862,98356323,98355961,362
7863,98377660,98377406,254
7864,98612354,98612125,229
7865,98612354,98612125,229
7866,98833427,98833287,140
7867,98908546,98907171,1375
7868,98928495,98928495,0
7869,98928495,98928495,0
7870,98928495,98928495,0
7871,98929403,98928699,704
7872,98929410,98928812,598
7873,99015064,99013718,1346
7874,99015064,99013718,1346
7875,99015064,99013718,1346
7876,99198284,99198219,65
7877,99207496,99204071,3425
7878,99207496,99204071,3425
7879,99207496,99204071,3425
7880,99207496,99204071,3425
7881,99224981,99224868,113
7882,99234977,99234767,210
7883,99234977,99234767,210
7884,99234977,99234767,210
7885,99279936,99279822,114
7886,99279936,99279822,114
7887,99347589,99342795,4794
7888,99347589,99271943,75646
7889,99552684,99463263,89421
7890,99735242,99725902,9340
7891,99757612,99725902,31710
7892,99757612,99757602,10
7893,99757882,99725902,31980
7894,99758037,99725902,32135
7895,99767928,99767297,631
7896,99771187,99725902,45285
7897,99779542,99779542,0
7898,99779613,99779542,71
7899,99779613,99779542,71
7900,99779613,99779542,71
7901,99779613,99779542,71
7902,99779613,99779542,71
7903,99779613,99779542,71
7904,99779613,99779542,71
7905,99797492,99797444,48
7906,99811756,99811695,61
7907,99816020,99812168,3852
7908,99816020,99812168,3852
7909,99870748,99870723,25
7910,99871570,99870723,847
7911,99871570,99870723,847
7912,99917639,99912133,5506
7913,99921218,99912133,9085
7914,99952860,99949673,3187
7915,99952860,99949673,3187
7916,99957165,99954798,2367
7917,100016728,100015877,851
7918,100016728,100015877,851
7919,100079250,100079075,175
7920,100106480,100081437,25043
7921,100106480,100081437,25043
7922,100721159,100720916,243
7923,100722045,100720916,1129
7924,100722269,100722145,124
7925,100722509,100722484,25
7926,100722590,100720916,1674
7927,100759037,100720916,38121
7928,100939195,100938555,640
7929,101034130,101023137,10993
7930,101099742,101099726,16
7931,101193201,101192958,243
7932,101613287,101612044,1243
7933,101613287,101612044,1243
7934,101613287,101611890,1397
7935,101622885,101622843,42
7936,101622885,101622553,332
7937,101634991,101634367,624
7938,101635061,101634367,694
7939,101636155,101635500,655
7940,101676001,101666960,9041
7941,101767846,101767715,131
7942,101767846,101767715,131
7943,101886778,101885875,903
7944,101925178,101925050,128
7945,102003965,102003919,46
7946,102091165,102083310,7855
7947,102091165,102034043,57122
7948,102456456,102456455,1
7949,102478702,102476401,2301
7950,102511152,102507711,3441
7951,102511152,102507711,3441
7952,102511152,102507711,3441
7953,102511152,102507711,3441
7954,102511152,102507711,3441
7955,102511152,102507711,3441
7956,102511152,102507711,3441
7957,102511152,102507711,3441
7958,102511152,102507711,3441
7959,102511152,102507711,3441
7960,102511152,102507711,3441
7961,102641218,102641134,84
7962,102644884,102644854,30
7963,102644884,102644854,30
7964,102644884,102644854,30
7965,102796334,102793219,3115
7966,102796334,102793219,3115
7967,102796334,102793219,3115
7968,102855811,102855701,110
7969,102855811,102855701,110
7970,102961182,102959892,1290
7971,102961182,102959892,1290
7972,102968497,102968381,116
7973,102990453,102990441,12
7974,103015217,103013346,1871
7975,103015217,103013346,1871
7976,103015217,103013346,1871
7977,103015217,103013346,1871
7978,103069024,103068641,383
7979,103069024,103068641,383
7980,103150431,103149147,1284
7981,103327809,103324948,2861
7982,103353337,103353269,68
7983,103353347,103348850,4497
7984,103434138,103431427,2711
7985,103434138,103431427,2711
7986,103434138,103431427,2711
7987,103434138,103431427,2711
7988,105024790,104996102,28688
7989,105473471,105473471,0
7990,105488840,105488784,56
7991,105716418,105716219,199
7992,105859924,105859434,490
7993,105915162,105915160,2
7994,105946148,105924758,21390
7995,105946148,105924758,21390
7996,105961984,105961828,156
7997,105961984,105961828,156
7998,105984928,105984185,743
7999,106015575,106002973,12602
8000,106015575,106002973,12602
8001,106015681,106002973,12708
8002,106015681,106002973,12708
8003,106015681,106015553,128
8004,106015681,106015553,128
8005,106016124,106016002,122
8006,106055230,106002973,52257
8007,106055230,105984185,71045
8008,106510730,106509632,1098
8009,106510730,106509463,1267
8010,106510730,106509632,1098
8011,106694609,106694382,227
8012,106714166,106713698,468
8013,106755337,106746187,9150
8014,106810795,106810697,98
8015,106810795,106810697,98
8016,106810795,106780166,30629
8017,106810795,106810697,98
8018,107084801,107084744,57
8019,107502610,107460433,42177
8020,107503563,107460433,43130
8021,107503563,107460433,43130
8022,108509000,108507187,1813
8023,108509000,108507187,1813
8024,108630443,108627317,3126
8025,108630443,108627317,3126
8026,108630443,108627317,3126
8027,108630443,108627317,3126
8028,108881807,108881807,0
8029,108922138,108922125,13
8030,108926371,108924920,1451
8031,108926371,108924920,1451
8032,108926371,108924920,1451
8033,108970254,108968846,1408
8034,109004270,109003888,382
8035,109004270,109003888,382
8036,109125854,109124086,1768
8037,109125854,109124086,1768
8038,109303702,109300455,3247
8039,109303702,109300455,3247
8040,109303702,109300455,3247
8041,109303702,109300455,3247
8042,109303702,109300455,3247
8043,109303702,109300455,3247
8044,109402267,109400357,1910
8045,109492847,109492709,138
8046,109492847,109492584,263
8047,109492847,109492709,138
8048,109492847,109492584,263
8049,109605828,109547470,58358
8050,109605828,109547470,58358
8051,109605828,109547470,58358
8052,109746575,109746331,244
8053,110262207,110259248,2959
8054,110325553,110325478,75
8055,110332344,110332178,166
8056,110371783,110371404,379
8057,110371783,110371404,379
8058,110371783,110350638,21145
8059,110371783,110371404,379
8060,110371783,110371404,379
8061,110376564,110373644,2920
8062,110590596,110590540,56
8063,110595619,110595618,1
8064,110615282,110613473,1809
8065,110664033,110663468,565
8066,110874143,110873369,774
8067,110962639,110962545,94
8068,110962639,110962545,94
8069,110962639,110962545,94
8070,110962639,110962545,94
8071,110962639,110962545,94
8072,110962639,110962545,94
8073,110962639,110962545,94
8074,111230652,111230355,297
8075,111325105,111302735,22370
8076,111336309,111334601,1708
8077,111336309,111334601,1708
8078,111435684,111435572,112
8079,111435684,111435572,112
8080,111435684,111435572,112
8081,111435684,111435572,112
8082,111851921,111851075,846
8083,111851921,111851075,846
8084,111871762,111871743,19
8085,111875799,111875393,406
8086,111886423,111886328,95
8087,111903861,111902068,1793
8088,111926022,111911368,14654
8089,111926022,111919016,7006
8090,111926022,111911385,14637
8091,111926022,111911385,14637
8092,111926022,111921808,4214
8093,111926022,111921723,4299
8094,111926022,111921723,4299
8095,111926022,111921723,4299
8096,111926022,111911368,14654
8097,111926022,111909428,16594
8098,111926022,111902078,23944
8099,111926022,111911368,14654
8100,111926022,111919016,7006
8101,111926022,111921808,4214
8102,111926022,111921808,4214
8103,111926022,111887812,38210
8104,112641741,112638402,3339
8105,112786945,112786441,504
8106,112786945,112786441,504
8107,112839095,112839094,1
8108,112839095,112838648,447
8109,112876895,112873720,3175
8110,112945791,112945083,708
8111,112945791,112945083,708
8112,112945791,112945083,708
8113,113012664,113012558,106
8114,113063330,113060953,2377
8115,113097640,113090065,7575
8116,113179689,113155810,23879
8117,113191222,113191030,192
8118,113191222,113191030,192
8119,113192062,113181878,10184
8120,113290222,113286372,3850
8121,113334727,113333306,1421
8122,113334727,113333306,1421
8123,113334727,113333306,1421
8124,113334727,113333306,1421
8125,113334727,113333306,1421
8126,113334727,113333306,1421
8127,113334727,113333306,1421
8128,113346617,113346466,151
8129,113346850,113344110,2740
8130,113418149,113418147,2
8131,113421400,113420602,798
8132,113500454,113500027,427
8133,113522254,113522175,79
8134,113522254,113514472,7782
8135,113522254,113514452,7802
8136,113522254,113514452,7802
8137,113542971,113541347,1624
8138,113593203,113593148,55
8139,113594356,113593806,550
8140,113676458,113676386,72
8141,113676458,113676386,72
8142,113676458,113676386,72
8143,113676458,113676386,72
8144,113676458,113676386,72
8145,113743227,113742626,601
8146,113743227,113742626,601
8147,113765621,113765621,0
8148,113810440,113789286,21154
8149,113810440,113789286,21154
8150,113822320,113820254,2066
8151,113822320,113820254,2066
8152,113833427,113832941,486
8153,113833427,113832941,486
8154,113833427,113832941,486
8155,113891593,113890448,1145
8156,113891593,113890448,1145
8157,113891593,113890448,1145
8158,113891593,113890448,1145
8159,113960677,113958992,1685
8160,113960677,113958992,1685
8161,113960677,113958992,1685
8162,113960677,113958992,1685
8163,113960677,113958992,1685
8164,113960677,113958992,1685
8165,113960677,113958992,1685
8166,113998419,113996775,1644
8167,114024600,114021000,3600
8168,114024600,114021000,3600
8169,114036498,114035971,527
8170,114036498,114035971,527
8171,114036498,114035971,527
8172,114036498,114035971,527
8173,114036498,114035971,527
8174,114201594,114201444,150
8175,114223207,114222793,414
8176,114253781,114253320,461
8177,114258727,114258060,667
8178,114356613,114356317,296
8179,114359153,114358826,327
8180,114391470,114390645,825
8181,114400975,114399706,1269
8182,114400975,114399706,1269
8183,114400975,114399706,1269
8184,114400975,114399706,1269
8185,114400975,114399706,1269
8186,114400975,114400772,203
8187,114514270,114513453,817
8188,114514400,114513986,414
8189,114719129,114715032,4097
8190,114719129,114715032,4097
8191,114719129,114715032,4097
8192,116602326,116599921,2405
8193,116602326,116599921,2405
8194,116602326,116599921,2405
8195,116602326,116599921,2405
8196,116602326,116599921,2405
8197,118589953,118588300,1653
8198,118771739,118771571,168
8199,118771739,118771739,0
8200,118867597,118865898,1699
8201,118867597,118865898,1699
8202,118867597,118865938,1659
8203,119605759,119604743,1016
8204,119752236,119752096,140
8205,119752236,119752096,140
8206,119916471,119915845,626
8207,120023227,120020914,2313
8208,120023227,120020914,2313
8209,120023227,120020914,2313
8210,120023227,120015221,8006
8211,120124258,120097535,26723
8212,120124258,120097535,26723
8213,120124318,120097535,26783
8214,120124404,120097535,26869
8215,120130122,120129894,228
8216,120130122,120129894,228
8217,120130122,120129894,228
8218,120130122,120129894,228
8219,120130122,120129894,228
8220,120130122,120129894,228
8221,120130122,120129894,228
8222,120130122,120129894,228
8223,120130122,120129894,228
8224,120130122,120129894,228
8225,120196096,120195016,1080
8226,120236732,120221800,14932
8227,120282028,120281802,226
8228,120388662,120388540,122
8229,120414237,120414046,191
8230,120414237,120414046,191
8231,120439365,120439365,0
8232,120439694,120439365,329
8233,120439694,120439365,329
8234,120439694,120439365,329
8235,120444083,120443290,793
8236,120742474,120734646,7828
8237,120742474,120734646,7828
8238,120742474,120734646,7828
8239,120864492,120861816,2676
8240,120864492,120861816,2676
8241,120936697,120932483,4214
8242,120936697,120932476,4221
8243,120936697,120932483,4214
8244,120980984,120980552,432
8245,121052286,121050836,1450
8246,121052286,121050836,1450
8247,121052286,121050836,1450
8248,121109383,121107450,1933
8249,121223925,121223764,161
8250,121685042,121685040,2
8251,121709339,121709029,310
8252,121728182,121728172,10
8253,121732685,121732685,0
8254,121744190,121744189,1
8255,121748713,121748195,518
8256,121748713,121748195,518
8257,121750229,121748251,1978
8258,121750229,121748251,1978
8259,121750229,121748251,1978
8260,122042778,122042685,93
8261,122042778,122042685,93
8262,122136216,122135224,992
8263,122145652,122145428,224
8264,122187753,122159239,28514
8265,122215333,122159239,56094
8266,122407052,122363471,43581
8267,122407052,122363471,43581
8268,122407052,122363471,43581
8269,122407052,122363471,43581
8270,122407052,122363471,43581
8271,122494503,122494426,77
8272,122494503,122494426,77
8273,122525428,122522943,2485
8274,122525428,122522943,2485
8275,122525428,122522783,2645
8276,122525428,122522943,2485
8277,124771990,124771909,81
8278,125672863,125671865,998
8279,125672863,125671865,998
8280,127454251,127453718,533
8281,127454251,127453718,533
8282,127454251,127453718,533
8283,127839641,127839419,222
8284,127864903,127864519,384
8285,127864903,127864519,384
8286,127864903,127864519,384
8287,127864903,127864519,384
8288,127864903,127864519,384
8289,127864903,127864519,384
8290,127864903,127864519,384
8291,127864903,127864519,384
8292,127864903,127864519,384
8293,127864903,127864519,384
8294,127864903,127864519,384
8295,127864903,127864519,384
8296,127963343,127961125,2218
8297,127977654,127961125,16529
8298,128048469,128046999,1470
8299,128051657,128051130,527
8300,128051670,128051130,540
8301,128051752,128051657,95
8302,128051752,128046999,4753
8303,128051752,128051657,95
8304,128100805,128100705,100
8305,128186822,128186522,300
8306,128186822,128186522,300
8307,128186822,128186522,300
8308,128186822,128186522,300
8309,128186822,128186522,300
8310,128284087,128283784,303
8311,128284087,128262857,21230
8312,128384667,128384666,1
8313,128388938,128388937,1
8314,128395300,128394992,308
8315,128395303,128394992,311
8316,128401685,128400550,1135
8317,128405828,128400550,5278
8318,128410213,128409329,884
8319,128410213,128409329,884
8320,128410213,128409329,884
8321,128410213,128409329,884
8322,128422167,128421962,205
8323,128422167,128412086,10081
8324,128431883,128415132,16751
8325,128432764,128432598,166
8326,128432764,128432598,166
8327,128432764,128415132,17632
8328,128439360,128415132,24228
8329,128461407,128459750,1657
8330,128568761,128528555,40206
8331,128568761,128528555,40206
8332,128568761,128528555,40206
8333,128615729,128615674,55
8334,128642434,128631808,10626
8335,128643514,128631808,11706
8336,128770728,128770708,20
8337,128784869,128784737,132
8338,128784869,128784737,132
8339,128785633,128783866,1767
8340,128928964,128928862,102
8341,128953249,128947316,5933
8342,128953249,128947316,5933
8343,129076171,129076137,34
8344,129626301,129625845,456
8345,130691890,130691815,75
8346,130740311,130738453,1858
8347,130886795,130878088,8707
8348,130902606,130900555,2051
8349,130902707,130902569,138
8350,130902707,130902569,138
8351,130902707,130902569,138
8352,130915526,130912221,3305
8353,130930468,130922006,8462
8354,130940323,130939174,1149
8355,130940323,130939174,1149
8356,130940323,130922006,18317
8357,130940323,130930917,9406
8358,130940323,130939174,1149
8359,130940323,130931209,9114
8360,130940323,130939174,1149
8361,130940323,130931106,9217
8362,130940323,130925080,15243
8363,130940323,130925080,15243
8364,130942576,130941674,902
8365,130948300,130948199,101
8366,130956034,130955933,101
8367,131099911,131099802,109
8368,131099922,131099698,224
8369,131104197,131104041,156
8370,131132982,131130797,2185
8371,131132982,131130797,2185
8372,131132982,131130797,2185
8373,131266808,131266808,0
8374,131285565,131285468,97
8375,131304040,131303946,94
8376,131307488,131303946,3542
8377,131339208,131338202,1006
8378,131341734,131339884,1850
8379,131357251,131356860,391
8380,131357251,131356860,391
8381,131357251,131356860,391
8382,131415610,131415450,160
8383,131487909,131487768,141
8384,131522231,131522231,0
8385,131525707,131522231,3476
8386,131525707,131522231,3476
8387,131525707,131522231,3476
8388,131525707,131522231,3476
8389,131525707,131522231,3476
8390,131672771,131671796,975
8391,131704803,131704258,545
8392,131804836,131803762,1074
8393,131804836,131803762,1074
8394,131804836,131803111,1725
8395,131804836,131803762,1074
8396,131804836,131803762,1074
8397,131851004,131840219,10785
8398,131907425,131904346,3079
8399,131907425,131904323,3102
8400,131907425,131904323,3102
8401,131907425,131904346,3079
8402,131907425,131904323,3102
8403,131907425,131904346,3079
8404,131907425,131904346,3079
8405,131907425,131904346,3079
8406,131907425,131904346,3079
8407,131907425,131904346,3079
8408,131907425,131904346,3079
8409,131907425,131904346,3079
8410,131907425,131904346,3079
8411,131907425,131904346,3079
8412,132022416,132022256,160
8413,132022416,132022256,160
8414,132022416,132022256,160
8415,132022416,132022256,160
8416,132111282,132111099,183
8417,132121731,132121293,438
8418,132202467,132202001,466
8419,132240507,132240421,86
8420,132250064,132249949,115
8421,132276309,132275414,895
8422,132279149,132277999,1150
8423,132291239,132290971,268
8424,132291239,132290971,268
8425,132291239,132290971,268
8426,132291239,132290846,393
8427,132524977,132524775,202
8428,132559234,132558510,724
8429,133404169,133403179,990
8430,133427780,133427680,100
8431,133428481,133427505,976
8432,133429070,133426006,3064
8433,134179361,134060676,118685
8434,134326031,134275097,50934
8435,134326031,134275097,50934
8436,134326031,134275097,50934
8437,135212192,135206418,5774
8438,135476571,135476505,66
8439,135659602,135659430,172
8440,135659602,135659430,172
8441,135676176,135626519,49657
8442,135716915,135712118,4797
8443,135716915,135712118,4797
8444,135716915,135712218,4697
8445,135716915,135712218,4697
8446,135739222,135738893,329
8447,135745823,135745625,198
8448,135781219,135781099,120
8449,135782248,135782217,31
8450,135782248,135782217,31
8451,135782248,135782217,31
8452,135782248,135782217,31
8453,135782248,135782217,31
8454,135805038,135779338,25700
8455,135928279,135926351,1928
8456,135928279,135926351,1928
8457,135928279,135926351,1928
8458,136288182,136026546,261636
8459,136288300,136262059,26241
8460,136288806,136262059,26747
8461,136288806,136111198,177608
8462,136482839,136481862,977
8463,136482839,136481862,977
8464,136482839,136481862,977
8465,136482839,136481862,977
8466,136542633,136540457,2176
8467,136542633,136540457,2176
8468,136542633,136540457,2176
8469,136594750,136594739,11
8470,136634047,136633935,112
8471,136743222,136743038,184
8472,136743222,136718985,24237
8473,136873813,136873509,304
8474,136875307,136873452,1855
8475,136875725,136875630,95
8476,138169604,138169465,139
8477,138435287,138434175,1112
8478,138725014,138724685,329
8479,138739248,138738976,272
8480,138773934,138771700,2234
8481,139330805,139326650,4155
8482,139537811,139537811,0
8483,142889270,142888298,972
8484,142889270,142888409,861
8485,143747106,143746435,671
8486,143799885,143799741,144
8487,143799885,143799741,144
8488,144194926,144194628,298
8489,144525921,144525741,180
8490,144525921,144525741,180
8491,144969146,144966348,2798
8492,144994906,144966348,28558
8493,145052060,144966348,85712
8494,145090083,144966348,123735
8495,145090083,144934784,155299
8496,145090083,144966348,123735
8497,145090083,144966348,123735
8498,145090083,144899582,190501
8499,145090083,144966348,123735
8500,145275322,145275243,79
8501,145275322,145275243,79
8502,145277958,145274917,3041
8503,145277958,145274917,3041
8504,145277958,145274902,3056
8505,145277958,145274902,3056
8506,145277958,145274902,3056
8507,145910072,145909250,822
8508,147348558,147346350,2208
8509,148688393,148684843,3550
8510,148688393,148684843,3550
8511,148688393,148684843,3550
8512,148778329,148733527,44802
8513,148778463,148733527,44936
8514,148778463,148733527,44936
8515,148778463,148730310,48153
8516,148778463,148716408,62055
8517,148778463,148705730,72733
8518,148778463,148733527,44936
8519,148779173,148733527,45646
8520,149228684,149228068,616
8521,149271044,149270510,534
8522,149271044,149270510,534
8523,149271044,149270510,534
8524,149545136,149543946,1190
8525,149855347,149853926,1421
8526,149883273,149868190,15083
8527,149883273,149868190,15083
8528,150071772,150071224,548
8529,150071772,150071224,548
8530,150071772,150071224,548
8531,150330659,150327364,3295
8532,150330659,150327364,3295
8533,150330659,150327364,3295
8534,150444330,150443611,719
8535,151344209,151343931,278
8536,151344209,151343931,278
8537,151344209,151343931,278
8538,152118389,152118241,148
8539,152146430,152139462,6968
8540,152146430,152139462,6968
8541,152146430,152139462,6968
8542,152236562,152236047,515
8543,152311673,152311671,2
8544,152333860,152331585,2275
8545,152333860,152331585,2275
8546,152333860,152331585,2275
8547,152333860,152331585,2275
8548,152354866,152354812,54
8549,152359955,152359952,3
8550,152362772,152362718,54
8551,152363527,152362718,809
8552,152389154,152387549,1605
8553,152440280,152440238,42
8554,152563511,152553890,9621
8555,152589699,152589670,29
8556,152591001,152589670,1331
8557,152591001,152589670,1331
8558,152591001,152589670,1331
8559,152591001,152589670,1331
8560,152591001,152589670,1331
8561,152685009,152670826,14183
8562,152685009,152670826,14183
8563,152685009,152684690,319
8564,152830485,152830227,258
8565,152830485,152830227,258
8566,152830485,152830227,258
8567,152955235,152955163,72
8568,152955593,152955525,68
8569,152955593,152955525,68
8570,153032506,153032156,350
8571,153032506,153032156,350
8572,153032506,153032156,350
8573,153506348,153504419,1929
8574,153506348,153500024,6324
8575,153506348,153504310,2038
8576,153526529,153525782,747
8577,153573921,153573908,13
8578,153573921,153573908,13
8579,153573975,153573953,22
8580,153573975,153573953,22
8581,153573975,153549567,24408
8582,153617767,153616354,1413
8583,153617767,153616354,1413
8584,154335322,154335079,243
8585,155265852,155265693,159
8586,155310489,155307063,3426
8587,155310489,155303265,7224
8588,155310489,155295231,15258
8589,155313950,155302368,11582
8590,155556103,155556049,54
8591,155566362,155566339,23
8592,155714864,155711825,3039
8593,155714864,155711244,3620
8594,157184526,157184386,140
8595,157186700,157186698,2
8596,157189287,157186698,2589
8597,157189287,157186509,2778
8598,157189287,157186698,2589
8599,157442915,157439430,3485
8600,157442915,157439430,3485
8601,157442915,157439430,3485
8602,158167913,158167860,53
8603,158181750,158181197,553
8604,158182416,158182154,262
8605,158182416,158182154,262
8606,158184146,158183991,155
8607,158300604,158300532,72
8608,158345473,158287435,58038
8609,158454072,158443852,10220
8610,158485399,158485156,243
8611,158485399,158485156,243
8612,158485399,158485156,243
8613,158694790,158656005,38785
8614,158731623,158656005,75618
8615,158732374,158656005,76369
8616,158992666,158991402,1264
8617,158992666,158991402,1264
8618,159313265,159312951,314
8619,159313265,159197139,116126
8620,159313265,159170309,142956
8621,159313265,159197185,116080
8622,159313265,159201818,111447
8623,159313265,159197139,116126
8624,159313265,159312951,314
8625,159514826,159514824,2
8626,159519600,159519600,0
8627,159519600,159519600,0
8628,159523172,159523089,83
8629,159533867,159533459,408
8630,159537940,159537189,751
8631,159537940,159537189,751
8632,159537940,159537189,751
8633,159537940,159537189,751
8634,159537940,159537189,751
8635,159663852,159663651,201
8636,159672496,159672333,163
8637,159672496,159672295,201
8638,159672496,159672295,201
8639,159719471,159719218,253
8640,159719471,159719007,464
8641,160007288,160005891,1397
8642,160035674,160035672,2
8643,160084476,160084476,0
8644,160089170,160086129,3041
8645,160089170,160087523,1647
8646,160089170,160087523,1647
8647,160143063,160139580,3483
8648,160143103,160139580,3523
8649,160143236,160139580,3656
8650,160143236,160139580,3656
8651,160290662,160289886,776
8652,160310312,160310247,65
8653,160373170,160335230,37940
8654,160412376,160335230,77146
8655,160472028,160335230,136798
8656,160473112,160335230,137882
8657,160473112,160335230,137882
8658,160568946,160335230,233716
8659,160625084,160623853,1231
8660,160625084,160623853,1231
8661,160625084,160623863,1221
8662,160625084,160623853,1231
8663,160654766,160654709,57
8664,160654766,160654709,57
8665,160654766,160654709,57
8666,160761267,160761193,74
8667,160761267,160761193,74
8668,160761267,160761193,74
8669,160761267,160761193,74
8670,160919126,160918914,212
8671,160919126,160918914,212
8672,160919126,160918914,212
8673,161056589,161056574,15
8674,161056763,161056574,189
8675,161056763,161056528,235
8676,161056815,161056574,241
8677,161350318,161349874,444
8678,161350318,161349874,444
8679,161350318,161349874,444
8680,161350318,161223878,126440
8681,161350318,161349874,444
8682,161350318,161349874,444
8683,162061490,162061337,153
8684,162092683,162092029,654
8685,162092683,162092029,654
8686,162268228,162267911,317
8687,162281573,162280738,835
8688,162281573,162280738,835
8689,162364413,162364216,197
8690,162757670,162757606,64
8691,162841786,162834244,7542
8692,162841786,162834244,7542
8693,162841786,162834244,7542
8694,162931052,162930491,561
8695,162931052,162881364,49688
8696,163008914,163005688,3226
8697,163055391,163054128,1263
8698,163100045,163099837,208
8699,163100045,163099837,208
8700,163100045,163099837,208
8701,163175218,163174817,401
8702,163175218,163174817,401
8703,163219148,163216753,2395
8704,163695257,163695028,229
8705,163695257,163695028,229
8706,164592513,164591437,1076
8707,165425017,165424887,130
8708,165478360,165477819,541
8709,165554810,165552299,2511
8710,165581517,165579000,2517
8711,165697928,165697706,222
8712,165697928,165697706,222
8713,165698650,165697706,944
8714,165698678,165698554,124
8715,165698678,165698554,124
8716,165812035,165809277,2758
8717,165812035,165809277,2758
8718,165812035,165809277,2758
8719,165950338,165949019,1319
8720,166025335,166025325,10
8721,166025335,166025325,10
8722,166060577,166032904,27673
8723,166060577,166032904,27673
8724,166060577,166032904,27673
8725,166248820,166246334,2486
8726,166248820,166246334,2486
8727,166248820,166246334,2486
8728,166248820,166246334,2486
8729,166545917,166536263,9654
8730,166545917,166536263,9654
8731,166650803,166627210,23593
8732,166650803,166627210,23593
8733,166651169,166627210,23959
8734,166810348,166810215,133
8735,166810348,166810215,133
8736,166930180,166930131,49
8737,166930180,166930131,49
8738,167005642,166930131,75511
8739,167163109,167163099,10
8740,167163109,167163099,10
8741,167163109,167163099,10
8742,167232497,167168266,64231
8743,167343481,167334206,9275
8744,167350717,167334206,16511
8745,168108567,168108465,102
8746,168116261,168110636,5625
8747,168116261,168115873,388
8748,168116261,168115873,388
8749,168116261,168110636,5625
8750,168116261,168115873,388
8751,168726530,168726530,0
8752,168727366,168726530,836
8753,169104105,169103945,160
8754,169631644,169626172,5472
8755,169631644,169626172,5472
8756,169721849,169721480,369
8757,169721849,169721480,369
8758,169721849,169721480,369
8759,169721849,169721480,369
8760,169721849,169721480,369
8761,169746944,169746029,915
8762,169766510,169764589,1921
8763,169766510,169764102,2408
8764,169766510,169764589,1921
8765,169828560,169826689,1871
8766,169828571,169828422,149
8767,169887833,169874635,13198
8768,169938404,169938403,1
8769,169952677,169952277,400
8770,169952677,169952277,400
8771,169952677,169952277,400
8772,169952677,169952277,400
8773,169952677,169952277,400
8774,170219122,170218909,213
8775,170219122,170218909,213
8776,170363165,170361092,2073
8777,170363165,170361092,2073
8778,170382772,170382206,566
8779,170382772,170382206,566
8780,170430424,170428539,1885
8781,170430424,170428539,1885
8782,170430424,170428539,1885
8783,170487497,170487495,2
8784,170490076,170489814,262
8785,170494254,170494033,221
8786,170494254,170494033,221
8787,170494254,170494033,221
8788,170494254,170494033,221
8789,170494254,170494033,221
8790,170550931,170550837,94
8791,170558207,170558207,0
8792,170558218,170558207,11
8793,170558218,170558207,11
8794,170558218,170558207,11
8795,170558218,170558207,11
8796,170558218,170558207,11
8797,170608396,170606242,2154
8798,170608396,170606242,2154
8799,170668571,170668266,305
8800,170668571,170668266,305
8801,170681353,170681107,246
8802,170681399,170681107,292
8803,170681420,170681107,313
8804,170940639,170938353,2286
8805,170940639,170938353,2286
8806,170940639,170938353,2286
8807,170940639,170938353,2286
8808,170940639,170938353,2286
8809,171239276,171238637,639
8810,171376484,171376054,430
8811,171511674,171509631,2043
8812,171511674,171509631,2043
8813,171571077,171570953,124
8814,171574498,171573914,584
8815,171655476,171655404,72
8816,171699269,171699115,154
8817,171717659,171716392,1267
8818,171717659,171716392,1267
8819,171823643,171822640,1003
8820,171823643,171822640,1003
8821,171823643,171822640,1003
8822,171823643,171822640,1003
8823,171823643,171822640,1003
8824,171823643,171822640,1003
8825,171911639,171910351,1288
8826,171923483,171923393,90
8827,172017410,172016938,472
8828,172017410,172016938,472
8829,172087824,171974362,113462
8830,172290619,172248695,41924
8831,172290619,172248695,41924
8832,172290619,172217016,73603
8833,172291312,172248695,42617
8834,172291312,172291191,121
8835,172341562,172337624,3938
8836,172341562,172337624,3938
8837,172341562,172337624,3938
8838,172341562,172337624,3938
8839,172414643,172411337,3306
8840,172414643,172411337,3306
8841,172414643,172411159,3484
8842,172584477,172584477,0
8843,172606668,172604399,2269
8844,172606668,172604399,2269
8845,172606668,172604399,2269
8846,172606668,172604399,2269
8847,172606668,172604399,2269
8848,172606668,172604399,2269
8849,172606668,172604399,2269
8850,172606668,172604399,2269
8851,172606668,172604399,2269
8852,172750816,172750724,92
8853,172750816,172725194,25622
8854,172750816,172704734,46082
8855,172845768,172844357,1411
8856,172848600,172848266,334
8857,172848600,172848266,334
8858,172945587,172945134,453
8859,172945587,172945134,453
8860,172951866,172951821,45
8861,172954401,172952985,1416
8862,172954401,172952807,1594
8863,172967478,172967266,212
8864,172967478,172967266,212
8865,173339850,173339849,1
8866,173371181,173366607,4574
8867,173371181,173366607,4574
8868,173371181,173368980,2201
8869,173371181,173366607,4574
8870,173460751,173460697,54
8871,173460751,173460697,54
8872,173463862,173460697,3165
8873,173463862,173460697,3165
8874,173679468,173679243,225
8875,173851438,173850229,1209
8876,173853567,173853567,0
8877,173866072,173866070,2
8878,173866072,173866070,2
8879,173866072,173866070,2
8880,173866072,173866070,2
8881,173866072,173866070,2
8882,173866072,173866070,2
8883,173866072,173866070,2
8884,173917620,173916495,1125
8885,173917620,173916495,1125
8886,174077527,174074651,2876
8887,174091873,174086258,5615
8888,174091873,174086258,5615
8889,174132737,174131478,1259
8890,174233718,174232392,1326
8891,174233718,174232392,1326
8892,174233718,174232392,1326
8893,174233718,174232392,1326
8894,174828947,174828563,384
8895,174829281,174829252,29
8896,174830430,174829899,531
8897,174830430,174829899,531
8898,175113365,175111543,1822
8899,175113365,175006627,106738
8900,175113365,175111543,1822
8901,175113365,175111543,1822
8902,175202268,175202268,0
8903,175260443,175260350,93
8904,175260443,175243728,16715
8905,175294303,175292623,1680
8906,175294303,175292623,1680
8907,175294303,175292623,1680
8908,175294303,175292623,1680
8909,175351816,175346684,5132
8910,175351816,175346684,5132
8911,175351816,175346684,5132
8912,175351816,175346684,5132
8913,175462493,175450301,12192
8914,175499307,175450301,49006
8915,175499307,175450301,49006
8916,175547627,175450301,97326
8917,175547627,175450301,97326
8918,175547627,175450301,97326
8919,175629200,175629122,78
8920,175629200,175629122,78
8921,175629200,175629122,78
8922,175712346,175711859,487
8923,175869981,175869640,341
8924,175870107,175869640,467
8925,175870107,175689198,180909
8926,176032934,175976364,56570
8927,176032934,175994890,38044
8928,176032934,175994890,38044
8929,176032934,175994890,38044
8930,176032934,176001171,31763
8931,176032934,176001171,31763
8932,176032934,175994913,38021
8933,176032934,176001171,31763
8934,176032934,175994890,38044
8935,176032934,176001171,31763
8936,176046391,176046121,270
8937,176046490,176046121,369
8938,176046490,176046121,369
8939,176867018,176860312,6706
8940,176867018,176860312,6706
8941,176867018,176867018,0
8942,176867018,176867018,0
8943,176867018,176829305,37713
8944,176948690,176948504,186
8945,176960666,176959458,1208
8946,176965488,176965488,0
8947,176965488,176965183,305
8948,176974316,176973870,446
8949,176984670,176983959,711
8950,176989645,176988903,742
8951,176994493,176994373,120
8952,176997423,176996340,1083
8953,176997423,176996340,1083
8954,176997423,176996340,1083
8955,177017949,177017670,279
8956,177037826,177037002,824
8957,177055635,177054870,765
8958,177055635,177054563,1072
8959,177202753,177202392,361
8960,177202753,177202392,361
8961,177502302,177497763,4539
8962,178084054,178084027,27
8963,178088580,178084027,4553
8964,178088685,178084027,4658
8965,178088685,178084027,4658
8966,178128617,178098996,29621
8967,178128617,178098996,29621
8968,178128617,178098996,29621
8969,178128617,178098996,29621
8970,178129859,178129304,555
8971,178257419,178098996,158423
8972,178408564,178402923,5641
8973,178408564,178402923,5641
8974,178417500,178416807,693
8975,178417524,178417491,33
8976,178483694,178483429,265
8977,178540388,178540242,146
8978,178753466,178740620,12846
8979,178787564,178769911,17653
8980,178787564,178769911,17653
8981,178937482,178937164,318
8982,178973066,178969190,3876
8983,178973066,178969190,3876
8984,178994382,178990903,3479
8985,179247504,179247341,163
8986,179264160,179260286,3874
8987,179264160,179260286,3874
8988,179264160,179260286,3874
8989,179264160,179260286,3874
8990,179264160,179260286,3874
8991,179308734,179308003,731
8992,179315355,179315128,227
8993,179315484,179315170,314
8994,179315958,179315757,201
8995,179315958,179309205,6753
8996,179326110,179326001,109
8997,179326110,179326001,109
8998,179343355,179343226,129
8999,179343355,179343226,129
9000,179343355,179343214,141
9001,179369782,179368614,1168
9002,179393946,179393824,122
9003,179445633,179444080,1553
9004,179516263,179514350,1913
9005,179536994,179534166,2828
9006,179567390,179567214,176
9007,179629029,179629000,29
9008,179659979,179659915,64
9009,179672150,179669369,2781
9010,179672150,179669369,2781
9011,179672150,179669369,2781
9012,179672150,179669369,2781
9013,179672150,179669369,2781
9014,179672150,179669369,2781
9015,179672150,179669369,2781
9016,179672150,179669369,2781
9017,179749819,179749783,36
9018,179914786,179914668,118
9019,179914786,179914668,118
9020,179989285,179981456,7829
9021,180129350,180056568,72782
9022,180427315,180409643,17672
9023,180450631,180409640,40991
9024,180610769,180610464,305
9025,180726232,180634482,91750
9026,180824463,180823772,691
9027,180871780,180858068,13712
9028,180871840,180858068,13772
9029,181928150,181927615,535
9030,181928150,181927615,535
9031,181928150,181927615,535
9032,182351128,182350727,401
9033,182392177,182392168,9
9034,182402468,182400254,2214
9035,182402468,182400254,2214
9036,182412625,182412400,225
9037,182521834,182521733,101
9038,182521834,182413581,108253
9039,182521834,182521733,101
9040,182521834,182521733,101
9041,182521834,182423356,98478
9042,182521834,182521733,101
9043,182521834,182423356,98478
9044,182521834,182521733,101
9045,182521834,182521733,101
9046,182521851,182430846,91005
9047,182521851,182423356,98495
9048,182521851,182414364,107487
9049,182521851,182423356,98495
9050,182521851,182414364,107487
9051,182543587,182543587,0
9052,182545392,182430846,114546
9053,182545392,182430846,114546
9054,182545392,182543587,1805
9055,182759422,182757391,2031
9056,182795464,182792992,2472
9057,182795464,182794383,1081
9058,182795464,182792992,2472
9059,182795464,182792992,2472
9060,182795464,182792992,2472
9061,182795464,182792992,2472
9062,182982483,182982022,461
9063,182996109,182982022,14087
9064,182996109,182982022,14087
9065,183106790,183106641,149
9066,183291775,183291357,418
9067,183387113,183104922,282191
9068,183387336,183387103,233
9069,183387572,183387366,206
9070,183387572,183387103,469
9071,183644750,183641859,2891
9072,183644750,183641859,2891
9073,183731498,183731280,218
9074,183903586,183902827,759
9075,183903586,183902827,759
9076,183964722,183960386,4336
9077,183964722,183960386,4336
9078,183964722,183960216,4506
9079,184026408,184025859,549
9080,184026408,184025859,549
9081,184026408,184025859,549
9082,185804214,185803753,461
9083,186628016,186628016,0
9084,186628016,186625822,2194
9085,186698016,186697953,63
9086,187374087,187373460,627
9087,187545629,187542019,3610
9088,187545629,187542019,3610
9089,187545629,187542019,3610
9090,187628335,187627550,785
9091,187628512,187627550,962
9092,187630684,187627550,3134
9093,187713897,187713857,40
9094,188313021,188250322,62699
9095,188313021,188250322,62699
9096,188313021,188296082,16939
9097,188419219,188368495,50724
9098,188419219,188368495,50724
9099,188419219,188368495,50724
9100,189406839,189406150,689
9101,189459786,189452802,6984
9102,189460652,189458688,1964
9103,189460652,189458738,1914
9104,189460652,189458738,1914
9105,189460652,189458738,1914
9106,189460652,189458738,1914
9107,189599647,189599647,0
9108,189654831,189599647,55184
9109,189877472,189876500,972
9110,189950498,189950447,51
9111,190044605,190044330,275
9112,190340264,190340143,121
9113,190340264,190340143,121
9114,190340264,190340143,121
9115,190445537,190445186,351
9116,190445537,190445186,351
9117,190535557,190535452,105
9118,190557575,190557150,425
9119,190611376,190611353,23
9120,190611376,190609509,1867
9121,190627670,190626366,1304
9122,190627924,190626366,1558
9123,190648108,190647321,787
9124,190649097,190647321,1776
9125,190649097,190647321,1776
9126,190670561,190670560,1
9127,190728700,190720597,8103
9128,190728841,190728841,0
9129,190728954,190728952,2
9130,190738382,190738254,128
9131,190742355,190742162,193
9132,190742355,190742162,193
9133,190742355,190742162,193
9134,190742355,190742162,193
9135,190742355,190742162,193
9136,190742355,190742162,193
9137,190742355,190742162,193
9138,190927455,190927322,133
9139,191064874,191064874,0
9140,191068210,191064874,3336
9141,191068210,191064874,3336
9142,191068210,191064874,3336
9143,191068210,191064874,3336
9144,191184771,191184476,295
9145,191184771,191184476,295
9146,191236391,191236128,263
9147,191236391,191236128,263
9148,191236391,191236128,263
9149,191367041,191364944,2097
9150,191367041,191364944,2097
9151,191399468,191399381,87
9152,191557492,191555059,2433
9153,191557492,191555059,2433
9154,191557492,191555059,2433
9155,191557492,191555059,2433
9156,191557492,191555059,2433
9157,191761227,191760001,1226
9158,191800015,191797588,2427
9159,191800015,191797588,2427
9160,191830270,191827712,2558
9161,191830270,191827712,2558
9162,191830270,191819490,10780
9163,191830270,191827712,2558
9164,191878404,191864420,13984
9165,191878681,191874729,3952
9166,191878976,191874729,4247
9167,191878976,191874729,4247
9168,191878976,191875097,3879
9169,191878976,191864420,14556
9170,191934497,191934497,0
9171,192015740,192012929,2811
9172,192015740,192012929,2811
9173,192015986,192012929,3057
9174,192016322,192012929,3393
9175,192016322,192012929,3393
9176,192228601,192228600,1
9177,192253002,192252285,717
9178,192290115,192288686,1429
9179,192290115,192288686,1429
9180,192290115,192288686,1429
9181,192290115,192288686,1429
9182,192553248,192550494,2754
9183,192553248,192550494,2754
9184,192553248,192550494,2754
9185,192712006,192711651,355
9186,193059644,193059250,394
9187,193059644,193059250,394
9188,193059644,193059250,394
9189,196602426,196599765,2661
9190,196602426,196599765,2661
9191,196602426,196599765,2661
9192,196660564,196659226,1338
9193,196933536,196933435,101
9194,197036336,197028107,8229
9195,197041227,197028107,13120
9196,197226946,197184545,42401
9197,197457335,197298147,159188
9198,197532658,197531655,1003
9199,197592735,197590829,1906
9200,197594585,197594153,432
9201,197594585,197594153,432
9202,197597530,197597286,244
9203,197597530,197597286,244
9204,197650312,197650230,82
9205,197664492,197664335,157
9206,197664492,197664335,157
9207,197664492,197664335,157
9208,197675000,197674111,889
9209,197710741,197710713,28
9210,197791454,197791340,114
9211,197791454,197777732,13722
9212,197791454,197791340,114
9213,197792519,197777732,14787
9214,197987516,197975541,11975
9215,198062762,198051782,10980
9216,198175521,198175328,193
9217,198175521,198175328,193
9218,198175521,198001360,174161
9219,198175521,198175328,193
9220,198175521,198175328,193
9221,198299771,198299723,48
9222,198299771,198299723,48
9223,198299771,198299723,48
9224,198339851,198338648,1203
9225,198339851,198338648,1203
9226,198364640,198363572,1068
9227,198364640,198363572,1068
9228,198364640,198359419,5221
9229,198364812,198363572,1240
9230,198364998,198363572,1426
9231,198368187,198367983,204
9232,198418423,198415370,3053
9233,198418423,198415370,3053
9234,198418423,198415370,3053
9235,198418423,198415370,3053
9236,198418423,198415370,3053
9237,198418423,198415370,3053
9238,198418423,198415370,3053
9239,198540584,198540182,402
9240,198573114,198571911,1203
9241,198649734,198649355,379
9242,198649734,198649355,379
9243,198650074,198646574,3500
9244,198650938,198650727,211
9245,198650938,198643723,7215
9246,199014608,199011686,2922
9247,199014608,199011686,2922
9248,200213896,200213825,71
9249,200320819,200320760,59
9250,200322819,200320760,2059
9251,200324484,200323457,1027
9252,200329831,200320760,9071
9253,200335989,200320760,15229
9254,200715896,200713685,2211
9255,200715896,200713685,2211
9256,200792996,200790609,2387
9257,200820459,200801212,19247
9258,200820459,200820193,266
9259,200820459,200801212,19247
9260,200820459,200820193,266
9261,200828847,200828534,313
9262,201346986,201342754,4232
9263,201346986,201342754,4232
9264,201346986,201342754,4232
9265,201346986,201342754,4232
9266,201346986,201342754,4232
9267,201346986,201342754,4232
9268,201346986,201342754,4232
9269,201374792,201371739,3053
9270,201374792,201371739,3053
9271,201374792,201371739,3053
9272,201434865,201434656,209
9273,201445391,201445261,130
9274,201448818,201448187,631
9275,201448818,201448179,639
9276,201536217,201535402,815
9277,201536217,201535402,815
9278,201536217,201535402,815
9279,201688569,201686901,1668
9280,201688569,201686901,1668
9281,201688569,201686901,1668
9282,201729284,201728949,335
9283,201729467,201726585,2882
9284,201729467,201722594,6873
9285,201729467,201724497,4970
9286,201752548,201752338,210
9287,201753849,201752338,1511
9288,201753849,201752338,1511
9289,201753849,201752338,1511
9290,201768655,201768401,254
9291,201768655,201768401,254
9292,201768655,201768401,254
9293,201768655,201768401,254
9294,201768655,201768264,391
9295,201828424,201822846,5578
9296,201936392,201888732,47660
9297,201936392,201881800,54592
9298,201936392,201888732,47660
9299,201936392,201888732,47660
9300,201950473,201950338,135
9301,201950473,201950338,135
9302,202004600,202001150,3450
9303,202006323,202006156,167
9304,202006323,202006156,167
9305,202018945,202018945,0
9306,202025665,202025663,2
9307,202037411,202028696,8715
9308,202037411,202027803,9608
9309,202037411,202028696,8715
9310,202037411,202028696,8715
9311,202037411,202028696,8715
9312,202037411,202028667,8744
9313,202037411,202027803,9608
9314,202037411,202027803,9608
9315,202037411,202027803,9608
9316,202037411,202028696,8715
9317,202065452,202065225,227
9318,202086383,202082464,3919
9319,202086383,202072898,13485
9320,202086383,202082464,3919
9321,202086383,202082464,3919
9322,202094129,202093806,323
9323,202094129,202093806,323
9324,202137499,202137498,1
9325,202137499,202137498,1
9326,202137499,202137382,117
9327,202137642,202137543,99
9328,202141691,202141690,1
9329,202141691,202141662,29
9330,202146638,202141662,4976
9331,202146638,202146587,51
9332,202146638,202146587,51
9333,202146638,202141662,4976
9334,202152434,202151317,1117
9335,202152434,202151317,1117
9336,202152434,202151317,1117
9337,202152434,202151317,1117
9338,202152434,202151317,1117
9339,202152434,202151317,1117
9340,202222101,202216127,5974
9341,202222101,202216127,5974
9342,202222121,202216127,5994
9343,202316319,202285230,31089
9344,202316319,202285230,31089
9345,202345574,202344751,823
9346,202345574,202344898,676
9347,202483905,202483853,52
9348,202483905,202483853,52
9349,202483905,202483853,52
9350,202483905,202483853,52
9351,202496946,202494513,2433
9352,202507667,202494513,13154
9353,202507667,202507349,318
9354,202508252,202494513,13739
9355,202508252,202508123,129
9356,202529834,202521074,8760
9357,202558777,202558677,100
9358,202558777,202558677,100
9359,202562780,202558677,4103
9360,202562780,202558677,4103
9361,202562780,202558677,4103
9362,202562780,202558677,4103
9363,202563417,202558677,4740
9364,202563417,202558677,4740
9365,202563417,202563331,86
9366,202563417,202558677,4740
9367,202645895,202633608,12287
9368,202645895,202633608,12287
9369,202645895,202633608,12287
9370,202645895,202633608,12287
9371,202726259,202725555,704
9372,202741306,202741283,23
9373,202754175,202753187,988
9374,202760273,202755617,4656
9375,202760273,202755617,4656
9376,202760273,202755617,4656
9377,202903160,202901095,2065
9378,202974512,202974511,1
9379,203019533,203003187,16346
9380,203061886,203061773,113
9381,203061886,203061773,113
9382,203103322,203103174,148
9383,203103322,203103174,148
9384,203149435,203149208,227
9385,203168384,203168159,225
9386,203335067,203334252,815
9387,203432474,203424669,7805
9388,203432474,203424425,8049
9389,203589955,203589756,199
9390,203634480,203630487,3993
9391,203693957,203693732,225
9392,203736195,203693732,42463
9393,203736371,203693732,42639
9394,203736371,203693732,42639
9395,203776949,203776199,750
9396,203827879,203826247,1632
9397,203827879,203826247,1632
9398,203831821,203831718,103
9399,203851060,203848347,2713
9400,203851060,203848347,2713
9401,203851060,203848347,2713
9402,203851060,203848347,2713
9403,203851060,203848347,2713
9404,203927211,203927089,122
9405,203927211,203927089,122
9406,204082073,204082071,2
9407,204082717,204082077,640
9408,204091101,204090873,228
9409,204170563,204161631,8932
9410,204170563,204161631,8932
9411,204170563,204161631,8932
9412,204170563,204161631,8932
9413,204170563,204161631,8932
9414,204296892,204292075,4817
9415,204296892,204292075,4817
9416,204296892,204292075,4817
9417,204296892,204292075,4817
9418,204296892,204292075,4817
9419,204296892,204292075,4817
9420,204296892,204292075,4817
9421,204296892,204292075,4817
9422,204296892,204292075,4817
9423,204296892,204292075,4817
9424,204296892,204292075,4817
9425,204400058,204360076,39982
9426,204400058,204360076,39982
9427,204400058,204360076,39982
9428,204603636,204599635,4001
9429,204603636,204599635,4001
9430,204603636,204599635,4001
9431,204738683,204737535,1148
9432,204738683,204737498,1185
9433,204738683,204737498,1185
9434,204822613,204822611,2
9435,204826298,204824322,1976
9436,204826298,204824314,1984
9437,206166631,206166631,0
9438,206484886,206480537,4349
9439,206484886,206480537,4349
9440,206484886,206480537,4349
9441,206484886,206480537,4349
9442,206608422,206608303,119
9443,206608422,206608303,119
9444,206641880,206641250,630
9445,206641880,206641250,630
9446,206662857,206659782,3075
9447,206662857,206659782,3075
9448,206662857,206659782,3075
9449,206950906,206927740,23166
9450,207023918,207023857,61
9451,207024243,207018402,5841
9452,207024243,207018402,5841
9453,207024243,207014631,9612
9454,207024243,207018346,5897
9455,207024243,207012548,11695
9456,207027653,207027607,46
9457,207027653,207027607,46
9458,207027653,207027607,46
9459,207041971,207041971,0
9460,207078352,207041971,36381
9461,207078352,207041971,36381
9462,207082771,207041971,40800
9463,207082771,207041971,40800
9464,207082771,207041971,40800
9465,207082771,207041971,40800
9466,207179148,207176317,2831
9467,207179148,207176317,2831
9468,207485854,207482351,3503
9469,207514173,207513518,655
9470,207583120,207583003,117
9471,207630050,207629995,55
9472,207630050,207629995,55
9473,207630050,207621740,8310
9474,207656670,207653676,2994
9475,207660911,207656526,4385
9476,207660911,207656526,4385
9477,207660911,207656526,4385
9478,207834198,207834160,38
9479,207998861,207998808,53
9480,208030740,208030292,448
9481,208030740,208030292,448
9482,208031580,208030292,1288
9483,208031970,208031866,104
9484,208441649,208441371,278
9485,208470284,208461782,8502
9486,208470284,208461782,8502
9487,208489696,208489099,597
9488,208489973,208489099,874
9489,208489973,208489099,874
9490,208490065,208489099,966
9491,208620896,208618422,2474
9492,208620896,208618422,2474
9493,208633463,208633463,0
9494,208634143,208633463,680
9495,208890284,208866363,23921
9496,208890284,208866363,23921
9497,208989313,208989197,116
9498,208994554,208994516,38
9499,209010877,209010844,33
9500,209028297,209028280,17
9501,209028297,209028280,17
9502,209054773,209051710,3063
9503,209118910,209116275,2635
9504,209119170,209116275,2895
9505,209119806,209116275,3531
9506,209120918,209120676,242
9507,209170271,209169748,523
9508,209170271,209169748,523
9509,209170271,209169748,523
9510,209191153,209191153,0
9511,209200625,209200625,0
9512,209223475,209220029,3446
9513,209359231,209358384,847
9514,209359231,209358384,847
9515,210561074,210561073,1
9516,210598834,210595121,3713
9517,210598834,210595121,3713
9518,210598834,210595121,3713
9519,210598834,210595121,3713
9520,210598834,210595121,3713
9521,210598834,210595121,3713
9522,210661271,210659543,1728
9523,210835038,210832365,2673
9524,210848015,210847045,970
9525,210848015,210847045,970
9526,210864024,210860319,3705
9527,210864024,210860319,3705
9528,210864024,210860319,3705
9529,210886984,210884515,2469
9530,210886984,210882942,4042
9531,210886984,210884515,2469
9532,210886984,210884515,2469
9533,210886984,210884515,2469
9534,210886984,210884515,2469
9535,210886984,210884515,2469
9536,210886984,210884515,2469
9537,210886984,210884515,2469
9538,211019335,211019306,29
9539,211020026,211019306,720
9540,211035378,211019306,16072
9541,211036051,211019306,16745
9542,211036051,211019306,16745
9543,211036051,211019306,16745
9544,211090215,211089987,228
9545,211090215,211089987,228
9546,211168339,211168268,71
9547,211179895,211179766,129
9548,211341429,211341120,309
9549,211341491,211341120,371
9550,211341499,211341120,379
9551,211543831,211542709,1122
9552,211543831,211542709,1122
9553,211543831,211542709,1122
9554,213403352,213403254,98
9555,213403352,213403254,98
9556,213403352,213403254,98
9557,213403352,213403254,98
9558,213403352,213403254,98
9559,213879996,213878704,1292
9560,214013368,214013353,15
9561,214013368,213921803,91565
9562,214013368,214013353,15
9563,214013368,213921803,91565
9564,214013368,213886750,126618
9565,214013368,213886750,126618
9566,214013368,214013353,15
9567,214015058,214013353,1705
9568,214016333,214013353,2980
9569,214148929,214148802,127
9570,214182709,214182096,613
9571,214230140,214228886,1254
9572,215106084,215102918,3166
9573,215275225,215275039,186
9574,215275225,215275039,186
9575,215275225,215275039,186
9576,215440653,215440544,109
9577,215440653,215440425,228
9578,215674428,215674293,135
9579,215674428,215674208,220
9580,215674428,215657032,17396
9581,215674428,215646165,28263
9582,215674428,215674293,135
9583,215674428,215674208,220
9584,215674428,215674293,135
9585,215674428,215674293,135
9586,215674428,215674293,135
9587,215674428,215674293,135
9588,215896810,215896651,159
9589,216003151,216002931,220
9590,216003151,215862493,140658
9591,216214496,216214378,118
9592,216214496,216214378,118
9593,216214496,216214378,118
9594,216248206,216248186,20
9595,216248206,216248186,20
9596,216257006,216244056,12950
9597,216257926,216256487,1439
9598,216300791,216300525,266
9599,216300791,216300525,266
9600,216300791,216300525,266
9601,216300791,216300525,266
9602,216300791,216300525,266
9603,216300791,216300525,266
9604,216300791,216300525,266
9605,216300791,216300525,266
9606,216300791,216300525,266
9607,216300791,216300525,266
9608,216878346,216878050,296
9609,216946539,216946464,75
9610,216967506,216965265,2241
9611,216967506,216965265,2241
9612,216967506,216965265,2241
9613,216967506,216965265,2241
9614,217071016,217069925,1091
9615,217071016,217069925,1091
9616,217084915,217081924,2991
9617,217236750,217234983,1767
9618,217347774,217347700,74
9619,217347774,217347700,74
9620,217347774,217347700,74
9621,217366188,217366127,61
9622,217366188,217364758,1430
9623,217529156,217525614,3542
9624,217529158,217528827,331
9625,217560272,217559498,774
9626,217724782,217724757,25
9627,217736362,217736338,24
9628,218678739,218678456,283
9629,218750603,218745735,4868
9630,218768536,218768364,172
9631,218770184,218770168,16
9632,218784959,218762688,22271
9633,218784959,218762688,22271
9634,218808796,218762688,46108
9635,218808796,218762688,46108
9636,218867718,218867595,123
9637,218926013,218925720,293
9638,218955304,218954777,527
9639,218955304,218954777,527
9640,219000607,219000607,0
9641,219001976,219000607,1369
9642,219001976,219000607,1369
9643,219001976,219000607,1369
9644,219029934,219029934,0
9645,219031716,219029934,1782
9646,219119071,219118638,433
9647,219119071,219118638,433
9648,219119071,219118638,433
9649,219128440,219128440,0
9650,219128582,219128440,142
9651,219128582,219128440,142
9652,219128582,219128440,142
9653,219134893,219134809,84
9654,219134893,219134809,84
9655,219137670,219137485,185
9656,219151572,219146864,4708
9657,219157280,219146864,10416
9658,219157280,219142384,14896
9659,219211516,219209704,1812
9660,219211516,219209704,1812
9661,219232817,219232687,130
9662,219251953,219251382,571
9663,219257853,219256954,899
9664,219257853,219256954,899
9665,219259789,219259758,31
9666,219260749,219259758,991
9667,219261617,219259758,1859
9668,219261617,219259758,1859
9669,219261617,219259758,1859
9670,219270664,219269148,1516
9671,219270664,219269148,1516
9672,219270664,219269148,1516
9673,219270664,219269148,1516
9674,219295939,219295765,174
9675,219314248,219314059,189
9676,219314248,219314059,189
9677,219314248,219314059,189
9678,219433084,219423376,9708
9679,219433084,219423376,9708
9680,219433084,219423376,9708
9681,219433084,219423376,9708
9682,219433084,219418387,14697
9683,219433084,219423376,9708
9684,219458578,219458296,282
9685,219461158,219458999,2159
9686,219461158,219458999,2159
9687,219483530,219480433,3097
9688,219494386,219493002,1384
9689,219498944,219498594,350
9690,219501909,219501300,609
9691,219521195,219516586,4609
9692,219524355,219514141,10214
9693,219524355,219514141,10214
9694,219524355,219521152,3203
9695,219528166,219528109,57
9696,219528166,219528109,57
9697,219528166,219528109,57
9698,219528166,219528109,57
9699,219528166,219528109,57
9700,219528166,219528109,57
9701,219536781,219536693,88
9702,219536781,219532655,4126
9703,219567440,219566732,708
9704,219567440,219566732,708
9705,219567440,219566732,708
9706,219618077,219617734,343
9707,219619409,219619026,383
9708,219620138,219619112,1026
9709,219620138,219619112,1026
9710,219680016,219679753,263
9711,219696512,219696493,19
9712,219696512,219696493,19
9713,219696512,219696493,19
9714,219738954,219738567,387
9715,219758651,219757993,658
9716,219826877,219825646,1231
9717,219850379,219849797,582
9718,219858127,219857898,229
9719,219858127,219857898,229
9720,219880444,219878832,1612
9721,219884441,219884355,86
9722,219894930,219893102,1828
9723,219906273,219903770,2503
9724,219906273,219906234,39
9725,219906273,219903258,3015
9726,219906273,219903258,3015
9727,219925238,219925189,49
9728,220025587,220023084,2503
9729,220033824,220033785,39
9730,220034128,220033816,312
9731,220034817,220034706,111
9732,220034817,220034706,111
9733,220034817,220034706,111
9734,220041702,220041550,152
9735,220042732,220041550,1182
9736,220048522,220047351,1171
9737,220050197,220047351,2846
9738,220050197,220047351,2846
9739,220074119,220073298,821
9740,220074369,220073074,1295
9741,220074369,220073074,1295
9742,220074369,220073380,989
9743,220074373,220074028,345
9744,220074373,220074028,345
9745,220074373,220074028,345
9746,220085174,220083395,1779
9747,220085174,220083395,1779
9748,220094361,220092746,1615
9749,220094361,220092746,1615
9750,220100034,220099087,947
9751,220100034,220099087,947
9752,220100034,220099087,947
9753,220101391,220101167,224
9754,220101391,220101167,224
9755,220101391,220101167,224
9756,220105007,220104547,460
9757,220108353,220108295,58
9758,220110131,220108295,1836
9759,220110131,220108295,1836
9760,220112548,220112338,210
9761,220112913,220112665,248
9762,220115059,220113281,1778
9763,220115059,220113281,1778
9764,220115059,220113281,1778
9765,220118638,220118580,58
9766,220119330,220116910,2420
9767,220136910,220136421,489
9768,220147382,220146926,456
9769,220151622,220150719,903
9770,220151622,220149709,1913
9771,220151622,220149709,1913
9772,220173729,220172175,1554
9773,220174295,220174054,241
9774,220174295,220174054,241
9775,220195900,220195649,251
9776,220197460,220194451,3009
9777,220197899,220197899,0
9778,220252662,220252516,146
9779,220252662,220252486,176
9780,220253598,220251794,1804
9781,220264729,220264647,82
9782,220291461,220290712,749
9783,220331583,220329353,2230
9784,220331583,220329353,2230
9785,220331584,220330786,798
9786,220331584,220330786,798
9787,220358354,220357508,846
9788,220371718,220371520,198
9789,220371718,220371520,198
9790,220398542,220397243,1299
9791,220398542,220397792,750
9792,220398754,220396868,1886
9793,220403494,220402768,726
9794,220403494,220402190,1304
9795,220407819,220406739,1080
9796,220408487,220408260,227
9797,220415317,220414576,741
9798,220415317,220414576,741
9799,220424219,220424145,74
9800,220427396,220424145,3251
9801,220436268,220435954,314
9802,220436268,220435954,314
9803,220436268,220435954,314
9804,220440435,220440248,187
9805,220466770,220466228,542
9806,220471260,220471135,125
9807,220474234,220474010,224
9808,220474428,220474369,59
9809,220481173,220480915,258
9810,220496838,220496838,0
9811,220502533,220502533,0
9812,220506702,220506450,252
9813,220506702,220506450,252
9814,222437001,222436968,33
9815,222437010,222436968,42
9816,222437010,222429096,7914
9817,223163715,223163334,381
9818,223163715,223163334,381
9819,223163715,223163334,381
9820,223163715,223163334,381
9821,223163715,223163334,381
9822,223163715,223163334,381
9823,223163715,223163334,381
9824,223163715,223163334,381
9825,223169113,223169113,0
9826,223169936,223169113,823
9827,223423617,223423617,0
9828,223423617,223423617,0
9829,223520827,223520792,35
9830,223520827,223520792,35
9831,223520827,223505622,15205
9832,223574649,223574609,40
9833,223574649,223574609,40
9834,223808119,223806372,1747
9835,223808119,223806372,1747
9836,223918061,223918061,0
9837,223920357,223918061,2296
9838,224464000,224464000,0
9839,224467217,224464000,3217
9840,224702319,224702167,152
9841,224702319,224702167,152
9842,224810052,224810001,51
9843,224832431,224831751,680
9844,224896195,224866617,29578
9845,224903357,224903220,137
9846,224904036,224866617,37419
9847,224904036,224866617,37419
9848,225266711,225266485,226
9849,225266711,225266485,226
9850,225434542,225434489,53
9851,225450114,225449726,388
9852,225450114,225449726,388
9853,225670219,225669941,278
9854,225681430,225672801,8629
9855,225811779,225811668,111
9856,225907330,225907091,239
9857,225907330,225907091,239
9858,226518734,226516281,2453
9859,226518734,226516154,2580
9860,226595471,226593951,1520
9861,227663454,227663454,0
9862,227663506,227663454,52
9863,227863923,227860238,3685
9864,227863923,227860238,3685
9865,227863923,227807284,56639
9866,227863923,227860238,3685
9867,228012300,228012199,101
9868,228029275,228012199,17076
9869,228179508,228176586,2922
9870,228179508,228176586,2922
9871,228179508,228176660,2848
9872,228222552,228221833,719
9873,228222552,228221833,719
9874,228222552,228221833,719
9875,228222552,228221833,719
9876,228222552,228221833,719
9877,228222552,228221833,719
9878,228222552,228221833,719
9879,228222552,228221833,719
9880,228222552,228221833,719
9881,228222552,228221833,719
9882,228244022,228243984,38
9883,228425938,228419211,6727
9884,228425938,228419211,6727
9885,228425938,228419211,6727
9886,228425938,228419211,6727
9887,228498036,228497801,235
9888,228498036,228497801,235
9889,228582745,228567034,15711
9890,228582745,228565766,16979
9891,228682280,228681799,481
9892,228682280,228681799,481
9893,228789026,228788684,342
9894,228789026,228788684,342
9895,229046361,229046314,47
9896,229046361,229046314,47
9897,229046361,229046314,47
9898,230096808,230096770,38
9899,230136057,230127521,8536
9900,230136057,230135759,298
9901,230136057,230135759,298
9902,230451615,230450604,1011
9903,230579286,230579139,147
9904,230744844,230744795,49
9905,230786655,230744795,41860
9906,230786655,230744795,41860
9907,230786655,230744795,41860
9908,230786655,230744795,41860
9909,230877825,230875600,2225
9910,230877825,230875600,2225
9911,230933264,230924068,9196
9912,230933715,230924068,9647
9913,230933715,230924068,9647
9914,230948016,230931481,16535
9915,231072774,231065658,7116
9916,231084827,231081642,3185
9917,231084827,231081642,3185
9918,231084827,231081642,3185
9919,231084827,231081642,3185
9920,231090444,231086436,4008
9921,231103791,231103588,203
9922,231120247,231120246,1
9923,231177930,231177399,531
9924,231177930,231177399,531
9925,231177930,231177399,531
9926,231177930,231177399,531
9927,231237441,231236380,1061
9928,231266158,231264961,1197
9929,231268445,231267611,834
9930,231327299,231327277,22
9931,231335250,231334827,423
9932,231335250,231334827,423
9933,231335250,231334827,423
9934,231372861,231372761,100
9935,231381244,231380355,889
9936,231410317,231407661,2656
9937,231410317,231407661,2656
9938,231685790,231683419,2371
9939,231685790,231683419,2371
9940,231685790,231683419,2371
9941,231685790,231683419,2371
9942,231743963,231742814,1149
9943,231743963,231742814,1149
9944,231743963,231742814,1149
9945,231743963,231742814,1149
9946,231743963,231742814,1149
9947,231775677,231775677,0
9948,231789941,231775677,14264
9949,231825691,231775677,50014
9950,231871999,231867504,4495
9951,231914427,231911736,2691
9952,231914427,231911953,2474
9953,231988844,231988478,366
9954,231989824,231988478,1346
9955,232037540,232035426,2114
9956,232037540,232035426,2114
9957,232037540,232035426,2114
9958,232209909,232209806,103
9959,232209909,232209806,103
9960,232238606,232236246,2360
9961,232265875,232263636,2239
9962,232329205,232329064,141
9963,232379050,232378273,777
9964,232395182,232395072,110
9965,232458994,232458850,144
9966,232578250,232577561,689
9967,232578250,232577561,689
9968,232578250,232577561,689
9969,232645974,232645824,150
9970,232673434,232672355,1079
9971,232673434,232672355,1079
9972,232673434,232672329,1105
9973,232673434,232672355,1079
9974,232673434,232672355,1079
9975,232791038,232790959,79
9976,232791038,232790959,79
9977,233201908,233201340,568
9978,233208678,233208285,393
9979,233247599,233246505,1094
9980,233251754,233251454,300
9981,233275424,233274582,842
9982,233324742,233323856,886
9983,233324742,233323856,886
9984,233351464,233351363,101
9985,233352532,233351363,1169
9986,233352532,233349777,2755
9987,233390425,233390216,209
9988,233401375,233400022,1353
9989,233401375,233400022,1353
9990,233401375,233400022,1353
9991,233401375,233400022,1353
9992,233406592,233406243,349
9993,233411113,233410426,687
9994,233411113,233410426,687
9995,233415283,233414592,691
9996,233432342,233431961,381
9997,233433920,233433727,193
9998,233448349,233445653,2696
9999,233547491,233546429,1062
10000,233547491,233546429,1062
10001,233547491,233546429,1062
10002,233636115,233636072,43
10003,233641275,233636072,5203
10004,233641275,233636072,5203
10005,233641275,233635832,5443
10006,233681742,233681742,0
10007,233684695,233684695,0
10008,233709284,233708958,326
10009,233725289,233721570,3719
10010,233725289,233721570,3719
10011,233725289,233721570,3719
10012,233725289,233721570,3719
10013,233725289,233721570,3719
10014,233741107,233741066,41
10015,233766150,233759623,6527
10016,233792861,233792709,152
10017,233792861,233792709,152
10018,233877951,233839600,38351
10019,233899767,233899767,0
10020,234116549,234115354,1195
10021,234116549,234115354,1195
10022,234204320,234202996,1324
10023,234204320,234202996,1324
10024,234204320,234202996,1324
10025,234204320,234202996,1324
10026,234204320,234202996,1324
10027,234204320,234202996,1324
10028,234204320,234202996,1324
10029,234252396,234252283,113
10030,234255701,234255558,143
10031,234255701,234255472,229
10032,234351237,234350863,374
10033,234366463,234366274,189
10034,234380743,234378106,2637
10035,234380743,234378106,2637
10036,234398286,234398126,160
10037,234407270,234407235,35
10038,234421148,234420405,743
10039,234457875,234450940,6935
10040,234474236,234474236,0
10041,234475428,234474200,1228
10042,234652661,234652562,99
10043,234663991,234663713,278
10044,234663991,234663713,278
10045,234678310,234678207,103
10046,234678310,234678207,103
10047,234678310,234678207,103
10048,234678310,234678207,103
10049,234678310,234678207,103
10050,234678310,234678207,103
10051,234680261,234678207,2054
10052,234680261,234678207,2054
10053,234680261,234678207,2054
10054,234681951,234681205,746
10055,234681951,234681205,746
10056,234681951,234681205,746
10057,234681951,234681205,746
10058,234681951,234681205,746
10059,234681951,234681205,746
10060,234681951,234681205,746
10061,234681951,234681205,746
10062,234681951,234681205,746
10063,234681951,234681205,746
10064,234742064,234741905,159
10065,234763212,234763146,66
10066,234763212,234763125,87
10067,234763212,234763125,87
10068,234777055,234775841,1214
10069,234851523,234851422,101
10070,234851523,234851422,101
10071,234928166,234923256,4910
10072,234928166,234923256,4910
10073,234978667,234978657,10
10074,234985776,234978657,7119
10075,235405233,235405230,3
10076,235405693,235405230,463
10077,235964358,235962460,1898
10078,235964358,235962460,1898
10079,235964358,235962460,1898
10080,236761846,236761497,349
10081,237040444,237032766,7678
10082,237040444,237032766,7678
10083,237076652,237076614,38
10084,237076652,237076584,68
10085,237150258,237150163,95
10086,237172988,237172988,0
10087,237412340,237412305,35
10088,237416178,237415910,268
10089,237416178,237415910,268
10090,237490197,237490197,0
10091,237490994,237490197,797
10092,237490994,237490197,797
10093,238007489,238006385,1104
10094,238007489,238006385,1104
10095,238252157,238249701,2456
10096,238264422,238263631,791
10097,238322850,238305460,17390
10098,238322850,238305460,17390
10099,238322850,238305460,17390
10100,238322850,238305460,17390
10101,238322850,238305460,17390
10102,238322850,238305460,17390
10103,238454412,238454216,196
10104,238463961,238462235,1726
10105,238463961,238462235,1726
10106,238463961,238462235,1726
10107,238463961,238462235,1726
10108,238463961,238462235,1726
10109,238463961,238462235,1726
10110,238475818,238475818,0
10111,238499769,238494797,4972
10112,238674558,238672783,1775
10113,238674558,238672783,1775
10114,238674558,238672783,1775
10115,238690290,238688175,2115
10116,238690290,238688175,2115
10117,238751451,238743044,8407
10118,238820755,238820425,330
10119,238951423,238949979,1444
10120,238951423,238949979,1444
10121,238951423,238949979,1444
10122,238951423,238944528,6895
10123,238951423,238949979,1444
10124,238951423,238949979,1444
10125,239008054,239006996,1058
10126,239008054,239006996,1058
10127,239008054,239006996,1058
10128,239008054,239006996,1058
10129,239041928,239040373,1555
10130,239041928,239040373,1555
10131,239041928,239040373,1555
10132,239061547,239059706,1841
10133,239077515,239076142,1373
10134,239077515,239076142,1373
10135,239112324,239112194,130
10136,239112324,239098587,13737
10137,239112324,239096836,15488
10138,239112324,239112194,130
10139,239112324,239096836,15488
10140,239140318,239136389,3929
10141,239142985,239140860,2125
10142,239148681,239148546,135
10143,239148681,239148546,135
10144,239148681,239148546,135
10145,239186596,239186577,19
10146,239197207,239186577,10630
10147,239197207,239186577,10630
10148,239198743,239186577,12166
10149,239309541,239307560,1981
10150,239309541,239307560,1981
10151,239360891,239355152,5739
10152,239795893,239757339,38554
10153,239832237,239757339,74898
10154,240098259,240098247,12
10155,240111773,240111723,50
10156,240220334,240219867,467
10157,240220334,240219867,467
10158,240322643,240274394,48249
10159,240323346,240274394,48952
10160,240507788,240504804,2984
10161,240722356,240721871,485
10162,240964819,240964718,101
10163,240964819,240964718,101
10164,240964819,240964718,101
10165,240964819,240964718,101
10166,240969846,240969846,0
10167,240972330,240969846,2484
10168,240982399,240982399,0
10169,240985489,240985489,0
10170,241075747,241075701,46
10171,241075764,241075764,0
10172,241080073,241079743,330
10173,241396117,241390568,5549
10174,241407495,241405707,1788
10175,241497405,241494351,3054
10176,241497405,241496752,653
10177,241497405,241496752,653
10178,241497405,241496752,653
10179,241497405,241496752,653
10180,241500275,241496752,3523
10181,241500275,241465176,35099
10182,241500275,241494324,5951
10183,241500275,241494324,5951
10184,241503431,241500884,2547
10185,241503431,241500884,2547
10186,241518149,241517309,840
10187,241518149,241517309,840
10188,241535273,241534793,480
10189,241538526,241538097,429
10190,241538526,241538097,429
10191,241538526,241538097,429
10192,241538526,241538097,429
10193,241557122,241556415,707
10194,241570299,241570299,0
10195,241570676,241570299,377
10196,241570676,241570299,377
10197,241570676,241570299,377
10198,241622317,241622254,63
10199,241637900,241637773,127
10200,241664266,241662973,1293
10201,241665415,241664821,594
10202,241737229,241737169,60
10203,241759725,241737169,22556
10204,241759725,241737169,22556
10205,241813005,241812483,522
10206,241818536,241818238,298
10207,241818536,241818238,298
10208,241831452,241831356,96
10209,241831455,241831356,99
10210,241835573,241835414,159
10211,241925489,241925391,98
10212,242013401,242012838,563
10213,242015020,242011616,3404
10214,242026890,242026888,2
10215,242033643,242027816,5827
10216,242033643,242027816,5827
10217,242039910,242039417,493
10218,242041747,242036798,4949
10219,242041747,242041688,59
10220,242074184,242072380,1804
10221,242082489,242082293,196
10222,242088919,242082447,6472
10223,242088919,242082447,6472
10224,242088919,242082447,6472
10225,242088919,242078152,10767
10226,242088919,242082447,6472
10227,242089394,242082447,6947
10228,242106592,242106483,109
10229,242109282,242109282,0
10230,242122439,242122238,201
10231,242122439,242122238,201
10232,242135580,242135332,248
10233,242164791,242163568,1223
10234,242212246,242207063,5183
10235,242212246,242206284,5962
10236,242212532,242195727,16805
10237,242255115,242206284,48831
10238,242293441,242289589,3852
10239,242293441,242289589,3852
10240,242293441,242289589,3852
10241,242293441,242289589,3852
10242,242293441,242289589,3852
10243,242293441,242289589,3852
10244,242384661,242381948,2713
10245,242405193,242405112,81
10246,242405445,242404925,520
10247,242434256,242433540,716
10248,242439456,242438713,743
10249,242447775,242447450,325
10250,242448110,242447450,660
10251,242448110,242447450,660
10252,242448110,242447450,660
10253,242448110,242447450,660
10254,242448110,242440190,7920
10255,242448110,242440190,7920
10256,242448110,242440981,7129
10257,242448110,242447450,660
10258,242448987,242440190,8797
10259,242498558,242498396,162
10260,242513553,242511837,1716
10261,242556916,242556830,86
10262,242576725,242576432,293
10263,242612046,242610960,1086
10264,242613271,242611679,1592
10265,242613271,242611620,1651
10266,242613271,242611679,1592
10267,242613271,242611679,1592
10268,242613271,242611679,1592
10269,242613271,242611679,1592
10270,242617529,242617238,291
10271,242626383,242626198,185
10272,242626383,242626198,185
10273,242659600,242659036,564
10274,242668896,242664446,4450
10275,242708231,242707384,847
10276,242708231,242707384,847
10277,242708231,242707384,847
10278,242743702,242743581,121
10279,242758739,242758374,365
10280,242758739,242758374,365
10281,242758739,242758374,365
10282,242758739,242758374,365
10283,242758739,242758374,365
10284,242795132,242795001,131
10285,242801058,242800990,68
10286,242815482,242815426,56
10287,242948160,242946635,1525
10288,451097,447394,3703
10289,451097,447394,3703
10290,440831,440830,1
10291,451097,447394,3703
10292,1340053,1339679,374
10293,1445278,1445102,176
10294,1445278,1445102,176
10295,1445278,1445102,176
10296,3084847,3084846,1
10297,3099645,3097904,1741
10298,3099645,3097904,1741
10299,3079360,3079020,340
10300,3099645,3097904,1741
10301,3099645,3097904,1741
10302,3099645,3097904,1741
10303,3134046,3134034,12
10304,3146671,3146668,3
10305,3146671,3146668,3
10306,3152058,3146668,5390
10307,3152058,3146668,5390
10308,3152058,3146668,5390
10309,3152058,3146668,5390
10310,3152058,3146668,5390
10311,3152058,3146668,5390
10312,3152058,3146668,5390
10313,3190706,3189838,868
10314,3190706,3189838,868
10315,3221401,3221371,30
10316,3221401,3221371,30
10317,3221401,3215930,5471
10318,3889387,3888476,911
10319,3888476,3888476,0
10320,4356086,4355523,563
10321,4358949,4358930,19
10322,4358949,4358930,19
10323,4358949,4358930,19
10324,4358949,4358930,19
10325,4358949,4358930,19
10326,4508966,4508929,37
10327,4508966,4508929,37
10328,4508966,4508929,37
10329,4508966,4508929,37
10330,4687692,4687448,244
10331,4889524,4887909,1615
10332,4889524,4887909,1615
10333,4889524,4887909,1615
10334,4889524,4887909,1615
10335,4889524,4887909,1615
10336,4889524,4887909,1615
10337,5021646,5021529,117
10338,5026865,5025377,1488
10339,5026865,5025377,1488
10340,5222601,5220398,2203
10341,5222601,5220398,2203
10342,5222601,5220468,2133
10343,5249948,5249948,0
10344,5261650,5257603,4047
10345,5252983,5252937,46
10346,7735373,7735342,31
10347,7783218,7728114,55104
10348,7783218,7782093,1125
10349,7724023,7721990,2033
10350,7678128,7677957,171
10351,8592961,8591580,1381
10352,8609811,8609284,527
10353,8609811,8609284,527
10354,8609811,8609284,527
10355,8609806,8607360,2446
10356,8686484,8675471,11013
10357,8686484,8686444,40
10358,8693764,8675624,18140
10359,8693764,8675471,18293
10360,8723757,8675624,48133
10361,8786726,8675624,111102
10362,8788451,8787553,898
10363,8788451,8787553,898
10364,8811300,8809873,1427
10365,9005159,9005069,90
10366,9291369,9290635,734
10367,9291369,9290635,734
10368,9122971,9122942,29
10369,9291369,9290635,734
10370,9428475,9426372,2103
10371,9428475,9426372,2103
10372,9439174,9433426,5748
10373,9506437,9506428,9
10374,9519838,9517775,2063
10375,9519838,9517775,2063
10376,9519838,9517775,2063
10377,9519838,9517775,2063
10378,9487648,9487068,580
10379,9519838,9517775,2063
10380,9595486,9594363,1123
10381,9744078,9743657,421
10382,9744078,9743657,421
10383,9744078,9743657,421
10384,9744078,9743657,421
10385,9744078,9743657,421
10386,9771592,9771376,216
10387,9771592,9771376,216
10388,9789699,9789033,666
10389,9789699,9789033,666
10390,9789699,9789033,666
10391,9789699,9789033,666
10392,9799089,9798527,562
10393,9799089,9799012,77
10394,9799089,9798834,255
10395,9808353,9807515,838
10396,9808353,9800938,7415
10397,9808353,9807819,534
10398,9808353,9807819,534
10399,9808353,9807515,838
10400,9799089,9798834,255
10401,9799089,9799012,77
10402,9799089,9799012,77
10403,9799089,9799012,77
10404,9811668,9809433,2235
10405,9802254,9801501,753
10406,9829767,9829075,692
10407,9834695,9833150,1545
10408,9834695,9833150,1545
10409,9834695,9828913,5782
10410,9834695,9833150,1545
10411,9848789,9847899,890
10412,9848789,9847899,890
10413,9848789,9847899,890
10414,9878040,9876505,1535
10415,9896822,9896305,517
10416,9848789,9847899,890
10417,9878040,9877173,867
10418,9878040,9876505,1535
10419,9876591,9876505,86
10420,9878040,9876609,1431
10421,9878040,9876609,1431
10422,9878040,9876505,1535
10423,9878040,9876609,1431
10424,9869827,9868928,899
10425,9885702,9885698,4
10426,9885702,9885698,4
10427,9885702,9885674,28
10428,9885702,9885674,28
10429,9920195,9920170,25
10430,9920496,9920476,20
10431,9920740,9920170,570
10432,9920740,9911991,8749
10433,9921938,9920170,1768
10434,9921938,9920170,1768
10435,9921938,9911991,9947
10436,9936031,9935061,970
10437,9958084,9957491,593
10438,9952052,9950981,1071
10439,9958084,9957016,1068
10440,9958084,9957491,593
10441,9958084,9957491,593
10442,9972143,9972143,0
10443,9975305,9975277,28
10444,9975305,9975277,28
10445,9975305,9975277,28
10446,9975305,9975277,28
10447,9975305,9975277,28
10448,9975305,9975277,28
10449,9975305,9975277,28
10450,9975305,9975277,28
10451,9975314,9974682,632
10452,9975305,9975277,28
10453,9975305,9975277,28
10454,9987097,9986263,834
10455,9987097,9986075,1022
10456,9987097,9986263,834
10457,9994078,9991799,2279
10458,9994078,9991799,2279
10459,10028522,10028345,177
10460,10028522,10028345,177
10461,10046928,10044978,1950
10462,10046928,10044978,1950
10463,10052779,10050164,2615
10464,10083246,10081560,1686
10465,10141344,10140634,710
10466,10143614,10142946,668
10467,10143614,10142946,668
10468,10149915,10146458,3457
10469,10149915,10146458,3457
10470,10146458,10146458,0
10471,10168874,10167979,895
10472,10195354,10191649,3705
10473,10195354,10191649,3705
10474,10285427,10283912,1515
10475,10321611,10320709,902
10476,10322906,10320709,2197
10477,10322906,10320709,2197
10478,10331893,10331864,29
10479,10334631,10334597,34
10480,10334631,10331864,2767
10481,10334631,10331864,2767
10482,10334631,10331864,2767
10483,10334631,10331864,2767
10484,10334631,10334597,34
10485,10334631,10334597,34
10486,10331893,10331864,29
10487,10355656,10354374,1282
10488,10362725,10359739,2986
10489,10362858,10360834,2024
10490,10362858,10360963,1895
10491,10362858,10362736,122
10492,10359778,10359739,39
10493,10362858,10362736,122
10494,10452499,10430075,22424
10495,10547268,10491227,56041
10496,10547268,10491227,56041
10497,10749716,10491227,258489
10498,10547268,10491227,56041
10499,10867183,10865081,2102
10500,10980146,10980088,58
10501,11080935,11078652,2283
10502,11080935,11078652,2283
10503,11304939,11302187,2752
10504,11304939,11302187,2752
10505,11304939,11302187,2752
10506,11304939,11302187,2752
10507,11302187,11302187,0
10508,11599139,11596317,2822
10509,11599139,11596317,2822
10510,11599139,11596317,2822
10511,11610398,11610080,318
10512,11623836,11623773,63
10513,11646055,11643383,2672
10514,11685398,11684992,406
10515,11762220,11744508,17712
10516,11762220,11712814,49406
10517,11888352,11888110,242
10518,11888352,11888110,242
10519,12227226,12224940,2286
10520,12233532,12232125,1407
10521,12233532,12232125,1407
10522,12200851,12200340,511
10523,12475855,12475644,211
10524,12475855,12475644,211
10525,12475855,12475644,211
10526,12448345,12447646,699
10527,12475855,12475644,211
10528,12475855,12475414,441
10529,12448345,12447646,699
10530,12475855,12475644,211
10531,12574820,12574220,600
10532,12574820,12574220,600
10533,12573158,12571411,1747
10534,12574820,12574220,600
10535,12574820,12574220,600
10536,12581122,12574220,6902
10537,12586963,12586963,0
10538,12625210,12623752,1458
10539,12625210,12623752,1458
10540,12650834,12650299,535
10541,12705700,12660220,45480
10542,12705700,12660087,45613
10543,12800808,12791331,9477
10544,12800808,12791331,9477
10545,12810956,12810789,167
10546,12876313,12875481,832
10547,12876313,12875481,832
10548,12881949,12881736,213
10549,12883081,12881736,1345
10550,12883081,12881736,1345
10551,13008960,13008951,9
10552,13028536,12978191,50345
10553,13114617,13114514,103
10554,13461809,13461726,83
10555,13396194,13395463,731
10556,13420480,13420472,8
10557,13547924,13545977,1947
10558,13547924,13546183,1741
10559,13547924,13546183,1741
10560,13547924,13546183,1741
10561,13679922,13679419,503
10562,13679922,13679419,503
10563,13679922,13679419,503
10564,13679922,13679419,503
10565,13921618,13921313,305
10566,14107481,14106435,1046
10567,14106264,14105957,307
10568,14107481,14106435,1046
10569,14166371,14163477,2894
10570,14166371,14166176,195
10571,14185180,14183295,1885
10572,14179160,14177504,1656
10573,14220172,14220068,104
10574,14220172,14208710,11462
10575,14220172,14220068,104
10576,14199939,14199846,93
10577,14200392,14199846,546
10578,14239869,14239616,253
10579,14485850,14485490,360
10580,14489693,14489328,365
10581,14530857,14526515,4342
10582,14530857,14526515,4342
10583,14583588,14583588,0
10584,14567490,14567485,5
10585,14581897,14581815,82
10586,14708805,14708495,310
10587,14714166,14712701,1465
10588,14714166,14712701,1465
10589,14746125,14746107,18
10590,14814543,14814382,161
10591,14814543,14814382,161
10592,14814543,14814382,161
10593,14814540,14813712,828
10594,14814543,14814382,161
10595,14976072,14974674,1398
10596,14976072,14974674,1398
10597,14976072,14974674,1398
10598,14989948,14964768,25180
10599,15090780,15084515,6265
10600,15090780,15084515,6265
10601,15106816,15106701,115
10602,15106816,15106701,115
10603,15106816,15106701,115
10604,15140655,15137627,3028
10605,15140655,15137627,3028
10606,15140655,15137627,3028
10607,15222478,15222468,10
10608,15294423,15292767,1656
10609,15374136,15373915,221
10610,15374696,15311243,63453
10611,15382901,15311243,71658
10612,15469042,15468018,1024
10613,15469042,15468018,1024
10614,15469042,15468018,1024
10615,15484120,15480662,3458
10616,15484120,15480662,3458
10617,15540379,15540094,285
10618,15563258,15563132,126
10619,15563258,15563132,126
10620,15563258,15518674,44584
10621,15643130,15642970,160
10622,15643130,15642970,160
10623,15643130,15613201,29929
10624,15643130,15642970,160
10625,15643130,15642970,160
10626,15643130,15642970,160
10627,15687325,15686995,330
10628,15687325,15686995,330
10629,15687325,15686995,330
10630,15687325,15686995,330
10631,15717730,15717519,211
10632,15798058,15777004,21054
10633,15839691,15777004,62687
10634,15901053,15900910,143
10635,15838144,15838028,116
10636,15838146,15838028,118
10637,16271253,16269007,2246
10638,16271253,16269007,2246
10639,16271253,16269007,2246
10640,16306496,16306383,113
10641,16306496,16306383,113
10642,16347594,16345069,2525
10643,16378868,16345069,33799
10644,16378868,16345069,33799
10645,16524372,16524289,83
10646,16555222,16535376,19846
10647,16646297,16646009,288
10648,16647006,16646712,294
10649,17052576,17052415,161
10650,17132098,17131404,694
10651,17132098,17131404,694
10652,17349626,17349489,137
10653,17741512,17550062,191450
10654,17782399,17550062,232337
10655,17784240,17550062,234178
10656,17448110,17448041,69
10657,18310410,18308535,1875
10658,18466829,18462459,4370
10659,18466829,18462459,4370
10660,18480265,18462459,17806
10661,19492896,19491851,1045
10662,19577135,19575591,1544
10663,19577135,19575591,1544
10664,19492896,19492653,243
10665,19975706,19975510,196
10666,19988501,19977795,10706
10667,20026667,20025315,1352
10668,20026667,20025315,1352
10669,20053765,20053564,201
10670,20053765,20053564,201
10671,20195896,20194017,1879
10672,20227698,20225519,2179
10673,20227698,20225519,2179
10674,20227698,20225519,2179
10675,20227724,20225519,2205
10676,20227724,20225519,2205
10677,20227724,20225519,2205
10678,20227724,20225519,2205
10679,20227698,20225519,2179
10680,20227698,20219815,7883
10681,20227698,20219815,7883
10682,20227698,20225519,2179
10683,20227698,20225519,2179
10684,20227724,20225519,2205
10685,20227724,20225519,2205
10686,20227724,20225519,2205
10687,21448177,21448176,1
10688,21792816,21792408,408
10689,23632296,23631322,974
10690,23933131,23932097,1034
10691,23933131,23932097,1034
10692,23931308,23930869,439
10693,23933131,23932097,1034
10694,23958537,23952395,6142
10695,23988053,23952395,35658
10696,23961903,23960870,1033
10697,23961903,23960997,906
10698,23962347,23960992,1355
10699,23962347,23960992,1355
10700,23965187,23963166,2021
10701,23962347,23960992,1355
10702,23962347,23960992,1355
10703,23962347,23960992,1355
10704,24022109,24018910,3199
10705,24022109,24018910,3199
10706,24536313,24270450,265863
10707,24536313,24270450,265863
10708,24536313,24270450,265863
10709,24536313,24270450,265863
10710,24206950,24206845,105
10711,24536313,24270435,265878
10712,24536313,24270435,265878
10713,24536453,24270435,266018
10714,24536313,24270435,265878
10715,25639422,25638107,1315
10716,25639422,25638107,1315
10717,25639422,25638107,1315
10718,25661553,25656984,4569
10719,25705863,25705788,75
10720,25705831,25705788,43
10721,25706430,25705788,642
10722,25824989,25824881,108
10723,25824989,25824881,108
10724,25824989,25824881,108
10725,25831530,25831356,174
10726,25836025,25835985,40
10727,25836025,25835985,40
10728,25836025,25835985,40
10729,26752265,26751943,322
10730,26752265,26751943,322
10731,26752265,26751943,322
10732,26751943,26751943,0
10733,27257371,27257248,123
10734,27257966,27257248,718
10735,27333077,27326432,6645
10736,27410912,27394373,16539
10737,27410687,27394373,16314
10738,27465643,27465574,69
10739,27498245,27498174,71
10740,27498245,27498174,71
10741,27525838,27525617,221
10742,27525838,27525617,221
10743,27525838,27525617,221
10744,27525838,27525617,221
10745,27525911,27525617,294
10746,27525911,27525617,294
10747,27525911,27525617,294
10748,27525911,27525617,294
10749,27764206,27763785,421
10750,27764206,27761812,2394
10751,27764206,27763785,421
10752,27764206,27763785,421
10753,28361263,28361120,143
10754,28390618,28379986,10632
10755,28390618,28382108,8510
10756,28390618,28382108,8510
10757,28390618,28382108,8510
10758,28390618,28382108,8510
10759,28566632,28566179,453
10760,28566632,28566179,453
10761,28566632,28566179,453
10762,30032809,30032704,105
10763,30032809,30032704,105
10764,30051886,30045353,6533
10765,30051886,30045353,6533
10766,30051886,30045353,6533
10767,30713929,30713929,0
10768,30735633,30733091,2542
10769,30735633,30733091,2542
10770,30936153,30936106,47
10771,30936153,30936106,47
10772,31661766,31661464,302
10773,31661766,31661311,455
10774,31677556,31677556,0
10775,31871723,31789612,82111
10776,32023342,32022671,671
10777,32023342,32022671,671
10778,32033228,32032470,758
10779,32032470,32032470,0
10780,32210207,32207402,2805
10781,32411813,32411459,354
10782,32411813,32411459,354
10783,32496333,32495746,587
10784,32496333,32495746,587
10785,32544403,32544237,166
10786,32612366,32612262,104
10787,32612366,32612262,104
10788,32804803,32804360,443
10789,32815367,32815103,264
10790,32815367,32815103,264
10791,32815367,32815103,264
10792,32815367,32815103,264
10793,32815367,32815103,264
10794,32933771,32933303,468
10795,32996403,32995997,406
10796,32995997,32995997,0
10797,33138314,33114190,24124
10798,33138694,33138577,117
10799,33138694,33138577,117
10800,33138694,33138577,117
10801,33138314,33135276,3038
10802,33138314,33135687,2627
10803,33135687,33135687,0
10804,33189265,33183940,5325
10805,33189265,33183940,5325
10806,33189265,33183940,5325
10807,33260707,33260289,418
10808,33428757,33427100,1657
10809,33428757,33427100,1657
10810,33428757,33427100,1657
10811,33428757,33427100,1657
10812,33481870,33481340,530
10813,33481870,33481340,530
10814,33481897,33481340,557
10815,33617767,33617714,53
10816,33636460,33612226,24234
10817,33700933,33700481,452
10818,33759705,33759494,211
10819,33668572,33661136,7436
10820,33759705,33759494,211
10821,33686967,33686807,160
10822,33686753,33686540,213
10823,33686967,33686807,160
10824,33868756,33868171,585
10825,33911199,33908017,3182
10826,33911199,33908017,3182
10827,33911199,33908017,3182
10828,35727379,35725521,1858
10829,35835988,35835450,538
10830,35835988,35835450,538
10831,35727379,35725521,1858
10832,35727379,35725521,1858
10833,35727379,35725521,1858
10834,35835988,35835450,538
10835,35727379,35725521,1858
10836,35835988,35835450,538
10837,35835988,35835450,538
10838,36589496,36587781,1715
10839,36589496,36587781,1715
10840,36781352,36780150,1202
10841,36986548,36986300,248
10842,37034795,37034568,227
10843,37092337,37092144,193
10844,37092337,37092144,193
10845,37092337,37092144,193
10846,37092337,37092144,193
10847,37092337,37092144,193
10848,37092337,37092144,193
10849,37092337,37092144,193
10850,37107380,37107110,270
10851,37067498,37067496,2
10852,37067498,37067496,2
10853,37070423,37070422,1
10854,37081785,37081783,2
10855,37092337,37092144,193
10856,37081785,37081783,2
10857,37092337,37092220,117
10858,37092337,37091981,356
10859,37216680,37190474,26206
10860,37217851,37190474,27377
10861,37217851,37190474,27377
10862,37217851,37190474,27377
10863,37330782,37330782,0
10864,37369316,37369314,2
10865,37408370,37402763,5607
10866,37408370,37407594,776
10867,37408370,37407594,776
10868,37408370,37407594,776
10869,37459865,37459117,748
10870,37476988,37476621,367
10871,37459117,37459117,0
10872,37671010,37670887,123
10873,37861281,37860480,801
10874,38025960,38022358,3602
10875,38025960,38022358,3602
10876,38048676,38048546,130
10877,38039659,38039659,0
10878,38048676,38048546,130
10879,38043971,38043426,545
10880,38066278,38065924,354
10881,38071154,38071030,124
10882,38164228,38163903,325
10883,38164228,38164096,132
10884,38164228,38163903,325
10885,38127868,38127868,0
10886,38164228,38163903,325
10887,38164228,38164096,132
10888,38178733,38178526,207
10889,38178733,38178526,207
10890,38182070,38181545,525
10891,38184512,38182777,1735
10892,38184512,38182777,1735
10893,38184512,38182643,1869
10894,38184512,38182643,1869
10895,38184512,38182777,1735
10896,38272184,38271951,233
10897,38296979,38294382,2597
10898,38296979,38294382,2597
10899,38318507,38318467,40
10900,38319806,38318956,850
10901,38359859,38359740,119
10902,38349652,38348852,800
10903,38359859,38359740,119
10904,38456467,38454504,1963
10905,38456467,38454504,1963
10906,38442777,38442518,259
10907,38534633,38524823,9810
10908,38534633,38524823,9810
10909,38567796,38565853,1943
10910,38567796,38565853,1943
10911,38567796,38565853,1943
10912,38567796,38565853,1943
10913,38567796,38565853,1943
10914,38567796,38565853,1943
10915,38567796,38565853,1943
10916,38567796,38565853,1943
10917,38663980,38663970,10
10918,38663980,38663970,10
10919,38674850,38674798,52
10920,38674850,38674798,52
10921,38674850,38674798,52
10922,38674850,38674798,52
10923,38674850,38674798,52
10924,38674850,38674798,52
10925,38691164,38674798,16366
10926,38691164,38674798,16366
10927,38691164,38674798,16366
10928,38691164,38674798,16366
10929,38691164,38674798,16366
10930,38691164,38674798,16366
10931,38647639,38647612,27
10932,38663980,38663970,10
10933,38687267,38674806,12461
10934,38835501,38835501,0
10935,38992052,38991853,199
10936,38904790,38904736,54
10937,38936455,38936206,249
10938,39136905,39136234,671
10939,39136905,39136234,671
10940,39136905,39136234,671
10941,39137881,39136234,1647
10942,39149130,39149032,98
10943,39149130,39149032,98
10944,39149130,39149032,98
10945,39161124,39159707,1417
10946,39161124,39159707,1417
10947,39161124,39159577,1547
10948,39180394,39180279,115
10949,39180394,39180279,115
10950,39180394,39180279,115
10951,39176351,39175939,412
10952,39180394,39180279,115
10953,39195102,39188173,6929
10954,39196053,39188173,7880
10955,39234085,39230936,3149
10956,39234085,39226985,7100
10957,39234085,39230936,3149
10958,39230936,39230936,0
10959,39321527,39308000,13527
10960,39321930,39308000,13930
10961,39322764,39308000,14764
10962,39323226,39323186,40
10963,39308000,39308000,0
10964,39375171,39374890,281
10965,39375171,39374890,281
10966,39374890,39374890,0
10967,39438819,39438011,808
10968,39454032,39453859,173
10969,39454032,39453859,173
10970,39557494,39554874,2620
10971,39557494,39554913,2581
10972,39557494,39555339,2155
10973,39557494,39554874,2620
10974,39544517,39544371,146
10975,40301811,40299657,2154
10976,40301811,40299657,2154
10977,40301811,40299657,2154
10978,40204453,40204315,138
10979,40301811,40299657,2154
10980,40353915,40353505,410
10981,40470110,40468999,1111
10982,40470110,40468999,1111
10983,40503863,40503723,140
10984,40503863,40503723,140
10985,40531728,40529732,1996
10986,40531728,40529732,1996
10987,40531728,40529732,1996
10988,40531728,40529732,1996
10989,40531728,40529732,1996
10990,40531728,40529732,1996
10991,40559712,40558354,1358
10992,40559712,40558354,1358
10993,40559712,40558354,1358
10994,40558354,40558354,0
10995,40581043,40574581,6462
10996,40581043,40574581,6462
10997,40581043,40574581,6462
10998,40581043,40574581,6462
10999,41280845,41280833,12
11000,41281939,41280833,1106
11001,41281939,41280833,1106
11002,41281939,41280833,1106
11003,41281939,41280833,1106
11004,41281939,41280833,1106
11005,41266542,41266264,278
11006,41278939,41275451,3488
11007,41278958,41277998,960
11008,42003660,41996251,7409
11009,42003660,41996251,7409
11010,42003461,41996251,7210
11011,42254118,42251749,2369
11012,42267382,42265229,2153
11013,42267382,42265229,2153
11014,42245681,42244393,1288
11015,42254118,42251749,2369
11016,42254118,42251749,2369
11017,42305439,42305122,317
11018,42307662,42305122,2540
11019,42306399,42305122,1277
11020,42452065,42448743,3322
11021,42579065,42577773,1292
11022,42579065,42577773,1292
11023,42579065,42577773,1292
11024,42579065,42577773,1292
11025,42579065,42577773,1292
11026,42579065,42577773,1292
11027,42623520,42610538,12982
11028,42623520,42610538,12982
11029,42623520,42610538,12982
11030,42623520,42605150,18370
11031,42642572,42610538,32034
11032,42636490,42636001,489
11033,42663008,42661539,1469
11034,42681242,42681240,2
11035,42690233,42687467,2766
11036,42690233,42687467,2766
11037,42690233,42687501,2732
11038,42681242,42681240,2
11039,42681242,42681240,2
11040,42690233,42687467,2766
11041,42709072,42706090,2982
11042,42733938,42733485,453
11043,42743013,42742318,695
11044,42744319,42742318,2001
11045,42814745,42799837,14908
11046,42814745,42799837,14908
11047,42814745,42799837,14908
11048,42845934,42845683,251
11049,42846027,42835745,10282
11050,42846027,42835745,10282
11051,42908775,42907149,1626
11052,42908775,42907149,1626
11053,42907149,42907149,0
11054,42917633,42917308,325
11055,42960825,42956846,3979
11056,42960825,42956846,3979
11057,42960825,42956846,3979
11058,42984283,42984139,144
11059,42984283,42984139,144
11060,43095766,43095330,436
11061,43099207,43097878,1329
11062,43095766,43095330,436
11063,43132015,43122923,9092
11064,43147575,43122923,24652
11065,43122923,43122923,0
11066,43392634,43390049,2585
11067,43392634,43390049,2585
11068,43392634,43390049,2585
11069,43392634,43390049,2585
11070,43374852,43373806,1046
11071,43663560,43647344,16216
11072,43663560,43647344,16216
11073,43663560,43647344,16216
11074,43663560,43647344,16216
11075,43663560,43647344,16216
11076,43764217,43760024,4193
11077,44373590,44373503,87
11078,44401294,44399756,1538
11079,44450940,44449174,1766
11080,44401294,44399756,1538
11081,44450940,44449174,1766
11082,44450940,44449174,1766
11083,44497188,44497041,147
11084,44519162,44497041,22121
11085,44561226,44497041,64185
11086,44552128,44544471,7657
11087,44552128,44544070,8058
11088,44613650,44612867,783
11089,44624973,44624483,490
11090,44612157,44612156,1
11091,44613650,44612867,783
11092,44624973,44624483,490
11093,44624973,44624483,490
11094,44637557,44636681,876
11095,44636681,44636681,0
11096,44686752,44685712,1040
11097,44689963,44688017,1946
11098,44689963,44688017,1946
11099,44702283,44701439,844
11100,44702283,44701439,844
11101,44765323,44763944,1379
11102,44765323,44763944,1379
11103,44765323,44763944,1379
11104,44765323,44763944,1379
11105,44778575,44776729,1846
11106,44778575,44776729,1846
11107,44776729,44776729,0
11108,44803173,44803094,79
11109,44894748,44894227,521
11110,44894748,44894227,521
11111,44854762,44854743,19
11112,44894748,44894227,521
11113,44907154,44906672,482
11114,44930662,44929344,1318
11115,44943190,44943189,1
11116,44956088,44955217,871
11117,45017674,45000928,16746
11118,45017674,45000928,16746
11119,44986784,44975451,11333
11120,45054158,45052831,1327
11121,45043623,45043104,519
11122,45052962,45052831,131
11123,45054158,45052831,1327
11124,45077563,45077416,147
11125,45187914,45187779,135
11126,45187914,45187779,135
11127,45267814,45267519,295
11128,45590328,45589022,1306
11129,45590328,45589022,1306
11130,45722755,45718551,4204
11131,45786900,45785161,1739
11132,45786900,45785161,1739
11133,45786900,45785161,1739
11134,45786900,45785161,1739
11135,45813831,45811748,2083
11136,45838035,45837911,124
11137,45838035,45837911,124
11138,45883650,45883483,167
11139,45957216,45879495,77721
11140,45957216,45954638,2578
11141,45944667,45943390,1277
11142,45944667,45943390,1277
11143,45944667,45943390,1277
11144,45943390,45943390,0
11145,46037316,46026402,10914
11146,46026514,46026402,112
11147,45989845,45989002,843
11148,45989845,45989002,843
11149,45989002,45989002,0
11150,46068979,46063439,5540
11151,46068979,46063439,5540
11152,46063439,46063439,0
11153,46308197,46307717,480
11154,46249832,46245804,4028
11155,46245804,46245804,0
11156,46308197,46307717,480
11157,46308197,46307717,480
11158,46308197,46307717,480
11159,46308197,46307717,480
11160,46308197,46307717,480
11161,46307717,46307717,0
11162,46400868,46400101,767
11163,46402413,46401351,1062
11164,46400101,46400101,0
11165,46417697,46415452,2245
11166,46417697,46415452,2245
11167,46415452,46415452,0
11168,46451014,46450605,409
11169,46451014,46450605,409
11170,46451014,46450605,409
11171,46450605,46450605,0
11172,46505161,46501220,3941
11173,46506598,46506357,241
11174,46506598,46506357,241
11175,46526724,46509745,16979
11176,46542439,46542389,50
11177,46608040,46593081,14959
11178,46621572,46593081,28491
11179,46623952,46622740,1212
11180,46623952,46622740,1212
11181,46668033,46666708,1325
11182,46718899,46718200,699
11183,46723088,46722012,1076
11184,46735146,46730930,4216
11185,46735194,46730930,4264
11186,46752201,46750745,1456
11187,46752413,46751178,1235
11188,46759796,46759314,482
11189,46775385,46758975,16410
11190,46777921,46777878,43
11191,46786280,46786245,35
11192,46875313,46875259,54
11193,46875585,46875585,0
11194,46904973,46904880,93
11195,46945289,46945146,143
11196,46945289,46945146,143
11197,47023500,47018261,5239
11198,47018333,47018261,72
11199,47018333,47018261,72
11200,47051194,47050810,384
11201,47037123,47037121,2
11202,47051194,47050810,384
11203,47051194,47050810,384
11204,47054957,47054400,557
11205,47088111,47082884,5227
11206,47205467,47205414,53
11207,47205467,47205381,86
11208,47324337,47318864,5473
11209,47324337,47318864,5473
11210,47324337,47318864,5473
11211,47380312,47378287,2025
11212,47388306,47385431,2875
11213,47388306,47385431,2875
11214,47378287,47378287,0
11215,47453176,47453176,0
11216,47454931,47454675,256
11217,47454931,47454675,256
11218,47517445,47484483,32962
11219,47517445,47467631,49814
11220,47517445,47464000,53445
11221,47555199,47555080,119
11222,47555199,47552694,2505
11223,47555199,47555080,119
11224,47619623,47619101,522
11225,47620359,47620183,176
11226,47620359,47620183,176
11227,47620359,47620183,176
11228,47621730,47619101,2629
11229,47621730,47619101,2629
11230,47823405,47823287,118
11231,47823596,47787471,36125
11232,47884169,47883245,924
11233,47891686,47891610,76
11234,47891686,47891610,76
11235,47887342,47887342,0
11236,47912595,47912557,38
11237,47917390,47917276,114
11238,47934065,47933981,84
11239,47951878,47951731,147
11240,48130769,48040350,90419
11241,48130769,48040350,90419
11242,47951878,47951731,147
11243,48130769,48040350,90419
11244,47934065,47933981,84
11245,48130769,48040350,90419
11246,48130769,48040350,90419
11247,48229801,48229437,364
11248,48229801,48229437,364
11249,48229801,48229437,364
11250,48229801,48229437,364
11251,48266981,48266914,67
11252,48311910,48310276,1634
11253,48312479,48310276,2203
11254,48329115,48327803,1312
11255,48329115,48327803,1312
11256,48342848,48342802,46
11257,48342857,48340006,2851
11258,48342857,48336690,6167
11259,48342886,48340006,2880
11260,48342886,48340006,2880
11261,48342886,48340006,2880
11262,48369831,48369831,0
11263,48436190,48436124,66
11264,48436190,48436124,66
11265,48436190,48436124,66
11266,48436190,48436124,66
11267,48455480,48454354,1126
11268,48466026,48466020,6
11269,48470872,48466020,4852
11270,48471460,48466020,5440
11271,48457972,48456674,1298
11272,48481529,48475266,6263
11273,48481529,48475266,6263
11274,48481529,48475266,6263
11275,48481529,48475266,6263
11276,48481529,48476538,4991
11277,48481529,48475266,6263
11278,48481529,48476538,4991
11279,48485537,48485290,247
11280,48507708,48506953,755
11281,48507708,48506953,755
11282,48507708,48506953,755
11283,48507708,48506953,755
11284,48509044,48508999,45
11285,48509044,48508999,45
11286,48509044,48508999,45
11287,48509044,48508999,45
11288,48509044,48508999,45
11289,48509044,48508999,45
11290,48514742,48514423,319
11291,48514742,48514423,319
11292,48514941,48514881,60
11293,48520968,48520593,375
11294,48541483,48538709,2774
11295,48541682,48541527,155
11296,48541682,48541527,155
11297,48542247,48538709,3538
11298,48542259,48538709,3550
11299,48514742,48510936,3806
11300,48594227,48594210,17
11301,48594227,48575989,18238
11302,48594227,48594210,17
11303,48594227,48587635,6592
11304,48594227,48594210,17
11305,48598562,48598548,14
11306,48601201,48600557,644
11307,48600557,48600557,0
11308,48632593,48632592,1
11309,48647098,48647053,45
11310,48659189,48659189,0
11311,48709981,48709981,0
11312,48671279,48671028,251
11313,48672926,48672826,100
11314,48672926,48669815,3111
11315,48672926,48672826,100
11316,48672926,48672826,100
11317,48672926,48672826,100
11318,48672926,48672826,100
11319,48681363,48681145,218
11320,48689481,48688911,570
11321,48700348,48700067,281
11322,48723334,48723240,94
11323,48723334,48723240,94
11324,48723334,48723240,94
11325,48754920,48732724,22196
11326,48754920,48732724,22196
11327,48754920,48752868,2052
11328,48754920,48752782,2138
11329,48754920,48732724,22196
11330,48754920,48752782,2138
11331,48754920,48732724,22196
11332,48754920,48732724,22196
11333,48754920,48732724,22196
11334,48885270,48885029,241
11335,48885270,48885029,241
11336,48885270,48885029,241
11337,48936426,48936227,199
11338,48936426,48929460,6966
11339,48956818,48956582,236
11340,49022971,49020703,2268
11341,49022971,49020703,2268
11342,49022971,49020703,2268
11343,49022971,49020703,2268
11344,49044581,49044340,241
11345,49044581,49044340,241
11346,49040736,49040205,531
11347,49051549,49050783,766
11348,49053386,49052721,665
11349,49053386,49052721,665
11350,49053386,49052721,665
11351,49053386,49052721,665
11352,49056041,49055997,44
11353,49056041,49055997,44
11354,49058504,49055262,3242
11355,49058504,49055262,3242
11356,49056041,49055997,44
11357,49060926,49060605,321
11358,49060926,49060605,321
11359,49060926,49060605,321
11360,49060926,49060605,321
11361,49066875,49066783,92
11362,49067139,49066993,146
11363,49130902,49114450,16452
11364,49131504,49114450,17054
11365,49131504,49114450,17054
11366,49095459,49095443,16
11367,49136700,49136659,41
11368,49141944,49141079,865
11369,49142562,49141079,1483
11370,49142562,49142166,396
11371,49142562,49142166,396
11372,49142562,49142220,342
11373,49155553,49154893,660
11374,49158371,49156578,1793
11375,49158371,49156578,1793
11376,49158371,49156578,1793
11377,49154794,49154244,550
11378,49158371,49156578,1793
11379,49158371,49156578,1793
11380,49158371,49156578,1793
11381,49170599,49170300,299
11382,49170551,49170300,251
11383,49203785,49201641,2144
11384,49201641,49201641,0
11385,49213919,49213234,685
11386,49213918,49212467,1451
11387,49229291,49229204,87
11388,49295537,49294715,822
11389,49278822,49278820,2
11390,49283171,49282295,876
11391,49295537,49294715,822
11392,49311967,49311566,401
11393,49314508,49314305,203
11394,49350296,49348972,1324
11395,49377536,49377457,79
11396,49377536,49377457,79
11397,49377536,49377457,79
11398,49395791,49395711,80
11399,49395791,49395711,80
11400,49449428,49405894,43534
11401,49449526,49413022,36504
11402,49453909,49452295,1614
11403,49459884,49459650,234
11404,49460111,49459883,228
11405,49460111,49459883,228
11406,49460111,49459883,228
11407,49460111,49459650,461
11408,49460111,49459883,228
11409,49460111,49458972,1139
11410,49466757,49466672,85
11411,49466757,49466672,85
11412,49573051,49570632,2419
11413,49573051,49570632,2419
11414,49573051,49570632,2419
11415,49573051,49570632,2419
11416,49573051,49570632,2419
11417,49573051,49570632,2419
11418,49573051,49570632,2419
11419,49573051,49570632,2419
11420,49573051,49570632,2419
11421,49573051,49570632,2419
11422,49573051,49570632,2419
11423,49573051,49570632,2419
11424,49573051,49570632,2419
11425,49708982,49702272,6710
11426,49720781,49720775,6
11427,49720934,49720775,159
11428,49726196,49726124,72
11429,49726196,49726124,72
11430,49726196,49725075,1121
11431,49726196,49726124,72
11432,49758962,49758738,224
11433,49750325,49750142,183
11434,49757238,49756898,340
11435,49761384,49761159,225
11436,49761384,49761159,225
11437,49823627,49785473,38154
11438,49823973,49785473,38500
11439,49823973,49770344,53629
11440,49823975,49770344,53631
11441,49837254,49837245,9
11442,49837254,49837245,9
11443,49837254,49837245,9
11444,49842463,49842420,43
11445,49851391,49851220,171
11446,49893992,49893886,106
11447,49893992,49893886,106
11448,49893992,49893886,106
11449,49907369,49899821,7548
11450,49907369,49899479,7890
11451,49907369,49899821,7548
11452,49907369,49898509,8860
11453,49907369,49898509,8860
11454,49907369,49899821,7548
11455,49907369,49899751,7618
11456,49907369,49899821,7548
11457,49933313,49929002,4311
11458,49941306,49941042,264
11459,49941306,49941042,264
11460,49941306,49941042,264
11461,49941306,49941042,264
11462,49941306,49941042,264
11463,49941306,49941042,264
11464,49941306,49941042,264
11465,49967445,49967319,126
11466,49967445,49967319,126
11467,49967445,49967319,126
11468,49967445,49967319,126
11469,50103935,50103059,876
11470,50114685,50114566,119
11471,50114685,50114566,119
11472,50114685,50114566,119
11473,50114685,50114566,119
11474,50139616,50137507,2109
11475,50154812,50154812,0
11476,50156397,50155889,508
11477,50156397,50155889,508
11478,50156397,50155889,508
11479,50226508,50225548,960
11480,50226508,50225548,960
11481,50235129,50232388,2741
11482,50235129,50232388,2741
11483,50255961,50255837,124
11484,50258406,50257609,797
11485,50255961,50255837,124
11486,50296786,50295122,1664
11487,50296786,50295122,1664
11488,50296786,50295122,1664
11489,50296786,50295122,1664
11490,50296786,50295122,1664
11491,50296786,50295122,1664
11492,50314572,50314137,435
11493,50314572,50314137,435
11494,50314572,50314137,435
11495,50314572,50314137,435
11496,50314572,50314137,435
11497,50314572,50314137,435
11498,50314572,50314137,435
11499,50314572,50314137,435
11500,50325545,50324633,912
11501,50330026,50329897,129
11502,50330349,50330349,0
11503,50336320,50333033,3287
11504,50336899,50336645,254
11505,50336899,50336645,254
11506,50336899,50333033,3866
11507,50336899,50333033,3866
11508,50336320,50334894,1426
11509,50336899,50334894,2005
11510,50336899,50336645,254
11511,50334894,50334894,0
11512,50341032,50339841,1191
11513,50341032,50340387,645
11514,50341032,50339610,1422
11515,50341032,50340387,645
11516,50341032,50340387,645
11517,50341032,50338204,2828
11518,50349812,50340387,9425
11519,50341032,50340387,645
11520,50360213,50357920,2293
11521,50360281,50357920,2361
11522,50360281,50357920,2361
11523,50360281,50357920,2361
11524,50365668,50365530,138
11525,50365668,50365530,138
11526,50369597,50369489,108
11527,50374895,50374750,145
11528,50375664,50369489,6175
11529,50378367,50378236,131
11530,50378367,50378236,131
11531,50378367,50369489,8878
11532,50378367,50378236,131
11533,50383956,50383426,530
11534,50383156,50383010,146
11535,50383156,50383010,146
11536,50383123,50382626,497
11537,50388213,50386375,1838
11538,50388486,50388083,403
11539,50391496,50391175,321
11540,50391496,50391175,321
11541,50396939,50396494,445
11542,50540892,50540854,38
11543,50540892,50540854,38
11544,50605223,50603130,2093
11545,50605223,50603130,2093
11546,50605223,50603130,2093
11547,50605223,50596577,8646
11548,50605223,50596577,8646
11549,50608458,50603130,5328
11550,50622421,50617848,4573
11551,50622421,50617848,4573
11552,50649262,50647874,1388
11553,50649262,50649081,181
11554,50686728,50685477,1251
11555,50686728,50685477,1251
11556,50686728,50685477,1251
11557,50686728,50685477,1251
11558,51421629,51418990,2639
11559,51426828,51426520,308
11560,51435336,51431503,3833
11561,51534018,51517844,16174
11562,51534018,51517844,16174
11563,51458451,51458251,200
11564,51534018,51517844,16174
11565,51697612,51697436,176
11566,51697612,51697436,176
11567,51697612,51697436,176
11568,51697612,51697436,176
11569,51738339,51738032,307
11570,51738339,51738032,307
11571,51738339,51738032,307
11572,51738339,51738032,307
11573,51738339,51738032,307
11574,51738339,51738032,307
11575,51738339,51738032,307
11576,51738339,51738032,307
11577,51738339,51738032,307
11578,51752625,51752128,497
11579,51752625,51752128,497
11580,51813203,51812962,241
11581,51812962,51812962,0
11582,51937386,51937288,98
11583,51864874,51864817,57
11584,51864874,51864817,57
11585,51897440,51897386,54
11586,51909600,51909547,53
11587,51937386,51937288,98
11588,51975957,51975883,74
11589,51982883,51982496,387
11590,51982883,51982496,387
11591,51991520,51990775,745
11592,51995652,51994694,958
11593,51995652,51994694,958
11594,51996908,51995256,1652
11595,51996908,51995256,1652
11596,51997272,51994694,2578
11597,52001482,51995256,6226
11598,52001482,51995256,6226
11599,52001482,51995256,6226
11600,52001482,51994565,6917
11601,52008646,52005686,2960
11602,52008646,52005686,2960
11603,52008646,52008077,569
11604,52017425,52005686,11739
11605,52008250,52005686,2564
11606,52013023,52012416,607
11607,52015216,52015034,182
11608,52023218,52023091,127
11609,52022246,52021661,585
11610,52023218,52023091,127
11611,52023218,52023091,127
11612,52023218,52023091,127
11613,52023218,52023091,127
11614,52023218,52023091,127
11615,52029958,52029477,481
11616,52090461,52090382,79
11617,52090461,52090382,79
11618,52188706,52183992,4714
11619,52188706,52188388,318
11620,52188706,52188388,318
11621,52236750,52236749,1
11622,52248343,52248196,147
11623,52248343,52248196,147
11624,52248343,52248196,147
11625,52260179,52259545,634
11626,52265247,52264906,341
11627,52263798,52259545,4253
11628,52273183,52273032,151
11629,52284615,52283830,785
11630,52284611,52283399,1212
11631,52284615,52283830,785
11632,52284615,52283830,785
11633,52302154,52301068,1086
11634,52312659,52312377,282
11635,52327208,52326451,757
11636,52329272,52327142,2130
11637,52327208,52327150,58
11638,52329272,52327142,2130
11639,52434513,52434462,51
11640,52387837,52387787,50
11641,52434513,52433786,727
11642,52437910,52437201,709
11643,52444121,52443894,227
11644,52457657,52457333,324
11645,52457657,52457333,324
11646,52479043,52479043,0
11647,52488057,52488031,26
11648,52515926,52514914,1012
11649,52515926,52514535,1391
11650,52527088,52526498,590
11651,52527088,52526498,590
11652,52542559,52542552,7
11653,52558511,52558372,139
11654,52557592,52557592,0
11655,52558511,52558372,139
11656,52562782,52562699,83
11657,52567793,52567753,40
11658,52567793,52567753,40
11659,52569022,52562306,6716
11660,52569093,52568669,424
11661,52574586,52574501,85
11662,52713739,52713727,12
11663,52713739,52713727,12
11664,52713739,52713727,12
11665,52713739,52713727,12
11666,52713739,52713727,12
11667,52713739,52713727,12
11668,52713739,52713727,12
11669,52719866,52713727,6139
11670,52713739,52713727,12
11671,52643971,52643933,38
11672,52712613,52702591,10022
11673,52649472,52649391,81
11674,52728510,52728291,219
11675,52728510,52728291,219
11676,52728510,52728291,219
11677,52737714,52734476,3238
11678,52739807,52734476,5331
11679,52740048,52734476,5572
11680,52740048,52734476,5572
11681,52740048,52734476,5572
11682,52742197,52741828,369
11683,52804965,52804762,203
11684,52804965,52804762,203
11685,52804965,52804762,203
11686,52826084,52825927,157
11687,52826084,52825927,157
11688,52826084,52825927,157
11689,52826084,52825927,157
11690,52826084,52825902,182
11691,52843025,52842697,328
11692,52843025,52842697,328
11693,52859994,52858923,1071
11694,52860969,52860953,16
11695,52864686,52864658,28
11696,52864717,52864658,59
11697,52864717,52864658,59
11698,52866554,52864658,1896
11699,52869318,52868964,354
11700,52876976,52868964,8012
11701,52931597,52931466,131
11702,52931597,52931466,131
11703,52977609,52977573,36
11704,53080089,53003144,76945
11705,53164470,53164416,54
11706,53226733,53226282,451
11707,53226733,53226282,451
11708,53216433,53216002,431
11709,53219809,53219808,1
11710,53290130,53289958,172
11711,53264660,53264475,185
11712,53290038,53276224,13814
11713,53290130,53289958,172
11714,53290130,53269033,21097
11715,53290130,53289958,172
11716,53381654,53381544,110
11717,53381654,53381544,110
11718,53846492,53845433,1059
11719,53846492,53845433,1059
11720,53846492,53845433,1059
11721,53846492,53845433,1059
11722,53834445,53834443,2
11723,53880420,53858035,22385
11724,53899827,53899335,492
11725,53911414,53910674,740
11726,53915851,53912455,3396
11727,53916229,53916128,101
11728,53925989,53925815,174
11729,55108584,55108233,351
11730,55107584,55107583,1
11731,54919613,54919612,1
11732,54962072,54961938,134
11733,55514961,55514907,54
11734,55515426,55514907,519
11735,55521670,55521013,657
11736,55521670,55513465,8205
11737,56502391,56469035,33356
11738,56469175,56469035,140
11739,56115012,56114898,114
11740,56604774,56603390,1384
11741,56655848,56655646,202
11742,56655848,56655646,202
11743,56655848,56655646,202
11744,56655848,56655646,202
11745,56667994,56667992,2
11746,56698074,56695017,3057
11747,56717135,56717034,101
11748,56717135,56717034,101
11749,56809595,56809141,454
11750,56809745,56809141,604
11751,56835995,56835826,169
11752,56835995,56785333,50662
11753,56950499,56950369,130
11754,57113336,57069177,44159
11755,56835995,56835826,169
11756,57109460,57108295,1165
11757,57108295,57108295,0
11758,57176603,57176534,69
11759,57199403,57199314,89
11760,57204331,57143682,60649
11761,57204331,57143682,60649
11762,57234280,57233946,334
11763,57302049,57301865,184
11764,57302515,57302515,0
11765,57307498,57303715,3783
11766,57312980,57312980,0
11767,57326710,57317444,9266
11768,57326132,57326061,71
11769,57386253,57368937,17316
11770,57530071,57528597,1474
11771,57530071,57528597,1474
11772,57546664,57545147,1517
11773,57547768,57545731,2037
11774,57583215,57582867,348
11775,57678816,57678745,71
11776,57883420,57882742,678
11777,57914894,57913115,1779
11778,57914894,57913115,1779
11779,57914894,57913115,1779
11780,57914894,57911655,3239
11781,57914894,57913115,1779
11782,57914894,57913115,1779
11783,57904204,57902882,1322
11784,57914894,57911655,3239
11785,57914894,57913115,1779
11786,57914894,57911655,3239
11787,58157982,58156489,1493
11788,58157982,58156489,1493
11789,58157982,58156489,1493
11790,58157982,58156489,1493
11791,58157982,58156489,1493
11792,58157982,58156489,1493
11793,58196730,58196633,97
11794,58196730,58196633,97
11795,58200853,58196633,4220
11796,58280461,58279492,969
11797,58280461,58279492,969
11798,58305920,58303223,2697
11799,58305920,58303847,2073
11800,58305920,58303223,2697
11801,58305920,58303847,2073
11802,58305920,58303847,2073
11803,58305920,58303847,2073
11804,58406687,58406282,405
11805,58410878,58410687,191
11806,58410878,58406282,4596
11807,58410878,58410687,191
11808,58410878,58410662,216
11809,58410878,58406282,4596
11810,58410878,58410687,191
11811,58410878,58410687,191
11812,58410878,58410687,191
11813,58419566,58417681,1885
11814,58419579,58419536,43
11815,58419579,58419536,43
11816,58419579,58419536,43
11817,58488087,58487359,728
11818,58488087,58487359,728
11819,58522929,58520833,2096
11820,58563491,58555587,7904
11821,58563491,58555587,7904
11822,58572795,58572663,132
11823,58613337,58612721,616
11824,58563491,58555587,7904
11825,58652561,58641290,11271
11826,58855216,58855138,78
11827,59035715,58923391,112324
11828,59035758,58855138,180620
11829,59035758,58870334,165424
11830,61237133,60522695,714438
11831,61237133,60522695,714438
11832,61237133,60522695,714438
11833,62280573,62278982,1591
11834,62280573,62278982,1591
11835,62280573,62278982,1591
11836,62304622,62280439,24183
11837,62304622,62280439,24183
11838,62319320,62319064,256
11839,62319320,62319064,256
11840,62319320,62319064,256
11841,62358750,62358543,207
11842,62359190,62358543,647
11843,62467544,62467420,124
11844,62570999,62570948,51
11845,62861064,62860704,360
11846,62861064,62860704,360
11847,62861064,62860704,360
11848,62861064,62860704,360
11849,63602597,63601157,1440
11850,63602597,63601157,1440
11851,63602597,63601157,1440
11852,63650891,63649771,1120
11853,63834312,63830728,3584
11854,63849597,63849466,131
11855,63849597,63824123,25474
11856,63982295,63982177,118
11857,63989136,63985143,3993
11858,63989136,63985235,3901
11859,63966339,63965847,492
11860,63989136,63985143,3993
11861,64009113,64008197,916
11862,64009148,64009095,53
11863,64009282,64009095,187
11864,64009282,64009095,187
11865,64009686,64009511,175
11866,64211131,64184603,26528
11867,64673365,64673333,32
11868,64673365,64673333,32
11869,64601846,64599107,2739
11870,64672644,64672246,398
11871,64673365,64673333,32
11872,66024509,66023983,526
11873,66024509,66023983,526
11874,66024509,66023983,526
11875,66024509,66023983,526
11876,65387379,65387252,127
11877,65893350,65595500,297850
11878,66024509,66023983,526
11879,66024509,66023983,526
11880,66429351,66428231,1120
11881,66429351,66428231,1120
11882,66454834,66454678,156
11883,66456637,66456253,384
11884,66502057,66463305,38752
11885,66550845,66550831,14
11886,66550845,66550831,14
11887,67061632,67058809,2823
11888,67061632,67058809,2823
11889,67705038,67705010,28
11890,67578646,67578615,31
11891,67705038,67705010,28
11892,68594771,68593654,1117
11893,68594771,68593654,1117
11894,68057522,68057414,108
11895,68594771,68593654,1117
11896,68981761,68934339,47422
11897,68981761,68934339,47422
11898,69050865,69037689,13176
11899,69062774,69058997,3777
11900,69062774,69058997,3777
11901,69062774,69053531,9243
11902,69101484,69101237,247
11903,69101484,69101237,247
11904,69129524,69129504,20
11905,69129524,69129504,20
11906,69129524,69112595,16929
11907,69129524,69112595,16929
11908,69155239,69153787,1452
11909,69171746,69171537,209
11910,69171746,69171537,209
11911,69249709,69246098,3611
11912,69299308,69299283,25
11913,69435430,69435140,290
11914,69370095,69362668,7427
11915,69435430,69435140,290
11916,70017488,70014399,3089
11917,70017488,70014399,3089
11918,70017488,70014399,3089
11919,70017488,70014399,3089
11920,69988216,69987517,699
11921,70017488,70014399,3089
11922,70017488,70014399,3089
11923,70017488,70014399,3089
11924,71114074,71102906,11168
11925,71180092,71179834,258
11926,71180092,71179834,258
11927,71294316,71247532,46784
11928,71353911,71247532,106379
11929,71592708,71247532,345176
11930,71632904,71247532,385372
11931,71633140,71247532,385608
11932,71633140,71247532,385608
11933,71408395,71247532,160863
11934,71090683,71090681,2
11935,71633140,71247532,385608
11936,71774526,71774518,8
11937,71778269,71748790,29479
11938,71802775,71748790,53985
11939,71803532,71748790,54742
11940,71803924,71748790,55134
11941,71804328,71804328,0
11942,71834357,71834203,154
11943,71834357,71834203,154
11944,72495774,72495774,0
11945,72897598,72897491,107
11946,72897598,72891494,6104
11947,73024522,73024310,212
11948,73115011,73114873,138
11949,73115011,73114873,138
11950,73112471,73112051,420
11951,73433958,73433595,363
11952,73483001,73482858,143
11953,73523783,73523683,100
11954,73610769,73453435,157334
11955,73618612,73618313,299
11956,73674072,73673976,96
11957,74570343,74570263,80
11958,75484266,75478373,5893
11959,75484266,75476788,7478
11960,75716368,75715192,1176
11961,75834255,75832513,1742
11962,77699114,77695206,3908
11963,77699114,77695206,3908
11964,77699114,77695206,3908
11965,77699114,77695206,3908
11966,77699114,77695206,3908
11967,77667330,77666928,402
11968,78737922,78708853,29069
11969,79068609,79067611,998
11970,79068609,79067611,998
11971,79068609,79067611,998
11972,79817059,79639061,177998
11973,78719690,78719509,181
11974,78764407,78763619,788
11975,81810950,81810668,282
11976,81792780,81792727,53
11977,86123579,86115933,7646
11978,86123579,86115933,7646
11979,86123579,86115933,7646
11980,86123579,86115933,7646
11981,86123579,86115933,7646
11982,86123579,86115933,7646
11983,86123579,86115933,7646
11984,87040257,87039893,364
11985,87304698,87302972,1726
11986,87304698,87302972,1726
11987,87325737,87325612,125
11988,87325737,87325612,125
11989,88042919,88041000,1919
11990,88041000,88041000,0
11991,88108146,88105126,3020
11992,88108146,88105126,3020
11993,88199016,88105126,93890
11994,88105126,88105126,0
11995,88193814,88190802,3012
11996,88207115,88205785,1330
11997,89449495,89448656,839
11998,89531139,89528554,2585
11999,89531284,89528652,2632
12000,93646258,93624940,21318
12001,93677591,93624940,52651
12002,93692934,93692593,341
12003,93774522,93772107,2415
12004,93774522,93772107,2415
12005,93774522,93772107,2415
12006,93774522,93772107,2415
12007,93774522,93772107,2415
12008,93774522,93772107,2415
12009,93747454,93734113,13341
12010,93734113,93734113,0
12011,93781831,93780355,1476
12012,93782067,93780355,1712
12013,93780355,93780355,0
12014,93845630,93845334,296
12015,96728971,96728873,98
12016,96963544,96963169,375
12017,97467786,97467545,241
12018,97356926,97331275,25651
12019,97367421,97367174,247
12020,97367421,97367174,247
12021,97455133,97454966,167
12022,97517373,97516893,480
12023,97517373,97516893,480
12024,97517373,97516893,480
12025,97663830,97662158,1672
12026,97691295,97686437,4858
12027,97691295,97686437,4858
12028,97691295,97686437,4858
12029,97691295,97686437,4858
12030,97806946,97806946,0
12031,97852483,97852483,0
12032,97869162,97869162,0
12033,97888485,97888485,0
12034,97984106,97984106,0
12035,98002676,98002676,0
12036,98073663,98073663,0
12037,98110475,98110475,0
12038,98189372,98189347,25
12039,98217475,98217475,0
12040,98240281,98240268,13
12041,98241358,98240268,1090
12042,98241910,98240268,1642
12043,98241910,98240268,1642
12044,98241910,98241699,211
12045,98241910,98241699,211
12046,98241910,98240268,1642
12047,98241910,98240268,1642
12048,98251994,98251960,34
12049,98312455,98312348,107
12050,98312455,98312348,107
12051,98514689,98512605,2084
12052,98514689,98512605,2084
12053,98514689,98512605,2084
12054,98514689,98512605,2084
12055,98514689,98512605,2084
12056,98514689,98512605,2084
12057,98620533,98620170,363
12058,98620533,98620170,363
12059,99515577,99514980,597
12060,99515577,99514980,597
12061,99515124,99514980,144
12062,99897476,99897232,244
12063,99595046,99569247,25799
12064,99595046,99569799,25247
12065,99833349,99649864,183485
12066,99595046,99569799,25247
12067,99833349,99649864,183485
12068,99569799,99569799,0
12069,99595046,99569799,25247
12070,99897476,99897232,244
12071,99913030,99913028,2
12072,100044096,100042512,1584
12073,100044096,100042512,1584
12074,100044096,100042512,1584
12075,100068855,100067685,1170
12076,100074478,100074112,366
12077,100120242,100119793,449
12078,100175170,100174770,400
12079,100296285,100295862,423
12080,100296285,100295862,423
12081,100414323,100413845,478
12082,100414323,100413845,478
12083,100414323,100413845,478
12084,100467811,100467375,436
12085,100467811,100467375,436
12086,100467811,100467375,436
12087,100467811,100467375,436
12088,100467811,100466292,1519
12089,100467811,100466292,1519
12090,100536339,100532523,3816
12091,100556037,100555977,60
12092,100559008,100555977,3031
12093,100565290,100557072,8218
12094,100565393,100513812,51581
12095,100712334,100712249,85
12096,100712334,100712228,106
12097,100712334,100712228,106
12098,101039241,101023079,16162
12099,101039419,101039216,203
12100,101052113,101051750,363
12101,101232085,101231974,111
12102,101232085,101231974,111
12103,101232085,101212803,19282
12104,101232085,101231974,111
12105,101232085,101212803,19282
12106,101242731,101241823,908
12107,101285290,101284837,453
12108,101284837,101284837,0
12109,101313281,101311597,1684
12110,101313281,101311509,1772
12111,101395988,101395758,230
12112,101395988,101395758,230
12113,101398057,101395755,2302
12114,101405563,101405520,43
12115,101478356,101477328,1028
12116,101486181,101484395,1786
12117,101486181,101484395,1786
12118,101486181,101484395,1786
12119,101486181,101484395,1786
12120,101547075,101540798,6277
12121,101547075,101540798,6277
12122,101579869,101578215,1654
12123,101579869,101578215,1654
12124,101579869,101578215,1654
12125,101579869,101578215,1654
12126,102198685,102196462,2223
12127,102198685,102196462,2223
12128,102198685,102196462,2223
12129,105244230,105243360,870
12130,105272014,105271433,581
12131,105295757,105290783,4974
12132,105295757,105290783,4974
12133,105264154,105264034,120
12134,105295757,105290783,4974
12135,105295757,105290783,4974
12136,105400974,105400640,334
12137,105587887,105586421,1466
12138,105588266,105588232,34
12139,105587887,105586421,1466
12140,105587887,105586421,1466
12141,106970300,106968227,2073
12142,107097481,107097421,60
12143,107530176,107524304,5872
12144,107530176,107524374,5802
12145,107530176,107524304,5872
12146,107492483,107492482,1
12147,107530176,107524304,5872
12148,107530176,107524374,5802
12149,107647753,107647073,680
12150,107809935,107809755,180
12151,107809935,107809755,180
12152,107941222,107941169,53
12153,107941417,107941169,248
12154,108097126,108096125,1001
12155,108097126,108096125,1001
12156,108097126,108096125,1001
12157,108097126,108096125,1001
12158,108248169,108248112,57
12159,108308491,108308222,269
12160,108285485,108285459,26
12161,108304610,108300333,4277
12162,108308491,108300333,8158
12163,108413693,108409744,3949
12164,108366959,108366959,0
12165,108410234,108409744,490
12166,108413693,108409744,3949
12167,108375385,108373241,2144
12168,108476130,108476032,98
12169,108573714,108572724,990
12170,108573714,108572724,990
12171,108672677,108672609,68
12172,108672677,108672609,68
12173,108836993,108836906,87
12174,108836993,108836906,87
12175,108868951,108867299,1652
12176,108904108,108902064,2044
12177,109035364,109033389,1975
12178,109056419,109056364,55
12179,109056419,109056364,55
12180,109056419,109056364,55
12181,109214014,109212986,1028
12182,110612323,110612209,114
12183,110856407,110853062,3345
12184,110856407,110852539,3868
12185,110913016,110912226,790
12186,111325925,111325668,257
12187,111371206,111368653,2553
12188,111371206,111368653,2553
12189,111384597,111368653,15944
12190,111314182,111313048,1134
12191,111313048,111313048,0
12192,111565294,111451517,113777
12193,111565294,111564716,578
12194,111695364,111693410,1954
12195,111695364,111693410,1954
12196,111695364,111693410,1954
12197,111604642,111604484,158
12198,111636509,111632576,3933
12199,111695364,111693410,1954
12200,111695364,111693410,1954
12201,111695364,111693410,1954
12202,111695364,111693410,1954
12203,111712215,111709588,2627
12204,111712215,111710568,1647
12205,111712215,111710568,1647
12206,111712215,111710568,1647
12207,111732735,111732398,337
12208,111732735,111732398,337
12209,111732735,111732398,337
12210,111732735,111732398,337
12211,111800116,111799931,185
12212,111800116,111799931,185
12213,111837073,111835493,1580
12214,111837073,111835845,1228
12215,111849851,111838363,11488
12216,111852152,111851967,185
12217,111852152,111851967,185
12218,111852152,111851967,185
12219,112005725,111921207,84518
12220,112013074,112005638,7436
12221,112013074,112005638,7436
12222,112068666,112068665,1
12223,112081658,112080397,1261
12224,112081658,112080397,1261
12225,112081658,112080397,1261
12226,112081658,112080397,1261
12227,112218408,112218205,203
12228,112218408,112218205,203
12229,112280485,112280375,110
12230,112280485,112280375,110
12231,112280485,112280375,110
12232,112303284,112301583,1701
12233,112358763,112358752,11
12234,112359977,112358752,1225
12235,112359977,112358752,1225
12236,112359977,112358752,1225
12237,112564797,112548214,16583
12238,112564797,112564571,226
12239,112564797,112548214,16583
12240,112693937,112693704,233
12241,112693937,112693704,233
12242,112693937,112693704,233
12243,112693937,112693704,233
12244,112693937,112693704,233
12245,112720221,112719766,455
12246,112720221,112719766,455
12247,112738555,112738494,61
12248,112738555,112727127,11428
12249,112738555,112732849,5706
12250,112738555,112732183,6372
12251,112738555,112731606,6949
12252,112738555,112732223,6332
12253,112738555,112738491,64
12254,112738555,112732849,5706
12255,112738555,112732849,5706
12256,112970852,112969778,1074
12257,113006305,113005709,596
12258,112990452,112990144,308
12259,113006305,113005709,596
12260,113006305,113005709,596
12261,112970852,112969778,1074
12262,113006305,113005709,596
12263,113006305,113005928,377
12264,113022964,113015730,7234
12265,113160361,113152511,7850
12266,113160361,113152511,7850
12267,113234034,113225452,8582
12268,113212989,113212968,21
12269,113233689,113233540,149
12270,113234000,113225452,8548
12271,113348422,113346555,1867
12272,113348422,113346555,1867
12273,113348422,113346555,1867
12274,113348422,113346555,1867
12275,113348422,113346555,1867
12276,113389080,113383247,5833
12277,113415493,113393725,21768
12278,113458434,113442311,16123
12279,113464641,113442311,22330
12280,113465120,113464796,324
12281,113530905,113528274,2631
12282,113530905,113528274,2631
12283,113666021,113664325,1696
12284,113666021,113664325,1696
12285,113666021,113664325,1696
12286,113666021,113664325,1696
12287,113666021,113664325,1696
12288,113681827,113679580,2247
12289,113681827,113679580,2247
12290,113682211,113677477,4734
12291,113775460,113775313,147
12292,113775460,113775428,32
12293,113775460,113775313,147
12294,113807268,113804751,2517
12295,113807268,113804751,2517
12296,113807268,113804751,2517
12297,113807268,113804751,2517
12298,113798387,113795805,2582
12299,113897623,113890839,6784
12300,113897899,113890839,7060
12301,113897899,113890839,7060
12302,113918254,113890839,27415
12303,113956425,113955921,504
12304,114029135,114026978,2157
12305,114102489,114099634,2855
12306,114343053,114070705,272348
12307,114343792,114070705,273087
12308,114478124,114070705,407419
12309,114478124,114070705,407419
12310,114790261,114070705,719556
12311,114866127,114070705,795422
12312,115440334,115439729,605
12313,115440334,115439729,605
12314,116164385,116163878,507
12315,116164385,116163878,507
12316,118529680,118529670,10
12317,118753676,118753429,247
12318,118753676,118753429,247
12319,118753676,118753429,247
12320,118864898,118824039,40859
12321,118864898,118824039,40859
12322,118864898,118824039,40859
12323,118870206,118870139,67
12324,118870302,118870139,163
12325,118924000,118922814,1186
12326,118924000,118922814,1186
12327,118924000,118922814,1186
12328,118959752,118948946,10806
12329,118959485,118948946,10539
12330,118959752,118948946,10806
12331,118959752,118948946,10806
12332,118959752,118945730,14022
12333,119138323,119135111,3212
12334,119182529,119165983,16546
12335,119182529,119180921,1608
12336,119213554,119211285,2269
12337,119213554,119211285,2269
12338,119243125,119242603,522
12339,119278481,119276575,1906
12340,119276775,119276575,200
12341,119276775,119276575,200
12342,119276775,119276575,200
12343,119308792,119306725,2067
12344,119308792,119306725,2067
12345,119308792,119306725,2067
12346,119308792,119306725,2067
12347,119348658,119348315,343
12348,119348658,119348315,343
12349,119348658,119348315,343
12350,119379404,119379270,134
12351,119379404,119379270,134
12352,119384170,119373405,10765
12353,119396243,119384150,12093
12354,119396243,119373405,22838
12355,119396243,119367400,28843
12356,119396243,119367400,28843
12357,119396243,119373405,22838
12358,119396243,119384150,12093
12359,119396243,119373405,22838
12360,119396243,119373405,22838
12361,119396243,119393999,2244
12362,119396243,119373405,22838
12363,119396243,119396157,86
12364,119429208,119428746,462
12365,119434780,119434625,155
12366,119459649,119459647,2
12367,119485949,119469944,16005
12368,119485949,119469944,16005
12369,119485949,119469944,16005
12370,119485949,119469944,16005
12371,119459649,119459647,2
12372,119537332,119536059,1273
12373,119537332,119536059,1273
12374,119537332,119536059,1273
12375,119537332,119536059,1273
12376,119582452,119582307,145
12377,119813264,119812281,983
12378,119813264,119812281,983
12379,119963325,119962945,380
12380,119963325,119962945,380
12381,120068186,120068090,96
12382,120169918,120169593,325
12383,120169918,120169593,325
12384,120169918,120169593,325
12385,120321258,120321117,141
12386,120321258,120320140,1118
12387,120370898,120369631,1267
12388,120401418,120400958,460
12389,120461384,120461354,30
12390,120501916,120500317,1599
12391,121143608,121137944,5664
12392,121143608,121137944,5664
12393,121209706,121209293,413
12394,121264853,121264724,129
12395,121309469,121305447,4022
12396,121349139,121345757,3382
12397,121379791,121377194,2597
12398,121379791,121377194,2597
12399,121379791,121377194,2597
12400,121468614,121448843,19771
12401,121468614,121449818,18796
12402,121468614,121449818,18796
12403,121468614,121448843,19771
12404,121448864,121448843,21
12405,121468614,121449818,18796
12406,121553926,121547807,6119
12407,121553926,121547807,6119
12408,121605373,121605235,138
12409,121605373,121605235,138
12410,121663034,121659854,3180
12411,121663034,121659854,3180
12412,121726148,121726102,46
12413,121741127,121740924,203
12414,121741127,121740924,203
12415,121741127,121740924,203
12416,121839988,121838381,1607
12417,121839988,121838381,1607
12418,121839988,121838381,1607
12419,121839988,121838381,1607
12420,121839988,121838381,1607
12421,122005344,122004038,1306
12422,122005344,122004038,1306
12423,122060815,122060414,401
12424,122102074,122102071,3
12425,122126811,122126290,521
12426,122128961,122128678,283
12427,122134882,122134375,507
12428,122178732,122170872,7860
12429,122179504,122170872,8632
12430,122215484,122170872,44612
12431,122233786,122170872,62914
12432,122233786,122215412,18374
12433,122283147,122278467,4680
12434,122283147,122278467,4680
12435,122283194,122278467,4727
12436,122283194,122278467,4727
12437,122283523,122278467,5056
12438,122283523,122278467,5056
12439,122283194,122278467,4727
12440,122294049,122290594,3455
12441,122294049,122290594,3455
12442,122294049,122289003,5046
12443,122355536,122354947,589
12444,122355536,122354947,589
12445,122355536,122354947,589
12446,122355536,122354947,589
12447,122355536,122354947,589
12448,122449687,122447444,2243
12449,122440500,122439337,1163
12450,122449687,122447444,2243
12451,122441494,122439337,2157
12452,122460623,122459918,705
12453,122512666,122512527,139
12454,122512666,122512527,139
12455,122599986,122598225,1761
12456,122599986,122598225,1761
12457,122611263,122606188,5075
12458,122631114,122630362,752
12459,122694981,122694970,11
12460,122712120,122680110,32010
12461,122746659,122680110,66549
12462,122746659,122667506,79153
12463,122746659,122667506,79153
12464,122880953,122880807,146
12465,122992982,122990569,2413
12466,122992982,122990569,2413
12467,123135189,123135114,75
12468,123138056,123086784,51272
12469,123167392,123167392,0
12470,123123408,123066711,56697
12471,123303924,123303874,50
12472,123339530,123339141,389
12473,123339530,123339141,389
12474,123383105,123359275,23830
12475,123411226,123401122,10104
12476,123512691,123512688,3
12477,123603149,123512688,90461
12478,123603149,123512688,90461
12479,123603149,123512688,90461
12480,123603149,123512688,90461
12481,123603149,123457803,145346
12482,123420356,123420319,37
12483,123519035,123512688,6347
12484,123550330,123550269,61
12485,123674812,123667875,6937
12486,123677747,123667875,9872
12487,123680255,123680164,91
12488,123680255,123680164,91
12489,123680255,123667875,12380
12490,123680255,123667875,12380
12491,123710199,123699328,10871
12492,124238698,124237309,1389
12493,124238698,124237309,1389
12494,124238698,124237309,1389
12495,124440036,124438317,1719
12496,124207712,124207206,506
12497,124394274,124393465,809
12498,124369785,124369783,2
12499,124440036,124438317,1719
12500,124394274,124393465,809
12501,124468119,124462931,5188
12502,124468119,124462931,5188
12503,124468119,124462931,5188
12504,124468119,124462931,5188
12505,124468119,124462931,5188
12506,124468119,124462931,5188
12507,124606144,124605847,297
12508,124653595,124653556,39
12509,124720864,124720774,90
12510,124774802,124774734,68
12511,124774802,124774734,68
12512,124839698,124839669,29
12513,124842443,124839525,2918
12514,124931609,124930193,1416
12515,124998091,124998021,70
12516,124931609,124896803,34806
12517,125094198,125032484,61714
12518,125094198,125032484,61714
12519,125094198,125032484,61714
12520,125094198,125032484,61714
12521,125094198,124996621,97577
12522,125239058,125239016,42
12523,125239058,125216791,22267
12524,125314381,125313644,737
12525,125655887,125653316,2571
12526,125655887,125652517,3370
12527,125696836,125696017,819
12528,125702296,125702163,133
12529,125702296,125702163,133
12530,125702296,125702163,133
12531,125775618,125775395,223
12532,125803134,125787062,16072
12533,125803134,125787062,16072
12534,125803134,125787062,16072
12535,125820391,125769815,50576
12536,125803134,125787062,16072
12537,125899645,125879822,19823
12538,125899645,125879822,19823
12539,125900029,125899811,218
12540,125826912,125826802,110
12541,125834345,125834086,259
12542,125875526,125869338,6188
12543,125899645,125879716,19929
12544,125877482,125877336,146
12545,125899645,125876188,23457
12546,125929011,125899367,29644
12547,126076236,126071765,4471
12548,126155398,126155247,151
12549,126155398,126155247,151
12550,126194762,126194708,54
12551,126169613,126169472,141
12552,126194762,126194708,54
12553,126236616,126236562,54
12554,126236616,126236562,54
12555,126262134,126261421,713
12556,126277758,126272233,5525
12557,126327476,126291386,36090
12558,126373967,126362869,11098
12559,126373967,126362869,11098
12560,126390782,126390561,221
12561,126676776,126676460,316
12562,126679263,126679044,219
12563,126756235,126752860,3375
12564,126756235,126752860,3375
12565,126917025,126916257,768
12566,127309602,127298989,10613
12567,127309602,127298989,10613
12568,127299280,127298989,291
12569,127341278,127340616,662
12570,127341278,127340616,662
12571,127341278,127340616,662
12572,127391653,127391323,330
12573,127399769,127399318,451
12574,127399769,127399318,451
12575,127399769,127399318,451
12576,127399769,127399318,451
12577,127399769,127399318,451
12578,127455200,127454701,499
12579,127541725,127541161,564
12580,127541725,127541161,564
12581,127542093,127540661,1432
12582,127542093,127540661,1432
12583,127706514,127703121,3393
12584,127646963,127646961,2
12585,127706514,127703121,3393
12586,127706514,127703121,3393
12587,127790526,127788505,2021
12588,127790526,127788505,2021
12589,127790526,127788505,2021
12590,127872757,127838218,34539
12591,127790526,127788505,2021
12592,127842671,127842567,104
12593,127842671,127842567,104
12594,128127489,128127102,387
12595,128186091,128182088,4003
12596,128182088,128182088,0
12597,128206764,128205874,890
12598,128207373,128205874,1499
12599,128212030,128205874,6156
12600,128294929,128292572,2357
12601,128292572,128292572,0
12602,128369719,128369643,76
12603,128399918,128356758,43160
12604,128533641,128532265,1376
12605,128533641,128532265,1376
12606,128627942,128627111,831
12607,128631957,128631450,507
12608,128631957,128631450,507
12609,128631957,128631450,507
12610,128622975,128622917,58
12611,128631957,128631450,507
12612,128634406,128634361,45
12613,128712919,128712147,772
12614,128690276,128664809,25467
12615,128710740,128707687,3053
12616,128712986,128712147,839
12617,128759585,128758691,894
12618,128781253,128781116,137
12619,128781116,128781116,0
12620,128840647,128840332,315
12621,128840647,128840332,315
12622,128840647,128840332,315
12623,128840647,128840332,315
12624,128840765,128840332,433
12625,128840857,128840332,525
12626,128840993,128840332,661
12627,128880073,128879818,255
12628,128875763,128864608,11155
12629,128880073,128879818,255
12630,128880073,128879818,255
12631,128890614,128890600,14
12632,128890614,128890600,14
12633,128902810,128890600,12210
12634,128902810,128890600,12210
12635,128902810,128890600,12210
12636,128902810,128890600,12210
12637,128902810,128890600,12210
12638,128996616,128996267,349
12639,128996616,128996267,349
12640,129024135,129023668,467
12641,129024135,129023668,467
12642,129024135,129023668,467
12643,129024135,129023668,467
12644,129035120,129034745,375
12645,129118282,129115978,2304
12646,129118282,129115978,2304
12647,129147494,129147331,163
12648,129159022,129158676,346
12649,129159022,129158676,346
12650,129159022,129158676,346
12651,129159022,129158676,346
12652,129159022,129158676,346
12653,129231255,129231253,2
12654,129239191,129239108,83
12655,129239191,129239108,83
12656,129239191,129239108,83
12657,129239191,129239108,83
12658,129239191,129239108,83
12659,129239191,129239108,83
12660,129239191,129239108,83
12661,129239191,129239108,83
12662,129239191,129239108,83
12663,129226605,129226605,0
12664,129239191,129239108,83
12665,129239191,129239108,83
12666,129254187,129252561,1626
12667,129270204,129270183,21
12668,129270204,129270183,21
12669,129277540,129275979,1561
12670,129286447,129286424,23
12671,129325582,129325482,100
12672,129407575,129389711,17864
12673,129513259,129513205,54
12674,129599402,129547221,52181
12675,129612419,129546879,65540
12676,129696781,129696059,722
12677,129817233,129817098,135
12678,130203690,130202904,786
12679,130203690,130202885,805
12680,130189818,130189815,3
12681,130395888,130394241,1647
12682,130395888,130394241,1647
12683,130465696,130464062,1634
12684,130722046,130720194,1852
12685,130735555,130735091,464
12686,130735555,130735091,464
12687,130722046,130720194,1852
12688,130722046,130720194,1852
12689,130735555,130735033,522
12690,130735555,130735091,464
12691,130722046,130720194,1852
12692,130735555,130735033,522
12693,130735555,130735091,464
12694,130735555,130735091,464
12695,130722046,130720194,1852
12696,130745636,130744150,1486
12697,130745646,130744150,1496
12698,130893981,130893624,357
12699,131069309,131068620,689
12700,131069309,131068579,730
12701,131069309,131068620,689
12702,131069309,131068620,689
12703,131069309,131068620,689
12704,130853122,130852804,318
12705,130903616,130903595,21
12706,130871415,130871415,0
12707,131107674,131102286,5388
12708,131101641,131101435,206
12709,131107674,131102185,5489
12710,131107674,131102185,5489
12711,131221813,131219327,2486
12712,131221860,131221665,195
12713,131221860,131221665,195
12714,131261937,131261592,345
12715,131754286,131624287,129999
12716,131756563,131756453,110
12717,131759165,131756453,2712
12718,132004254,131624287,379967
12719,132077690,132075722,1968
12720,132077690,132075722,1968
12721,132087146,132086666,480
12722,132186190,132186190,0
12723,132257876,132257126,750
12724,132177193,132176251,942
12725,132378975,132378595,380
12726,132345918,132345564,354
12727,132321382,132320294,1088
12728,132321382,132320294,1088
12729,132403638,132403604,34
12730,132396944,132395370,1574
12731,132396944,132395370,1574
12732,132396944,132395370,1574
12733,132419292,132413706,5586
12734,132441303,132441199,104
12735,132441303,132435688,5615
12736,133116619,133114830,1789
12737,133116619,133114830,1789
12738,133108527,133105284,3243
12739,133116619,133114830,1789
12740,133194056,133193816,240
12741,133309118,133306890,2228
12742,133309118,133306018,3100
12743,133309118,133306018,3100
12744,133380737,133379971,766
12745,133347315,133342241,5074
12746,133497850,133497464,386
12747,133474655,133474343,312
12748,133497850,133497464,386
12749,133497850,133497464,386
12750,133497850,133497464,386
12751,133540336,133538610,1726
12752,133614691,133614310,381
12753,133614691,133604409,10282
12754,133648656,133647647,1009
12755,133748920,133748646,274
12756,133748920,133748646,274
12757,133748920,133673930,74990
12758,133969586,133969488,98
12759,133969586,133969488,98
12760,134085683,134085185,498
12761,134093406,134090275,3131
12762,134093406,134090275,3131
12763,134094259,134094142,117
12764,134204831,134201746,3085
12765,134204863,134201746,3117
12766,134204865,134201746,3119
12767,134283870,134280377,3493
12768,134293855,134293733,122
12769,134283870,134280377,3493
12770,134283870,134280377,3493
12771,134272391,134270866,1525
12772,134369864,134369802,62
12773,134369864,134369802,62
12774,134369864,134369802,62
12775,134339699,134337997,1702
12776,134370478,134369979,499
12777,134851891,134851657,234
12778,134979307,134977962,1345
12779,134979307,134977962,1345
12780,135866752,135864008,2744
12781,135866752,135864008,2744
12782,135866752,135864008,2744
12783,135913310,135871500,41810
12784,135914688,135913955,733
12785,135871500,135871500,0
12786,136049013,136048868,145
12787,136049013,136048868,145
12788,136056737,136052318,4419
12789,136046097,136045895,202
12790,136471245,136349740,121505
12791,136471245,136349740,121505
12792,136471245,136221619,249626
12793,136471245,136261020,210225
12794,136471245,136349740,121505
12795,136574734,136574541,193
12796,136574734,136574541,193
12797,136574734,136574541,193
12798,136574541,136574541,0
12799,136667968,136667295,673
12800,136667968,136667295,673
12801,136729926,136729065,861
12802,136729926,136729065,861
12803,136732150,136731089,1061
12804,137485172,137484349,823
12805,137752494,137749983,2511
12806,137752494,137749983,2511
12807,137752494,137749983,2511
12808,137834451,137822813,11638
12809,137832322,137822813,9509
12810,137851229,137850098,1131
12811,137883045,137882718,327
12812,137893727,137893484,243
12813,137893791,137893637,154
12814,137965729,137964091,1638
12815,137965729,137964091,1638
12816,137965729,137964091,1638
12817,138017228,138014734,2494
12818,138017228,138014734,2494
12819,138017228,138014734,2494
12820,138017228,138014734,2494
12821,138017228,138014734,2494
12822,138017228,138014734,2494
12823,138043772,138043739,33
12824,138048728,138043739,4989
12825,138017228,138014734,2494
12826,138048205,138048177,28
12827,138124377,138121111,3266
12828,138124377,138121111,3266
12829,138124377,138121111,3266
12830,138124377,138121111,3266
12831,138124377,138121111,3266
12832,138124377,138121111,3266
12833,138197256,138195696,1560
12834,138313129,138291769,21360
12835,138313129,138310704,2425
12836,138313129,138291715,21414
12837,138313129,138310704,2425
12838,138313129,138291769,21360
12839,138310798,138291769,19029
12840,138349981,138348007,1974
12841,138352213,138351921,292
12842,138352213,138351921,292
12843,138352213,138351921,292
12844,138352213,138351921,292
12845,138426463,138426117,346
12846,138433561,138417856,15705
12847,138433561,138433423,138
12848,138478201,138478185,16
12849,138665982,138665564,418
12850,138672830,138669414,3416
12851,138669670,138669085,585
12852,138725110,138725110,0
12853,138739768,138739503,265
12854,138763734,138763462,272
12855,139075887,139075856,31
12856,139108518,139102193,6325
12857,139108522,139108392,130
12858,139108522,139102193,6329
12859,139108522,139108392,130
12860,139108522,139108392,130
12861,139195352,139195301,51
12862,139258671,139258560,111
12863,139258671,139258560,111
12864,139258671,139258560,111
12865,139346606,139346566,40
12866,139396885,139346566,50319
12867,139396885,139297895,98990
12868,140275897,140275507,390
12869,140286919,140285095,1824
12870,140419992,140419816,176
12871,140685053,140682083,2970
12872,140698785,140695295,3490
12873,140698785,140695295,3490
12874,140698785,140695295,3490
12875,140698785,140695295,3490
12876,140867453,140866111,1342
12877,140867453,140851140,16313
12878,141013486,141012047,1439
12879,141013486,141012047,1439
12880,141013486,141012047,1439
12881,141013486,141012047,1439
12882,141168632,141164818,3814
12883,141168632,141164818,3814
12884,141168632,141164818,3814
12885,141168632,141164818,3814
12886,141168632,141164818,3814
12887,141164818,141164818,0
12888,141331197,141331155,42
12889,141331197,141331155,42
12890,141331197,141331155,42
12891,141305804,141305719,85
12892,141465645,141464057,1588
12893,141465645,141464119,1526
12894,141465645,141464119,1526
12895,141535892,141535892,0
12896,141645382,141644543,839
12897,141719229,141719195,34
12898,141747507,141724285,23222
12899,141747507,141724299,23208
12900,141747507,141697472,50035
12901,141868386,141724285,144101
12902,141868386,141820591,47795
12903,141901908,141901870,38
12904,141944449,141944297,152
12905,142131505,142131499,6
12906,142166853,142166786,67
12907,142166853,142166786,67
12908,142166853,142166786,67
12909,142144380,142144369,11
12910,142166853,142166786,67
12911,142166853,142142481,24372
12912,142297668,142297546,122
12913,142188411,142188388,23
12914,142432505,142430849,1656
12915,142432505,142430849,1656
12916,142432505,142430849,1656
12917,142526729,142525077,1652
12918,142526729,142525077,1652
12919,142523020,142523020,0
12920,142608045,142607738,307
12921,142682178,142682178,0
12922,142779567,142775292,4275
12923,142779567,142775292,4275
12924,142742237,142741915,322
12925,142779567,142775292,4275
12926,142772636,142772634,2
12927,142842856,142841251,1605
12928,142841251,142841251,0
12929,143567373,143567164,209
12930,143567373,143515745,51628
12931,143711210,143708683,2527
12932,143711210,143708683,2527
12933,145804522,145803167,1355
12934,145878779,145841960,36819
12935,145879282,145878776,506
12936,145879282,145878776,506
12937,145804522,145803167,1355
12938,145968651,145939858,28793
12939,145968966,145939858,29108
12940,145968966,145939858,29108
12941,145968966,145939858,29108
12942,145968966,145938674,30292
12943,146187088,146179660,7428
12944,146213778,146213709,69
12945,146213778,146177691,36087
12946,146262628,146254339,8289
12947,146262628,146251325,11303
12948,146262628,146254339,8289
12949,146324003,146322999,1004
12950,146324003,146322999,1004
12951,147114973,147114116,857
12952,147122071,147121885,186
12953,147123307,147123258,49
12954,147124596,147120584,4012
12955,147124596,147120584,4012
12956,147134506,147131338,3168
12957,147660801,147658582,2219
12958,148460790,148459902,888
12959,148460790,148459902,888
12960,148460790,148459902,888
12961,148460790,148459902,888
12962,148460790,148459902,888
12963,148459902,148459902,0
12964,148577972,148577789,183
12965,148614872,148614494,378
12966,148742059,148741952,107
12967,148745456,148744720,736
12968,148745456,148744720,736
12969,148745456,148744778,678
12970,148804341,148804123,218
12971,148804341,148804123,218
12972,148804341,148804123,218
12973,148804341,148804123,218
12974,148891305,148890009,1296
12975,148891305,148890009,1296
12976,148871922,148871439,483
12977,148897920,148897459,461
12978,148927171,148927121,50
12979,148939832,148939579,253
12980,148939832,148939579,253
12981,148925404,148925363,41
12982,149051259,149051169,90
12983,149051548,149051169,379
12984,149095568,149095334,234
12985,149093499,149093375,124
12986,149221181,149220480,701
12987,149375109,149375093,16
12988,149375812,149375093,719
12989,149375888,149375093,795
12990,149421115,149375093,46022
12991,149470286,149470231,55
12992,149510610,149510153,457
12993,149510610,149498120,12490
12994,149508711,149508654,57
12995,149679925,149678891,1034
12996,149679925,149678891,1034
12997,149679925,149678891,1034
12998,149688741,149688643,98
12999,149688741,149688643,98
13000,149688741,149688643,98
13001,150177615,150176423,1192
13002,150177615,150176423,1192
13003,150264964,150263922,1042
13004,150303803,150301698,2105
13005,150303803,150301698,2105
13006,150303803,150301698,2105
13007,150303803,150301698,2105
13008,150303803,150301698,2105
13009,150303803,150301698,2105
13010,150348234,150344921,3313
13011,150421742,150421685,57
13012,150421742,150419930,1812
13013,150481263,150480636,627
13014,150659548,150611181,48367
13015,150662023,150661631,392
13016,150690786,150690495,291
13017,150690786,150690495,291
13018,150690786,150690495,291
13019,150690786,150690495,291
13020,150876586,150876586,0
13021,150911532,150911474,58
13022,150911532,150911474,58
13023,151154465,151150592,3873
13024,151154465,151150592,3873
13025,150920988,150917173,3815
13026,150917173,150917173,0
13027,150966998,150932104,34894
13028,150996230,150932104,64126
13029,150932104,150932104,0
13030,151034636,151017888,16748
13031,151047337,151047316,21
13032,151102544,151056633,45911
13033,151058585,151056633,1952
13034,151102544,151056633,45911
13035,151056633,151056633,0
13036,151105960,151105960,0
13037,151158578,151158406,172
13038,151158578,151156285,2293
13039,151176497,151176497,0
13040,151475556,151475382,174
13041,151475556,151475382,174
13042,151546276,151545960,316
13043,151599876,151599336,540
13044,151987415,151987317,98
13045,152183569,152177116,6453
13046,152183569,152177116,6453
13047,152183569,152177116,6453
13048,152183569,152177116,6453
13049,152183569,152177091,6478
13050,152183569,152177116,6453
13051,152183569,152177116,6453
13052,152183569,152177116,6453
13053,152058779,152058693,86
13054,152183569,152177091,6478
13055,152555843,152554693,1150
13056,152886263,152881034,5229
13057,153220486,153220271,215
13058,153975616,153973262,2354
13059,153975616,153973262,2354
13060,153975616,153972581,3035
13061,153975616,153973262,2354
13062,154042286,154042205,81
13063,154042286,154042205,81
13064,154042286,154042205,81
13065,154147504,154147404,100
13066,154901518,154898248,3270
13067,154803518,154802936,582
13068,154901518,154898248,3270
13069,154901518,154898248,3270
13070,154901518,154898248,3270
13071,154901518,154898248,3270
13072,154862246,154862246,0
13073,154862246,154862160,86
13074,155394105,155393828,277
13075,155394105,155393828,277
13076,155421997,155314156,107841
13077,155524055,155520365,3690
13078,155524055,155524041,14
13079,155572248,155571786,462
13080,155572248,155571786,462
13081,155655520,155655481,39
13082,155655520,155655481,39
13083,156256927,156254536,2391
13084,156256927,156254536,2391
13085,156256927,156254536,2391
13086,156256927,156254536,2391
13087,156256927,156254536,2391
13088,156256927,156254536,2391
13089,156272973,156272878,95
13090,156272973,156272878,95
13091,156424557,156422920,1637
13092,156424557,156422920,1637
13093,156424557,156422920,1637
13094,156763918,156763539,379
13095,156643045,156642299,746
13096,156878482,156877883,599
13097,156872455,156870021,2434
13098,156878482,156877883,599
13099,156878482,156874822,3660
13100,157217445,157213138,4307
13101,157221136,157213138,7998
13102,157221136,157213138,7998
13103,157161417,157160768,649
13104,157213295,157213138,157
13105,157221415,157213138,8277
13106,157221415,157213138,8277
13107,157287701,157287395,306
13108,157296680,157296122,558
13109,157296680,157296073,607
13110,157319021,157318087,934
13111,157319021,157318170,851
13112,157823952,157823813,139
13113,157823952,157823813,139
13114,157823952,157823813,139
13115,158187521,158187158,363
13116,158262624,158262064,560
13117,158262624,158262064,560
13118,158262624,158262064,560
13119,158324249,158322991,1258
13120,158324249,158322991,1258
13121,158324249,158322991,1258
13122,158324249,158322991,1258
13123,158324249,158322991,1258
13124,158324249,158322991,1258
13125,158324249,158322991,1258
13126,158400222,158399958,264
13127,158410360,158409256,1104
13128,158410360,158409256,1104
13129,158390482,158390267,215
13130,158390482,158390267,215
13131,158450275,158450204,71
13132,158450275,158450204,71
13133,158461305,158460672,633
13134,158547508,158546771,737
13135,158547508,158546771,737
13136,158547508,158546771,737
13137,158981535,158980520,1015
13138,158984096,158983192,904
13139,158984096,158983192,904
13140,159615155,159614563,592
13141,159615155,159614563,592
13142,159615155,159614563,592
13143,159615155,159614563,592
13144,159615155,159614563,592
13145,159612500,159610043,2457
13146,159615155,159614563,592
13147,159713806,159713346,460
13148,159946000,159944166,1834
13149,160102434,160093627,8807
13150,160117320,160102388,14932
13151,160117320,160093627,23693
13152,160117320,160037553,79767
13153,160102434,160102388,46
13154,160132305,160132305,0
13155,160142807,160142807,0
13156,160152741,160151597,1144
13157,160152741,160151597,1144
13158,160152741,160151597,1144
13159,160152741,160151597,1144
13160,160152741,160151597,1144
13161,160167626,160156971,10655
13162,160156971,160156971,0
13163,160283376,160283070,306
13164,160396235,160395713,522
13165,160788817,160786945,1872
13166,160788817,160786945,1872
13167,160788817,160786945,1872
13168,160822683,160804542,18141
13169,160823160,160804542,18618
13170,160823160,160804542,18618
13171,160823160,160804542,18618
13172,160823160,160804542,18618
13173,160823160,160804542,18618
13174,160819021,160804542,14479
13175,160804542,160804542,0
13176,160969795,160968698,1097
13177,160971320,160970654,666
13178,160969795,160968698,1097
13179,160967886,160967487,399
13180,161089871,161064111,25760
13181,161064111,161064111,0
13182,161221730,161221730,0
13183,164796283,164793800,2483
13184,164913790,164908618,5172
13185,164914469,164908618,5851
13186,164908618,164908618,0
13187,165555253,165548821,6432
13188,167098085,167090689,7396
13189,167098085,167086343,11742
13190,167098085,167090689,7396
13191,167189680,167189622,58
13192,167191920,167191544,376
13193,167191920,167189622,2298
13194,167293019,167277977,15042
13195,167338391,167338310,81
13196,167371287,167322191,49096
13197,167371728,167371213,515
13198,167452594,167437945,14649
13199,167452651,167437945,14706
13200,167452651,167437945,14706
13201,167543357,167543111,246
13202,167543357,167543111,246
13203,167813417,167813073,344
13204,167813417,167813073,344
13205,167813417,167813073,344
13206,167813417,167813073,344
13207,168542770,168542724,46
13208,168548374,168547032,1342
13209,168851758,168851714,44
13210,168864093,168862787,1306
13211,168864093,168849265,14828
13212,168864093,168849265,14828
13213,168864400,168849265,15135
13214,168865522,168849265,16257
13215,169099312,169099265,47
13216,169381563,169381160,403
13217,169381563,168849265,532298
13218,169381563,169381160,403
13219,168862967,168862787,180
13220,169381563,169381160,403
13221,169487683,169487308,375
13222,169507504,169504466,3038
13223,169507504,169504466,3038
13224,169507504,169504466,3038
13225,169507504,169504466,3038
13226,169507504,169504466,3038
13227,169530574,169530336,238
13228,169530574,169530336,238
13229,169530478,169526489,3989
13230,169530574,169530336,238
13231,169555560,169555419,141
13232,169587723,169587595,128
13233,169587723,169587595,128
13234,169587723,169587595,128
13235,169656948,169656294,654
13236,169656948,169656294,654
13237,169656948,169656294,654
13238,169711619,169710851,768
13239,169716161,169710851,5310
13240,169803183,169802777,406
13241,169803183,169802777,406
13242,169802777,169802777,0
13243,169899516,169896704,2812
13244,169899537,169899503,34
13245,169899537,169899503,34
13246,169899537,169899503,34
13247,169899537,169899503,34
13248,169899516,169896704,2812
13249,169899537,169899503,34
13250,169899537,169899503,34
13251,170023770,170020915,2855
13252,170023770,170020915,2855
13253,170114637,170110205,4432
13254,170114637,170110205,4432
13255,170114637,170110205,4432
13256,170114637,170110205,4432
13257,170152479,170150544,1935
13258,170578169,170425939,152230
13259,170152479,170150544,1935
13260,170303863,170244725,59138
13261,170588045,170587956,89
13262,170626426,170625595,831
13263,170744768,170744459,309
13264,170744768,170725029,19739
13265,170744768,170727861,16907
13266,170819861,170819362,499
13267,171178197,171177852,345
13268,171178197,171177852,345
13269,171178197,171177852,345
13270,171178197,171177852,345
13271,171178197,171177852,345
13272,171178197,171177852,345
13273,171178197,171177852,345
13274,171178197,171177852,345
13275,170800471,170800148,323
13276,171528504,171455841,72663
13277,171528504,171455841,72663
13278,171392403,171392400,3
13279,171395643,171394594,1049
13280,171577108,171574494,2614
13281,172118492,172115265,3227
13282,172118492,172115265,3227
13283,172056104,172055229,875
13284,172166246,172166203,43
13285,172166246,172166203,43
13286,172241297,172241174,123
13287,172241297,172241174,123
13288,172241297,172241174,123
13289,172429008,172428870,138
13290,172429008,172363450,65558
13291,172429008,172428870,138
13292,172429008,172363450,65558
13293,172539264,172538027,1237
13294,172539264,172538027,1237
13295,172539264,172538027,1237
13296,172539264,172538027,1237
13297,172539264,172538027,1237
13298,172539264,172536559,2705
13299,172859058,172835521,23537
13300,174001116,173999093,2023
13301,173997440,173997438,2
13302,174001116,173999093,2023
13303,174001116,173999093,2023
13304,175523428,175520991,2437
13305,175299009,175298948,61
13306,175373351,175373271,80
13307,175205437,175205324,113
13308,176914266,176782765,131501
13309,176915048,176782765,132283
13310,176915048,176756163,158885
13311,176915048,176782765,132283
13312,177470492,177347333,123159
13313,178562217,178560725,1492
13314,178562217,178560725,1492
13315,178562217,178560725,1492
13316,178562217,178560725,1492
13317,178561071,178561039,32
13318,178789656,178785540,4116
13319,178789656,178785540,4116
13320,178952497,178952152,345
13321,178984838,178984498,340
13322,178969403,178968891,512
13323,178969645,178968778,867
13324,178977679,178976737,942
13325,178984838,178984498,340
13326,179053320,179052210,1110
13327,179053320,179052210,1110
13328,179111008,179109847,1161
13329,179111008,179109847,1161
13330,179111008,179109847,1161
13331,179134344,179132835,1509
13332,179169371,179143988,25383
13333,179306193,179305798,395
13334,179306193,179305798,395
13335,179306193,179305798,395
13336,179322434,179322412,22
13337,179322434,179316534,5900
13338,179322434,179322412,22
13339,179342288,179341828,460
13340,179342288,179341773,515
13341,179342288,179341828,460
13342,179507189,179501929,5260
13343,179692008,179615998,76010
13344,179692008,179593194,98814
13345,179692008,179615998,76010
13346,179754841,179754387,454
13347,179754841,179754387,454
13348,179754841,179754387,454
13349,179754841,179754387,454
13350,179754841,179754387,454
13351,180328918,180328330,588
13352,180328918,180325583,3335
13353,180335616,180335355,261
13354,180397283,180397168,115
13355,180700539,180694080,6459
13356,180700539,180694080,6459
13357,180700539,180693926,6613
13358,180700539,180693926,6613
13359,180700539,180694080,6459
13360,180700539,180693926,6613
13361,180700539,180694080,6459
13362,180707306,180705864,1442
13363,180707562,180707390,172
13364,180707562,180705864,1698
13365,181432223,181431102,1121
13366,182204150,182166569,37581
13367,182554412,182554294,118
13368,182639421,182635892,3529
13369,182632393,182631819,574
13370,182607336,182605486,1850
13371,182615194,182615192,2
13372,182631782,182623666,8116
13373,182698326,182698277,49
13374,182817365,182817228,137
13375,182817365,182812390,4975
13376,182833860,182804522,29338
13377,182817365,182817228,137
13378,182817365,182804522,12843
13379,182880667,182880443,224
13380,183145855,183145765,90
13381,183145855,183145765,90
13382,182991179,182988723,2456
13383,182991179,182988723,2456
13384,182991179,182988723,2456
13385,182988723,182988723,0
13386,183118336,183118319,17
13387,183273499,183273441,58
13388,183273499,183273435,64
13389,183402304,183397074,5230
13390,183402304,183397074,5230
13391,183390795,183390284,511
13392,183530413,183528371,2042
13393,183511271,183510908,363
13394,183524378,183524309,69
13395,183543393,183543335,58
13396,183602693,183602634,59
13397,183602693,183602634,59
13398,183732235,183689695,42540
13399,183732235,183732180,55
13400,183735727,183732180,3547
13401,183735727,183732180,3547
13402,183735727,183732180,3547
13403,183735727,183732180,3547
13404,183757157,183756763,394
13405,183757157,183756763,394
13406,183757157,183756763,394
13407,183757157,183756763,394
13408,183778461,183778140,321
13409,183824783,183824481,302
13410,183824783,183824481,302
13411,183824783,183824481,302
13412,183824783,183824481,302
13413,183824783,183824481,302
13414,183855167,183854528,639
13415,183863099,183862731,368
13416,183863099,183862731,368
13417,183891314,183888543,2771
13418,183891314,183888543,2771
13419,183891314,183888543,2771
13420,183891314,183888543,2771
13421,183901879,183901404,475
13422,183901879,183901404,475
13423,183901879,183901404,475
13424,183899473,183899075,398
13425,183901879,183901404,475
13426,183901017,183900782,235
13427,183911795,183911486,309
13428,183911795,183911486,309
13429,183911795,183911486,309
13430,183960117,183959826,291
13431,183952785,183952555,230
13432,183960117,183959826,291
13433,183960117,183959826,291
13434,183966759,183966728,31
13435,183966759,183966660,99
13436,183966759,183966660,99
13437,183967313,183967065,248
13438,183966759,183963375,3384
13439,183976547,183976363,184
13440,184010819,184010026,793
13441,183979251,183979073,178
13442,183996484,183996387,97
13443,184009227,184009150,77
13444,184010819,184010026,793
13445,184010819,184010026,793
13446,184010819,184010026,793
13447,184009485,184009281,204
13448,184009005,184008677,328
13449,184026840,184026678,162
13450,184026840,184026678,162
13451,184026840,184026678,162
13452,184043161,184043161,0
13453,184043161,184043161,0
13454,184053146,184052696,450
13455,184053146,184052696,450
13456,184053146,184052696,450
13457,184053146,184052696,450
13458,184053146,184052696,450
13459,184053146,184052696,450
13460,184053146,184052696,450
13461,184038510,184038510,0
13462,184053146,184052696,450
13463,184053146,184052696,450
13464,184053146,184052696,450
13465,184064063,184062758,1305
13466,184059248,184056527,2721
13467,184064063,184062758,1305
13468,184064063,184062758,1305
13469,184074882,184072414,2468
13470,184079439,184079267,172
13471,184079439,184079267,172
13472,184079439,184079267,172
13473,184079439,184079267,172
13474,184079439,184079267,172
13475,184086363,184086082,281
13476,184095932,184094047,1885
13477,184095932,184094047,1885
13478,184095932,184094047,1885
13479,184094192,184094047,145
13480,184094192,184094047,145
13481,184094192,184094047,145
13482,184094192,184094047,145
13483,184094192,184094047,145
13484,184094192,184094047,145
13485,184094192,184094047,145
13486,184107617,184107210,407
13487,184107617,184107210,407
13488,184107617,184107210,407
13489,184107617,184107210,407
13490,184107617,184107210,407
13491,184107617,184107210,407
13492,184300196,184299410,786
13493,184429836,184429609,227
13494,184770402,184769813,589
13495,184770402,184769813,589
13496,184558325,184556549,1776
13497,184770402,184769813,589
13498,184770402,184769813,589
13499,184870802,184870611,191
13500,184971886,184953140,18746
13501,184971886,184971810,76
13502,185206882,185200244,6638
13503,185206882,185200244,6638
13504,185169322,185169225,97
13505,185206882,185200244,6638
13506,185206882,185200244,6638
13507,185206882,185200244,6638
13508,185216845,185216749,96
13509,185216845,185216749,96
13510,185270369,185270259,110
13511,185270369,185270259,110
13512,185348885,185347632,1253
13513,185348885,185347632,1253
13514,185348885,185347632,1253
13515,185538919,185538849,70
13516,185538919,185538849,70
13517,185538919,185407411,131508
13518,185538919,185538849,70
13519,185542827,185542748,79
13520,185542827,185542748,79
13521,185542827,185542745,82
13522,185435955,185434599,1356
13523,185655924,185643284,12640
13524,185655924,185655648,276
13525,185826362,185826297,65
13526,185826901,185823657,3244
13527,186080023,186038248,41775
13528,186080023,186038248,41775
13529,186080023,186038248,41775
13530,186080023,186038248,41775
13531,185999048,185998530,518
13532,186262167,186262115,52
13533,186264491,186262115,2376
13534,186285141,186282118,3023
13535,186288332,186282118,6214
13536,186288332,186287943,389
13537,186303589,186303197,392
13538,186335490,186335304,186
13539,186339107,186338719,388
13540,186370797,186370420,377
13541,186370797,186370420,377
13542,186370797,186370420,377
13543,186370797,186370420,377
13544,186370797,186370420,377
13545,186370797,186370420,377
13546,186396023,186395672,351
13547,186460678,186460120,558
13548,186462199,186461574,625
13549,186462199,186461574,625
13550,186507685,186507058,627
13551,186507685,186507058,627
13552,186507685,186507058,627
13553,186507685,186507058,627
13554,186507685,186505559,2126
13555,186524290,186522502,1788
13556,186524484,186522502,1982
13557,186524290,186522502,1788
13558,186576252,186572493,3759
13559,186576252,186572493,3759
13560,186796341,186793591,2750
13561,186796341,186793591,2750
13562,186796341,186793591,2750
13563,186857263,186839088,18175
13564,186839088,186839088,0
13565,186919253,186917858,1395
13566,187009810,187009420,390
13567,187009810,187009420,390
13568,187009810,187009559,251
13569,187009810,187009420,390
13570,187009810,187003771,6039
13571,187089369,187089161,208
13572,187388201,187388079,122
13573,187420345,187419916,429
13574,187452695,187451481,1214
13575,187454285,187451481,2804
13576,187454285,187449573,4712
13577,187463513,187451481,12032
13578,188608460,188592267,16193
13579,188608460,188592267,16193
13580,188608460,188592267,16193
13581,188430630,188426228,4402
13582,188608460,188592267,16193
13583,189041271,189038609,2662
13584,189041271,189038609,2662
13585,189599284,189597967,1317
13586,189615068,189612291,2777
13587,189615068,189612010,3058
13588,189615068,189612020,3048
13589,189591364,189590788,576
13590,189599284,189597967,1317
13591,189615068,189612291,2777
13592,189615068,189612010,3058
13593,189615068,189612020,3048
13594,189615068,189612291,2777
13595,189587195,189587195,0
13596,189838908,189838520,388
13597,189840226,189713168,127058
13598,190040235,190039995,240
13599,190129932,190127825,2107
13600,190129932,190127727,2205
13601,190167665,190167598,67
13602,190348073,190347307,766
13603,190348073,190347307,766
13604,190369308,190366494,2814
13605,190369308,190366494,2814
13606,190369308,190366494,2814
13607,190374986,190374396,590
13608,190580465,190580404,61
13609,190967910,190967910,0
13610,191048325,190999978,48347
13611,191116459,191109549,6910
13612,191116459,191109549,6910
13613,191179245,191179245,0
13614,192126838,192126012,826
13615,192445388,192444982,406
13616,192635950,192635629,321
13617,192988644,192988494,150
13618,193096514,193096514,0
13619,193272696,193272588,108
13620,193272696,193272588,108
13621,193272696,193176956,95740
13622,193188782,193188708,74
13623,193415600,193409916,5684
13624,193415600,193409916,5684
13625,193415600,193409916,5684
13626,193415600,193409916,5684
13627,193415600,193409916,5684
13628,193415600,193409916,5684
13629,193415600,193409916,5684
13630,193415600,193409916,5684
13631,193855073,193854702,371
13632,193856401,193856022,379
13633,194072057,194063431,8626
13634,194063431,194063431,0
13635,194090472,194084099,6373
13636,194090472,194081772,8700
13637,194081772,194081772,0
13638,194119995,194119011,984
13639,194119011,194119011,0
13640,194146258,194140646,5612
13641,194188968,194182919,6049
13642,194172770,194170961,1809
13643,194222232,194222103,129
13644,194336426,194336405,21
13645,194337998,194336405,1593
13646,194338374,194336405,1969
13647,194354150,194353944,206
13648,194354150,194353944,206
13649,194354150,194353944,206
13650,194354150,194353944,206
13651,194393206,194392891,315
13652,194409766,194408827,939
13653,194842924,194842921,3
13654,194905527,194896402,9125
13655,194991895,194991787,108
13656,194968585,194968566,19
13657,195163817,195163576,241
13658,195163817,195163576,241
13659,195270224,195269848,376
13660,195270224,195269848,376
13661,195311076,195306332,4744
13662,195311076,195306332,4744
13663,195398654,195398066,588
13664,195400858,195400856,2
13665,195464540,195460089,4451
13666,195464540,195460089,4451
13667,195480860,195480000,860
13668,195501176,195501158,18
13669,195505744,195493591,12153
13670,195505744,195497121,8623
13671,195505744,195497121,8623
13672,195506343,195493591,12752
13673,195506343,195497176,9167
13674,195506343,195497176,9167
13675,195506343,195505673,670
13676,195506343,195493591,12752
13677,195506343,195495948,10395
13678,195506343,195505673,670
13679,195506343,195493591,12752
13680,195538844,195538688,156
13681,195538844,195538688,156
13682,195538844,195538688,156
13683,195518112,195518096,16
13684,195596561,195595344,1217
13685,195599341,195597057,2284
13686,195619646,195619359,287
13687,195622432,195622287,145
13688,195635880,195615459,20421
13689,195612676,195610126,2550
13690,195638816,195638688,128
13691,195694861,195694513,348
13692,195808961,195803970,4991
13693,195809032,195803970,5062
13694,195809032,195800991,8041
13695,195809032,195794956,14076
13696,195938300,195938186,114
13697,195954436,195954026,410
13698,195960301,195960070,231
13699,195959865,195959436,429
13700,195960301,195960070,231
13701,196014584,195997402,17182
13702,196014584,195997402,17182
13703,196045165,196045023,142
13704,196052441,196051041,1400
13705,196065291,196054461,10830
13706,196065291,196054461,10830
13707,196065291,196054461,10830
13708,196065291,196054461,10830
13709,196159345,196159270,75
13710,196159345,196118707,40638
13711,196159345,196098895,60450
13712,196159345,196159270,75
13713,196160242,196159225,1017
13714,196230639,196230044,595
13715,196230639,196214326,16313
13716,196242217,196242000,217
13717,196242237,196242080,157
13718,196295413,196288346,7067
13719,196315930,196311189,4741
13720,196388874,196388593,281
13721,196439123,196435540,3583
13722,196462876,196460773,2103
13723,196462876,196460773,2103
13724,196559518,196555276,4242
13725,196661584,196657794,3790
13726,196661584,196657794,3790
13727,196669248,196666171,3077
13728,196669276,196668829,447
13729,196669464,196669374,90
13730,196669464,196669374,90
13731,196669464,196669374,90
13732,196670884,196669887,997
13733,196695704,196678902,16802
13734,196756687,196756573,114
13735,196756687,196756573,114
13736,196756687,196756573,114
13737,196911002,196910679,323
13738,196911002,196910679,323
13739,197009716,196865123,144593
13740,197025447,197024075,1372
13741,197025447,197024075,1372
13742,197025447,197024075,1372
13743,197026143,197024075,2068
13744,197025502,197024075,1427
13745,196911002,196910679,323
13746,197282858,197273314,9544
13747,197282858,197273314,9544
13748,197300194,197273314,26880
13749,197463773,197463590,183
13750,197476568,197444886,31682
13751,197428735,197427865,870
13752,197476568,197430487,46081
13753,197463773,197463569,204
13754,197511317,197508780,2537
13755,197511317,197508780,2537
13756,197511317,197508780,2537
13757,197598456,197598342,114
13758,197611043,197607586,3457
13759,197611043,197610537,506
13760,197611043,197610537,506
13761,197611043,197610537,506
13762,197665903,197665639,264
13763,197676796,197672498,4298
13764,197686886,197672498,14388
13765,197676796,197672498,4298
13766,197682721,197682644,77
13767,197770591,197765538,5053
13768,197770591,197765538,5053
13769,197770591,197765538,5053
13770,197770591,197765538,5053
13771,197907735,197896723,11012
13772,68380,67763,617
13773,88099,87314,785
13774,88099,87344,755
13775,88099,87344,755
13776,156490,155912,578
13777,156490,155790,700
13778,249773,248643,1130
13779,289944,289851,93
13780,299099,299099,0
13781,352339,352214,125
13782,367691,367651,40
13783,377760,376919,841
13784,467998,420752,47246
13785,467998,420752,47246
13786,467998,467772,226
13787,467998,420905,47093
13788,467998,420905,47093
13789,467998,467772,226
13790,492960,466397,26563
13791,492960,438219,54741
13792,516632,515554,1078
13793,516632,515501,1131
13794,516632,515826,806
13795,533320,533158,162
13796,533320,533158,162
13797,533320,533158,162
13798,533320,533158,162
13799,648563,648150,413
13800,664681,663896,785
13801,664681,663896,785
13802,664681,663896,785
13803,664681,663896,785
13804,668127,668036,91
13805,675817,675783,34
13806,678890,678340,550
13807,682973,682916,57
13808,682973,682916,57
13809,682973,682916,57
13810,728816,727908,908
13811,760193,759867,326
13812,764427,759867,4560
13813,764427,759867,4560
13814,764427,759867,4560
13815,775636,775223,413
13816,819945,818310,1635
13817,819945,818310,1635
13818,905575,898541,7034
13819,926174,925975,199
13820,926174,925975,199
13821,926174,925975,199
13822,942377,942025,352
13823,949732,949682,50
13824,950680,950361,319
13825,952443,952284,159
13826,952443,952284,159
13827,952443,952284,159
13828,952443,952284,159
13829,967348,967270,78
13830,967348,967270,78
13831,987224,985491,1733
13832,987224,985491,1733
13833,987224,985491,1733
13834,998317,998181,136
13835,998317,998181,136
13836,1020686,1019135,1551
13837,1020686,1019135,1551
13838,1020686,1019135,1551
13839,1020686,1019135,1551
13840,1107352,1107252,100
13841,1107352,1107252,100
13842,1107352,1107252,100
13843,1107352,1107252,100
13844,1165274,1165248,26
13845,1166657,1165859,798
13846,1166999,1165859,1140
13847,1202750,1165859,36891
13848,1212379,1211515,864
13849,1224816,1211515,13301
13850,1235711,1235119,592
13851,1242908,1235119,7789
13852,1242908,1242743,165
13853,1242908,1242743,165
13854,1246795,1244922,1873
13855,1323064,1322491,573
13856,1333925,1332957,968
13857,1333925,1332957,968
13858,1333925,1332957,968
13859,1333925,1332957,968
13860,1333925,1332957,968
13861,1333925,1332957,968
13862,1333925,1332957,968
13863,1381837,1379749,2088
13864,1381837,1379749,2088
13865,1389782,1389640,142
13866,1685718,1670468,15250
13867,1685854,1670468,15386
13868,1685988,1670468,15520
13869,1714030,1713915,115
13870,1714030,1713915,115
13871,1714030,1713915,115
13872,1714071,1705354,8717
13873,1723084,1722564,520
13874,1723084,1722564,520
13875,1740077,1739717,360
13876,1746905,1746740,165
13877,1746905,1746740,165
13878,1805563,1805562,1
13879,1805563,1805562,1
13880,1810599,1808989,1610
13881,1810599,1808989,1610
13882,1810599,1808989,1610
13883,1810599,1809015,1584
13884,1841069,1838233,2836
13885,1857974,1857677,297
13886,1857974,1857677,297
13887,1913879,1913879,0
13888,1920896,1920395,501
13889,1944302,1941514,2788
13890,1944302,1941514,2788
13891,1950545,1944128,6417
13892,1950545,1944128,6417
13893,1950545,1944128,6417
13894,1983934,1980636,3298
13895,1983934,1980636,3298
13896,1983934,1980636,3298
13897,1983934,1980636,3298
13898,1983934,1980636,3298
13899,1983934,1980636,3298
13900,1983934,1980636,3298
13901,1988287,1987886,401
13902,1993971,1993427,544
13903,2010962,2010719,243
13904,2010962,1991573,19389
13905,2045697,2045653,44
13906,2045697,2045653,44
13907,2070816,2065854,4962
13908,2160938,2159593,1345
13909,2210214,2194951,15263
13910,2230970,2230958,12
13911,2243848,2242673,1175
13912,2243860,2230958,12902
13913,2243860,2242673,1187
13914,2243860,2242673,1187
13915,2263739,2263707,32
13916,2342808,2341358,1450
13917,2366604,2343312,23292
13918,2366604,2343312,23292
13919,2420370,2420050,320
13920,2420370,2420050,320
13921,2420370,2420050,320
13922,2420370,2420050,320
13923,2452087,2451673,414
13924,2464690,2464653,37
13925,2517586,2515546,2040
13926,2517586,2515475,2111
13927,2517586,2515546,2040
13928,2702271,2702270,1
13929,2734302,2733595,707
13930,2734302,2733595,707
13931,2734302,2721761,12541
13932,2734302,2733595,707
13933,2734302,2733595,707
13934,2757752,2749627,8125
13935,2758103,2758016,87
13936,2826923,2826490,433
13937,2842823,2835561,7262
13938,2842823,2835561,7262
13939,2842823,2835561,7262
13940,2842823,2835561,7262
13941,2842823,2835561,7262
13942,2842823,2835561,7262
13943,2901504,2901300,204
13944,2904727,2900345,4382
13945,2907448,2906865,583
13946,2931802,2929898,1904
13947,2931802,2929898,1904
13948,2931802,2930250,1552
13949,2931802,2930250,1552
13950,2931802,2929898,1904
13951,2935390,2935333,57
13952,2935964,2935650,314
13953,2936586,2935650,936
13954,2955372,2954109,1263
13955,2965118,2965046,72
13956,2965118,2965046,72
13957,2968577,2967234,1343
13958,3042474,3042352,122
13959,3042474,3042352,122
13960,3042474,3042352,122
13961,3042474,3042352,122
13962,3245687,3241786,3901
13963,3258342,3257692,650
13964,3344916,3344789,127
13965,3417848,3417848,0
13966,3419994,3419417,577
13967,3419994,3419417,577
13968,3430325,3430070,255
13969,3430325,3430070,255
13970,3432682,3432196,486
13971,3433904,3432699,1205
13972,3433904,3432196,1708
13973,3441640,3441411,229
13974,3441640,3441411,229
13975,3441640,3441411,229
13976,3441640,3441411,229
13977,3451213,3451146,67
13978,3451213,3451146,67
13979,3496209,3494492,1717
13980,3496209,3495228,981
13981,3496209,3495228,981
13982,3503200,3502552,648
13983,3534224,3534139,85
13984,3770253,3769722,531
13985,4228621,4228591,30
13986,4249934,4249352,582
13987,4249959,4249929,30
13988,4249959,4249929,30
13989,4249959,4249929,30
13990,4249959,4249929,30
13991,4281267,4281251,16
13992,4291748,4285469,6279
13993,4291896,4285469,6427
13994,4323513,4323043,470
13995,4323513,4323043,470
13996,4323513,4323043,470
13997,4419654,4419162,492
13998,4419654,4419162,492
13999,4420785,4419162,1623
14000,4420785,4419162,1623
14001,4420785,4419162,1623
14002,4543775,4543691,84
14003,4789101,4787286,1815
14004,4865660,4864870,790
14005,5021197,5021172,25
14006,5502725,5500810,1915
14007,5502725,5500810,1915
14008,5529527,5528058,1469
14009,5710294,5710240,54
14010,5711275,5699362,11913
14011,5711275,5633549,77726
14012,5816031,5812764,3267
14013,5890315,5889993,322
14014,5891918,5891375,543
14015,5894785,5894696,89
14016,6196346,6114577,81769
14017,6196346,6114577,81769
14018,6202318,6114577,87741
14019,6202318,6114577,87741
14020,6202318,6114577,87741
14021,6202318,6114577,87741
14022,6202318,6114577,87741
14023,6235663,6234809,854
14024,6304992,6304195,797
14025,6304992,6304195,797
14026,6304992,6304195,797
14027,6383597,6383573,24
14028,6384396,6383155,1241
14029,6422845,6415648,7197
14030,6474173,6473956,217
14031,6557405,6537046,20359
14032,6565327,6537046,28281
14033,6624128,6619270,4858
14034,6624188,6623012,1176
14035,6624188,6623012,1176
14036,6642973,6642973,0
14037,6644470,6642973,1497
14038,6644470,6642973,1497
14039,6644470,6642973,1497
14040,6677774,6676299,1475
14041,6698897,6698769,128
14042,6711356,6711356,0
14043,6711606,6711356,250
14044,6719387,6718590,797
14045,6885899,6882693,3206
14046,6885899,6882693,3206
14047,7034845,7032119,2726
14048,7034845,7032119,2726
14049,7034845,7032119,2726
14050,7034845,7032119,2726
14051,7034845,7032119,2726
14052,7044728,7044665,63
14053,7058368,7056781,1587
14054,7059677,7056781,2896
14055,7059677,7056781,2896
14056,7069800,7069759,41
14057,7069800,7069759,41
14058,7436700,7436606,94
14059,7744564,7741991,2573
14060,7744564,7741991,2573
14061,7941653,7873805,67848
14062,7941653,7873805,67848
14063,8022552,8022187,365
14064,8073713,8062706,11007
14065,8129389,8129298,91
14066,8160559,8160416,143
14067,8160559,8160416,143
14068,8160559,8160416,143
14069,8160559,8160416,143
14070,8160559,8160416,143
14071,8160559,8160416,143
14072,8160559,8160416,143
14073,8242830,8242682,148
14074,8242830,8242682,148
14075,8298200,8297444,756
14076,8308838,8307863,975
14077,8359103,8359089,14
14078,8430208,8418248,11960
14079,8442452,8418248,24204
14080,8442452,8418248,24204
14081,8470286,8470105,181
14082,8481260,8477728,3532
14083,8481260,8477728,3532
14084,8591750,8589090,2660
14085,8621488,8621344,144
14086,8621488,8621344,144
14087,8621488,8621344,144
14088,8873543,8873340,203
14089,8952127,8952127,0
14090,9213975,9213975,0
14091,9218723,9218723,0
14092,9223470,9223470,0
14093,9228214,9228214,0
14094,9238060,9238060,0
14095,9247197,9247197,0
14096,9251948,9251948,0
14097,9256696,9256696,0
14098,9261442,9261442,0
14099,9266190,9266190,0
14100,9270937,9270937,0
14101,9328483,9328483,0
14102,9333229,9333229,0
14103,9337976,9337976,0
14104,9342721,9342721,0
14105,9347466,9347466,0
14106,9352211,9352211,0
14107,9356956,9356956,0
14108,9361700,9361047,653
14109,9366447,9366447,0
14110,9370796,9370796,0
14111,9452240,9452240,0
14112,9785633,9785087,546
14113,10023114,10023053,61
14114,10041872,10027590,14282
14115,10094779,10094729,50
14116,10118573,10118290,283
14117,10118573,10118290,283
14118,10447952,10447952,0
14119,10459032,10447952,11080
14120,10658185,10573388,84797
14121,10686386,10669493,16893
14122,11401629,11401629,0
14123,11430537,11401629,28908
14124,13485989,13485774,215
14125,13485989,13485774,215
14126,13485989,13485774,215
14127,13546114,13546038,76
14128,13549448,13548941,507
14129,13629328,13629211,117
14130,13629328,13606534,22794
14131,15004060,15003958,102
14132,15071777,15068004,3773
14133,15071777,15068004,3773
14134,15071777,15068004,3773
14135,15071777,15068004,3773
14136,15071777,15068004,3773
14137,15071777,15068004,3773
14138,15447791,15444423,3368
14139,15447791,15444423,3368
14140,15447791,15444423,3368
14141,15483887,15482836,1051
14142,15483887,15482909,978
14143,15483887,15482836,1051
14144,15523368,15521462,1906
14145,15538699,15538699,0
14146,15603180,15603048,132
14147,15603180,15603048,132
14148,15646280,15646250,30
14149,15657035,15640299,16736
14150,15657035,15656910,125
14151,15657035,15656910,125
14152,15657035,15656910,125
14153,15657035,15656910,125
14154,15690574,15690574,0
14155,15692070,15690574,1496
14156,15733796,15733468,328
14157,15850706,15850225,481
14158,15938255,15938255,0
14159,15940363,15938255,2108
14160,15964752,15964752,0
14161,15964859,15964752,107
14162,16077741,16077529,212
14163,16077741,16077529,212
14164,16077741,16077529,212
14165,16077741,16077529,212
14166,16077741,16077529,212
14167,16077741,16035069,42672
14168,16085594,16077529,8065
14169,16085623,16077529,8094
14170,16228161,16228080,81
14171,16228161,16204200,23961
14172,16228161,16228080,81
14173,16230285,16229179,1106
14174,16259810,16240445,19365
14175,16259810,16240445,19365
14176,16675936,16597361,78575
14177,16900424,16900108,316
14178,16900424,16900108,316
14179,16900424,16900108,316
14180,16900424,16900108,316
14181,16900424,16900108,316
14182,17513857,17513677,180
14183,17513857,17513677,180
14184,17528727,17528705,22
14185,17587079,17585222,1857
14186,17609590,17609212,378
14187,17626160,17625421,739
14188,17783135,17782922,213
14189,17805764,17805764,0
14190,17812381,17805764,6617
14191,17846487,17845048,1439
14192,17846487,17845048,1439
14193,17964680,17964640,40
14194,18023483,18023374,109
14195,18023483,17974481,49002
14196,18023483,18023374,109
14197,20620788,20620632,156
14198,20620788,20620632,156
14199,20715162,20715162,0
14200,20729980,20728964,1016
14201,20729980,20728964,1016
14202,20729980,20728918,1062
14203,20729980,20728964,1016
14204,20729980,20728964,1016
14205,20884332,20884282,50
14206,20985632,20985548,84
14207,21305529,21305529,0
14208,21546279,20852267,694012
14209,21699318,21699060,258
14210,21950374,20852267,1098107
14211,21950374,21950254,120
14212,21950374,21950254,120
14213,22396491,22394175,2316
14214,22444758,22444730,28
14215,22457457,22457454,3
14216,22517677,22517407,270
14217,22517677,22517407,270
14218,22821195,22820504,691
14219,22821195,22820504,691
14220,22821195,22820504,691
14221,23891700,23891580,120
14222,23891700,23891580,120
14223,24474394,23815587,658807
14224,24474394,24259843,214551
14225,24474394,24093159,381235
14226,24535822,24534804,1018
14227,24540773,24538851,1922
14228,24586184,24586016,168
14229,24801866,24801866,0
14230,24802467,24801866,601
14231,24854822,24839885,14937
14232,24914600,24914501,99
14233,24914600,24914501,99
14234,24981826,24896676,85150
14235,24981826,24878217,103609
14236,25032414,25032315,99
14237,25162204,25161991,213
14238,25162204,25161360,844
14239,25162204,25161909,295
14240,25280831,25278809,2022
14241,25280831,25278809,2022
14242,25372005,25370786,1219
14243,25398386,25398385,1
14244,25398386,25398385,1
14245,25420120,25420004,116
14246,25420120,25420004,116
14247,25420120,25420004,116
14248,25680368,25678371,1997
14249,25680368,25678371,1997
14250,25680368,25678371,1997
14251,25806374,25804081,2293
14252,25864610,25864458,152
14253,25931501,25930813,688
14254,26432079,26431732,347
14255,26436752,26432629,4123
14256,26436752,26432629,4123
14257,26436752,26432629,4123
14258,26436752,26432629,4123
14259,26436752,26432629,4123
14260,26492042,26491889,153
14261,26755848,26755548,300
14262,26756918,26756569,349
14263,26756918,26756569,349
14264,27027003,27024618,2385
14265,27027003,27022659,4344
14266,27027003,27024618,2385
14267,27027003,27024178,2825
14268,30726957,30726263,694
14269,30732838,30732410,428
14270,31148423,31144471,3952
14271,31148423,31144471,3952
14272,36245484,36231108,14376
14273,36245979,36231108,14871
14274,36346407,36345446,961
14275,36346407,36345446,961
14276,37451087,37448839,2248
14277,37463042,37462702,340
14278,37595132,37592622,2510
14279,37595132,37592622,2510
14280,37687999,37687909,90
14281,37687999,37687909,90
14282,37849099,37848927,172
14283,37864559,37863233,1326
14284,37864559,37863233,1326
14285,37962631,37962631,0
14286,38091738,38091737,1
14287,38140796,38138956,1840
14288,38140796,38138956,1840
14289,38140796,38138956,1840
14290,38140796,38138956,1840
14291,38140796,38138956,1840
14292,38140796,38138956,1840
14293,38692372,38691504,868
14294,38703129,38698884,4245
14295,38777211,38777211,0
14296,38784611,38777169,7442
14297,38784611,38777211,7400
14298,38784611,38777211,7400
14299,38784611,38777211,7400
14300,38784611,38777211,7400
14301,38800452,38800452,0
14302,38806412,38800452,5960
14303,38831094,38831094,0
14304,38858438,38831094,27344
14305,38880047,38880047,0
14306,38947365,38945178,2187
14307,38947365,38945178,2187
14308,38947365,38945178,2187
14309,39034041,39033933,108
14310,39034041,39033933,108
14311,39117952,39117013,939
14312,39127853,39122686,5167
14313,39127853,39122686,5167
14314,39127853,39122686,5167
14315,39127853,39122686,5167
14316,39217633,39217633,0
14317,39226653,39219696,6957
14318,39276959,39276582,377
14319,39287430,39280270,7160
14320,39287430,39280270,7160
14321,39368001,39367861,140
14322,39368001,39367861,140
14323,39368001,39329359,38642
14324,39453153,39450306,2847
14325,39453153,39450306,2847
14326,39460207,39460059,148
14327,39460568,39460059,509
14328,39460568,39460059,509
14329,39460568,39460059,509
14330,39465858,39465261,597
14331,39465858,39465229,629
14332,39479271,39478735,536
14333,39479271,39478697,574
14334,39529218,39523132,6086
14335,39529218,39512454,16764
14336,39529218,39523132,6086
14337,39640481,39606765,33716
14338,39784410,39780054,4356
14339,39784410,39780054,4356
14340,39784410,39780054,4356
14341,39784410,39780054,4356
14342,39784410,39780054,4356
14343,39979576,39978197,1379
14344,39979576,39978197,1379
14345,40058819,40045655,13164
14346,40159872,40155857,4015
14347,40159872,40155857,4015
14348,40159872,40155857,4015
14349,40245582,40245582,0
14350,40246281,40245582,699
14351,40357234,40356537,697
14352,40516592,40440910,75682
14353,40517990,40440910,77080
14354,40631883,40440910,190973
14355,40632640,40440796,191844
14356,40777473,40776976,497
14357,40812002,40810956,1046
14358,40812002,40810351,1651
14359,40859172,40829233,29939
14360,40859209,40829233,29976
14361,40947090,40895395,51695
14362,41016415,41016383,32
14363,41216635,41035271,181364
14364,41216635,41035271,181364
14365,41216635,41035271,181364
14366,41270446,41270090,356
14367,41270446,41270090,356
14368,41622311,41621461,850
14369,41622311,41621461,850
14370,41702061,41699202,2859
14371,41702061,41699202,2859
14372,41702061,41699202,2859
14373,41702061,41699202,2859
14374,41702061,41699202,2859
14375,41702061,41699202,2859
14376,41702061,41699202,2859
14377,41702061,41699202,2859
14378,41702061,41699202,2859
14379,41702061,41699202,2859
14380,41702061,41699202,2859
14381,41702061,41699202,2859
14382,41702061,41699202,2859
14383,41750987,41750627,360
14384,41962824,41956216,6608
14385,41988484,41985000,3484
14386,42089551,42088143,1408
14387,42089551,42088143,1408
14388,42154393,42154160,233
14389,42154895,42154160,735
14390,42154895,42154160,735
14391,42404504,42403468,1036
14392,42509171,42505468,3703
14393,42659122,42658890,232
14394,42659122,42658890,232
14395,42659122,42658890,232
14396,43032675,43032557,118
14397,44450824,44450540,284
14398,44653658,44653641,17
14399,44653658,44653641,17
14400,44702697,44700698,1999
14401,44702697,44700698,1999
14402,44728651,44724224,4427
14403,44728651,44724224,4427
14404,44728651,44720341,8310
14405,44728651,44713074,15577
14406,44728651,44724224,4427
14407,46126082,46125930,152
14408,46391396,46390723,673
14409,46391567,46390723,844
14410,46392056,46390723,1333
14411,46392056,46388180,3876
14412,46392421,46390723,1698
14413,46737209,46737209,0
14414,46911252,46737209,174043
14415,46995522,46995452,70
14416,46995522,46995452,70
14417,46996424,46995441,983
14418,47035635,47034816,819
14419,47428447,47428035,412
14420,47428447,47428035,412
14421,47465676,47465668,8
14422,47549581,47548897,684
14423,47595503,47593398,2105
14424,47595503,47593398,2105
14425,47792277,47765595,26682
14426,47840059,47839966,93
14427,47840059,47839966,93
14428,47840059,47839966,93
14429,47840059,47839966,93
14430,47840059,47839966,93
14431,47880721,47880595,126
14432,47916556,47916220,336
14433,47916633,47916220,413
14434,47916680,47916220,460
14435,47983550,47973117,10433
14436,48014961,47954718,60243
14437,48018610,47954718,63892
14438,48039080,48038189,891
14439,48082194,48082162,32
14440,48136273,48136187,86
14441,48136273,48136187,86
14442,48271814,48230631,41183
14443,48387681,48385851,1830
14444,48428215,48424094,4121
14445,48491541,48490956,585
14446,48496422,48496261,161
14447,48508629,48507590,1039
14448,48522702,48517169,5533
14449,48548776,48548247,529
14450,48559729,48559682,47
14451,48567060,48567057,3
14452,48655826,48655803,23
14453,48782316,48636427,145889
14454,48782316,48636427,145889
14455,48782316,48636427,145889
14456,48863834,48862779,1055
14457,48863834,48862779,1055
14458,48863834,48854009,9825
14459,48863834,48862779,1055
14460,48863834,48862779,1055
14461,48863834,48862779,1055
14462,48908815,48906566,2249
14463,48908815,48906566,2249
14464,49064095,49063907,188
14465,49064095,49063907,188
14466,52783003,52779750,3253
14467,52783003,52779750,3253
14468,52783003,52779750,3253
14469,52783003,52779750,3253
14470,52883786,52883779,7
14471,52904485,52904425,60
14472,52904485,52904425,60
14473,52948764,52948763,1
14474,52963458,52961053,2405
14475,52963458,52961053,2405
14476,53522759,53522477,282
14477,53525502,53525317,185
14478,53525502,53525284,218
14479,53525502,53492397,33105
14480,53617807,53611687,6120
14481,53617807,53611687,6120
14482,53733002,53731972,1030
14483,53824254,53822489,1765
14484,54232242,54232108,134
14485,54232242,54232108,134
14486,54294385,54294358,27
14487,54307150,54306936,214
14488,54326103,54325616,487
14489,54326103,54325616,487
14490,54326103,54325616,487
14491,54326103,54325616,487
14492,54326103,54325695,408
14493,54424436,54424132,304
14494,54457753,54440169,17584
14495,54853449,54853161,288
14496,54930815,54930467,348
14497,54968122,54968089,33
14498,55131516,55130123,1393
14499,55146925,55146699,226
14500,55148145,55147848,297
14501,55164412,55161439,2973
14502,55164412,55161439,2973
14503,55597552,55597551,1
14504,55606881,55604723,2158
14505,55606881,55604723,2158
14506,55991762,55991460,302
14507,55991762,55991460,302
14508,55991762,55991460,302
14509,56239266,56236258,3008
14510,56292342,56291619,723
14511,56292342,56291619,723
14512,56412099,56348952,63147
14513,56413076,56348952,64124
14514,56458379,56458276,103
14515,56502465,56502359,106
14516,56703430,56703430,0
14517,56771244,56770661,583
14518,56771244,56770661,583
14519,56771244,56770661,583
14520,56827091,56825983,1108
14521,56832746,56832052,694
14522,56899529,56890769,8760
14523,56899529,56890769,8760
14524,57182855,57182854,1
14525,57182855,57182854,1
14526,57196890,57193970,2920
14527,57196890,57193970,2920
14528,57248763,57219690,29073
14529,57253638,57250465,3173
14530,57253638,57248693,4945
14531,57253638,57244522,9116
14532,57253638,57219690,33948
14533,57253638,57250465,3173
14534,57253638,57250465,3173
14535,57253638,57250465,3173
14536,57301802,57301643,159
14537,57327534,57325704,1830
14538,57327534,57325704,1830
14539,57327534,57325704,1830
14540,57327534,57325704,1830
14541,57327534,57325704,1830
14542,57369847,57368027,1820
14543,57369847,57368027,1820
14544,57390058,57390042,16
14545,57469489,57469489,0
14546,57522470,57522166,304
14547,57522688,57522166,522
14548,57522688,57522166,522
14549,57547872,57523982,23890
14550,57547872,57523982,23890
14551,57547872,57522166,25706
14552,57687908,57687828,80
14553,57687908,57687828,80
14554,57687908,57687828,80
14555,57687908,57687828,80
14556,57688035,57687828,207
14557,57778131,57777746,385
14558,57778131,57777746,385
14559,57778131,57777746,385
14560,57798350,57798318,32
14561,57802010,57798318,3692
14562,57802010,57798318,3692
14563,57802010,57798318,3692
14564,57802010,57798318,3692
14565,57802010,57798318,3692
14566,57802010,57798318,3692
14567,57802010,57798318,3692
14568,57802010,57798318,3692
14569,57802010,57798318,3692
14570,57802010,57798318,3692
14571,57802010,57798318,3692
14572,57802010,57798318,3692
14573,57802010,57798318,3692
14574,57802010,57798318,3692
14575,57832976,57832847,129
14576,57832976,57832847,129
14577,57832976,57832847,129
14578,57832976,57832847,129
14579,57843826,57843751,75
14580,57897334,57897154,180
14581,57897334,57897154,180
14582,57897334,57897154,180
14583,57897334,57897154,180
14584,57976551,57976517,34
14585,57976551,57976517,34
14586,62599272,62599271,1
14587,62800741,62800740,1
14588,62938168,62935887,2281
14589,62938168,62936626,1542
14590,62938168,62936626,1542
14591,65275178,65275069,109
14592,65275178,65275069,109
14593,66535206,66509119,26087
14594,66535653,66535460,193
14595,66535653,66535460,193
14596,66535653,66535460,193
14597,66535653,66535460,193
14598,66535653,66535460,193
14599,68360930,68358508,2422
14600,68411256,68411073,183
14601,68411256,68411073,183
14602,68472616,68472075,541
14603,68473055,68472075,980
14604,68515406,68510469,4937
14605,68566889,68566837,52
14606,68566889,68566837,52
14607,68566889,68566837,52
14608,68588222,68586256,1966
14609,68621804,68620053,1751
14610,68621804,68620053,1751
14611,68699345,68698956,389
14612,68749716,68749651,65
14613,68749716,68704013,45703
14614,68829232,68829111,121
14615,68829232,68829111,121
14616,68928987,68928826,161
14617,68995587,68995538,49
14618,69083798,69083631,167
14619,69111412,69111276,136
14620,69215824,69215471,353
14621,69215824,69215471,353
14622,69363322,69362522,800
14623,69434245,69434202,43
14624,69536494,69536336,158
14625,69697741,69696597,1144
14626,69697741,69696597,1144
14627,69817509,69817478,31
14628,69886113,69885968,145
14629,69886113,69885968,145
14630,69978705,69978454,251
14631,69978705,69978194,511
14632,70080449,70080440,9
14633,70160768,70160527,241
14634,70160768,70160253,515
14635,70361626,70361579,47
14636,70361626,70361579,47
14637,70391732,70391447,285
14638,70505360,70505358,2
14639,70505360,70505358,2
14640,70513479,70513362,117
14641,70518967,70513362,5605
14642,70518967,70513362,5605
14643,70518967,70513362,5605
14644,70626430,70620935,5495
14645,70725870,70723362,2508
14646,70725870,70723362,2508
14647,70810722,70810720,2
14648,70812288,70811914,374
14649,70812288,70811914,374
14650,70826726,70826713,13
14651,70826726,70826713,13
14652,70868173,70866666,1507
14653,70868173,70866666,1507
14654,70902255,70898937,3318
14655,70924559,70921286,3273
14656,70950988,70948423,2565
14657,71012421,71008904,3517
14658,71032326,71027314,5012
14659,71032326,71027314,5012
14660,71070293,71068902,1391
14661,71100968,71099904,1064
14662,71117145,71115176,1969
14663,71201944,71201944,0
14664,71202833,71201944,889
14665,71232823,71232711,112
14666,71255961,71255565,396
14667,71255961,71255565,396
14668,71275914,71275792,122
14669,71348714,71347595,1119
14670,71348714,71347595,1119
14671,71348714,71347595,1119
14672,71398459,71398182,277
14673,71398459,71398182,277
14674,71473004,71472447,557
14675,71512536,71510572,1964
14676,71532348,71532207,141
14677,71532348,71532207,141
14678,71556268,71555834,434
14679,71655614,71655313,301
14680,71659274,71657014,2260
14681,71659274,71657014,2260
14682,71674336,71672376,1960
14683,71674336,71672376,1960
14684,71705033,71704896,137
14685,71705220,71701902,3318
14686,71705627,71705544,83
14687,71842460,71841038,1422
14688,71853891,71847774,6117
14689,71853891,71847774,6117
14690,71896629,71895095,1534
14691,71896629,71895095,1534
14692,72339024,72338857,167
14693,72339024,72338857,167
14694,72437804,72432764,5040
14695,72437804,72433610,4194
14696,72437804,72432764,5040
14697,72437804,72432764,5040
14698,72437804,72432764,5040
14699,72437804,72432764,5040
14700,72650079,72649735,344
14701,72669758,72669663,95
14702,72671237,72649735,21502
14703,73013918,73013529,389
14704,73013918,73013529,389
14705,73013918,73013529,389
14706,73013918,73013529,389
14707,73177972,73176842,1130
14708,73434516,73434479,37
14709,73935472,73935366,106
14710,73935472,73931111,4361
14711,73935472,73935366,106
14712,73935472,73935467,5
14713,74019830,74019717,113
14714,74088787,74088744,43
14715,74124502,74124385,117
14716,74124502,74124385,117
14717,74124502,74124385,117
14718,74287129,74286015,1114
14719,74287129,74286015,1114
14720,74287129,74286015,1114
14721,74287129,74286015,1114
14722,74321492,74320997,495
14723,74321492,74320997,495
14724,74369718,74368787,931
14725,74486287,74477512,8775
14726,74486287,74477512,8775
14727,74486348,74486217,131
14728,74486348,74486217,131
14729,74609433,74608181,1252
14730,74704477,74703358,1119
14731,74720198,74719839,359
14732,74737019,74736253,766
14733,74847841,74847670,171
14734,74853907,74853820,87
14735,74864446,74864298,148
14736,74904490,74904328,162
14737,74904490,74904440,50
14738,74964997,74964837,160
14739,75024087,75023857,230
14740,75027970,75025865,2105
14741,75065663,75065662,1
14742,75107916,75107324,592
14743,75168814,75167526,1288
14744,75179307,75178909,398
14745,75182520,75180354,2166
14746,75182520,75180354,2166
14747,75182520,75180354,2166
14748,75182520,75180354,2166
14749,75182520,75180354,2166
14750,75182520,75180354,2166
14751,75247703,75246858,845
14752,75254477,75250525,3952
14753,75490485,75318354,172131
14754,75719882,75719535,347
14755,75975325,75971457,3868
14756,76419641,76419403,238
14757,76439640,76439496,144
14758,76439640,76439496,144
14759,76439640,76439496,144
14760,76439640,76439496,144
14761,76439640,76439496,144
14762,76447792,76447116,676
14763,76455236,76452424,2812
14764,76455236,76452424,2812
14765,76455236,76452424,2812
14766,76468265,76465137,3128
14767,76468265,76465137,3128
14768,76491103,76489649,1454
14769,76491103,76489743,1360
14770,76491103,76489649,1454
14771,76555721,76551172,4549
14772,76555721,76551172,4549
14773,76598343,76587209,11134
14774,76598667,76587209,11458
14775,76598667,76587209,11458
14776,76735366,76734448,918
14777,76735366,76734448,918
14778,76735366,76734448,918
14779,76817536,76817478,58
14780,76823681,76817478,6203
14781,76861413,76861221,192
14782,76862166,76862102,64
14783,76862166,76862102,64
14784,76862166,76862102,64
14785,76862166,76862102,64
14786,76912113,76911994,119
14787,76912113,76902527,9586
14788,76912113,76911994,119
14789,76928641,76928602,39
14790,76944689,76944584,105
14791,76957350,76957140,210
14792,77003688,77003687,1
14793,77003688,77003687,1
14794,77020754,77020400,354
14795,77033955,77033672,283
14796,77033955,77033672,283
14797,77033955,77033672,283
14798,77033955,77033672,283
14799,77033955,77033672,283
14800,77033955,77033672,283
14801,77069655,77069527,128
14802,77069655,77053736,15919
14803,77069655,77055497,14158
14804,77069655,77069527,128
14805,77069655,77055497,14158
14806,77135052,77134696,356
14807,77135052,77134696,356
14808,77203201,77199401,3800
14809,77203201,77199401,3800
14810,77204936,77204611,325
14811,77204936,77204611,325
14812,77232283,77230326,1957
14813,77232283,77230326,1957
14814,77232283,77231153,1130
14815,77232283,77231153,1130
14816,77328458,77324360,4098
14817,77328458,77324360,4098
14818,77663079,77663079,0
14819,77663283,77663229,54
14820,77704405,77700330,4075
14821,77704405,77700330,4075
14822,77819002,77819002,0
14823,77942792,77941839,953
14824,77952123,77952121,2
14825,77959768,77955665,4103
14826,77959768,77955665,4103
14827,77997125,77987515,9610
14828,77997125,77996696,429
14829,78086163,78085636,527
14830,78091213,78087077,4136
14831,78091213,78087077,4136
14832,78091213,78087077,4136
14833,78532988,78532193,795
14834,78678105,78678034,71
14835,78740522,78740391,131
14836,78740522,78740391,131
14837,78740544,78740462,82
14838,78873944,78873761,183
14839,79240807,79240590,217
14840,79240807,79240590,217
14841,79259189,79258979,210
14842,79367787,79366941,846
14843,79367787,79366941,846
14844,79433476,79432697,779
14845,79465423,79462278,3145
14846,79531605,79531269,336
14847,79800594,79800083,511
14848,79800594,79800083,511
14849,79833341,79833187,154
14850,79837517,79833187,4330
14851,79860582,79860378,204
14852,79860582,79851473,9109
14853,80247031,80247031,0
14854,80247171,80247031,140
14855,80329372,80329354,18
14856,80994477,80993714,763
14857,80994477,80993714,763
14858,80994477,80993714,763
14859,81125482,81124686,796
14860,81125482,81124686,796
14861,81125482,81124686,796
14862,81212171,81207826,4345
14863,81212171,81207495,4676
14864,81884910,81884766,144
14865,81884910,81884766,144
14866,81978685,81974690,3995
14867,82075311,82064094,11217
14868,82075311,82064094,11217
14869,82126214,82126201,13
14870,82136218,82126201,10017
14871,82393061,82380662,12399
14872,82393061,82380662,12399
14873,82393061,82380662,12399
14874,82393061,82380662,12399
14875,83295149,83294831,318
14876,83295149,83294831,318
14877,83295149,83294831,318
14878,83295149,83294831,318
14879,83295149,83294831,318
14880,83295149,83279970,15179
14881,83351378,83350843,535
14882,83351378,83350843,535
14883,83382244,83381273,971
14884,83483126,83425810,57316
14885,83483510,83483395,115
14886,83720010,83719690,320
14887,83720010,83719690,320
14888,83720010,83719690,320
14889,83765662,83765632,30
14890,83793103,83792618,485
14891,83812419,83803089,9330
14892,83812419,83803089,9330
14893,83812419,83803089,9330
14894,83812419,83803089,9330
14895,83812419,83803089,9330
14896,83812419,83812304,115
14897,83812419,83803089,9330
14898,83812419,83803089,9330
14899,83812419,83803089,9330
14900,83812419,83803089,9330
14901,83812419,83803089,9330
14902,83822069,83803089,18980
14903,83840623,83840077,546
14904,83841284,83840077,1207
14905,83841284,83840077,1207
14906,83931982,83905997,25985
14907,83931982,83905997,25985
14908,83931982,83861080,70902
14909,83931982,83905997,25985
14910,83931982,83861080,70902
14911,83934040,83905997,28043
14912,83996971,83996583,388
14913,83996971,83996506,465
14914,84031012,84029074,1938
14915,84035911,84029074,6837
14916,84035911,84029074,6837
14917,84206067,84206067,0
14918,84255966,84255935,31
14919,84256034,84255935,99
14920,84256306,84255935,371
14921,84256306,84255935,371
14922,84256306,84240567,15739
14923,84256306,84255935,371
14924,84376944,84376846,98
14925,84377012,84375077,1935
14926,84377012,84375077,1935
14927,84377025,84376846,179
14928,84377025,84376846,179
14929,84377025,84376846,179
14930,84382929,84382350,579
14931,84406290,84406225,65
14932,84406290,84391504,14786
14933,84527027,84525920,1107
14934,84527027,84525920,1107
14935,84527027,84525920,1107
14936,85419387,85419381,6
14937,85566478,85566476,2
14938,85572493,85569839,2654
14939,85603804,85603614,190
14940,85654762,85654639,123
14941,85818163,85781744,36419
14942,85887544,85781744,105800
14943,86643538,86643142,396
14944,86893510,86893330,180
14945,86923823,86921875,1948
14946,86923823,86921875,1948
14947,86923823,86921875,1948
14948,86923823,86921875,1948
14949,87020430,87019722,708
14950,87028505,87028399,106
14951,87028505,87023175,5330
14952,87028806,87023175,5631
14953,87280023,87080572,199451
14954,87281375,87080572,200803
14955,87281375,87115554,165821
14956,87374283,87115554,258729
14957,87374283,87115554,258729
14958,87374283,87023175,351108
14959,87726522,87726521,1
14960,87736328,87735704,624
14961,87736328,87735704,624
14962,87736328,87735704,624
14963,87736328,87735704,624
14964,87770416,87770268,148
14965,87813575,87812673,902
14966,87969201,87968839,362
14967,88012981,88012980,1
14968,88026834,88026834,0
14969,88062206,88056853,5353
14970,88062206,88056853,5353
14971,88062206,88056853,5353
14972,88062206,88056853,5353
14973,88141420,88116691,24729
14974,88141674,88116691,24983
14975,88141674,88116691,24983
14976,88141674,88116691,24983
14977,88141674,88099671,42003
14978,88244056,88243993,63
14979,88244056,88243993,63
14980,88312455,88312222,233
14981,88380606,88379173,1433
14982,88380606,88379173,1433
14983,88380606,88379173,1433
14984,88450524,88415576,34948
14985,88450655,88420726,29929
14986,88450655,88420726,29929
14987,88450655,88415576,35079
14988,88538025,88537720,305
14989,88585512,88584472,1040
14990,88585512,88584472,1040
14991,88733601,88733062,539
14992,88767598,88767598,0
14993,88767968,88767598,370
14994,88767968,88767598,370
14995,88767968,88767598,370
14996,88767968,88767598,370
14997,88767968,88767598,370
14998,88767968,88767598,370
14999,88904563,88904048,515
15000,88904563,88904048,515
15001,88904563,88904048,515
15002,88904563,88904048,515
15003,88904563,88904048,515
15004,88998931,88996846,2085
15005,88998931,88996846,2085
15006,88998931,88996846,2085
15007,88998931,88996846,2085
15008,89053069,89052353,716
15009,89079823,89061147,18676
15010,89080011,89061147,18864
15011,89080011,89061147,18864
15012,89080459,89061147,19312
15013,89152474,89061147,91327
15014,89205983,89199735,6248
15015,89205983,89199735,6248
15016,89205983,89199735,6248
15017,89364249,89363612,637
15018,89364249,89363612,637
15019,89364249,89363612,637
15020,89427319,89427029,290
15021,89427319,89427029,290
15022,89442940,89442940,0
15023,89444952,89444851,101
15024,89578580,89577224,1356
15025,89619023,89618905,118
15026,89629693,89628111,1582
15027,89629693,89628111,1582
15028,89629693,89628111,1582
15029,89658720,89653301,5419
15030,89680620,89680043,577
15031,89744512,89744155,357
15032,89744512,89744155,357
15033,89744512,89744155,357
15034,89744512,89744155,357
15035,89744512,89680043,64469
15036,89744512,89702338,42174
15037,89978346,89978115,231
15038,89978346,89859370,118976
15039,90032549,89912170,120379
15040,90036052,90035703,349
15041,90164636,90164627,9
15042,90171261,90171261,0
15043,90229161,90171261,57900
15044,90757364,90756818,546
15045,90758127,90756818,1309
15046,90758127,90756818,1309
15047,90758127,90756818,1309
15048,90758348,90756818,1530
15049,90758350,90756818,1532
15050,90758350,90756818,1532
15051,90759447,90756818,2629
15052,90759447,90756818,2629
15053,90759447,90756818,2629
15054,90875780,90874569,1211
15055,90875780,90874569,1211
15056,90875780,90874569,1211
15057,91234244,91234234,10
15058,91703154,91701616,1538
15059,92523370,92520208,3162
15060,94138418,94138077,341
15061,94204248,94203533,715
15062,94693649,94693649,0
15063,94693649,94693649,0
15064,94751142,94751142,0
15065,95212443,95210685,1758
15066,95212443,95210685,1758
15067,95212443,95210685,1758
15068,95212443,95210685,1758
15069,95212443,95210685,1758
15070,95264027,95255780,8247
15071,95378340,95377709,631
15072,95509370,95508233,1137
15073,95509370,95508233,1137
15074,95589378,95585218,4160
15075,95589378,95587177,2201
15076,95589378,95585218,4160
15077,95589378,95585218,4160
15078,95589378,95585218,4160
15079,95589378,95585218,4160
15080,95589378,95585218,4160
15081,96079601,96075824,3777
15082,96079601,96075824,3777
15083,96079601,96075824,3777
15084,96079601,96075824,3777
15085,96079601,96075824,3777
15086,96470361,96470008,353
15087,96470361,96470008,353
15088,96470361,96470008,353
15089,96762625,96762468,157
15090,99064391,99064301,90
15091,99365012,99363268,1744
15092,99365012,99363268,1744
15093,99365012,99363268,1744
15094,99365012,99363268,1744
15095,99365012,99363268,1744
15096,99365012,99363268,1744
15097,99578800,99407954,170846
15098,99579812,99579377,435
15099,99795886,99795861,25
15100,99850243,99850123,120
15101,99851786,99850263,1523
15102,99851786,99850263,1523
15103,99851786,99850263,1523
15104,99983960,99982468,1492
15105,100009931,100009851,80
15106,100009931,100009851,80
15107,100065448,100064391,1057
15108,100065449,100065373,76
15109,100140403,100140309,94
15110,100140403,100130025,10378
15111,100140403,100140309,94
15112,100140403,100140309,94
15113,100212185,100212071,114
15114,100212185,100212071,114
15115,100242572,100242488,84
15116,100242572,100239341,3231
15117,100242572,100237419,5153
15118,100242572,100239341,3231
15119,100273917,100273832,85
15120,100356291,100356261,30
15121,100356667,100356426,241
15122,100463460,100463266,194
15123,100484825,100480495,4330
15124,100485189,100480495,4694
15125,100485189,100480495,4694
15126,100505343,100504737,606
15127,100545154,100544005,1149
15128,100545154,100544005,1149
15129,100571614,100571056,558
15130,100785442,100784204,1238
15131,100791346,100789342,2004
15132,100791346,100787731,3615
15133,100815703,100815120,583
15134,100815703,100815120,583
15135,100851778,100845966,5812
15136,100867883,100867728,155
15137,100867883,100867699,184
15138,100867883,100867728,155
15139,100867883,100867728,155
15140,100871512,100871327,185
15141,100871512,100871327,185
15142,101111655,101111140,515
15143,101439250,101439071,179
15144,101439250,101439071,179
15145,101439250,101439071,179
15146,102268628,102267953,675
15147,102268628,102267953,675
15148,102268628,102267953,675
15149,102268628,102171505,97123
15150,102268628,102267953,675
15151,102268628,102267953,675
15152,102270040,102269930,110
15153,102995969,102994900,1069
15154,102995969,102994900,1069
15155,102995969,102994900,1069
15156,102995969,102994900,1069
15157,103245469,103245424,45
15158,103266348,103265819,529
15159,103266410,103265819,591
15160,103266655,103265819,836
15161,103538459,103537751,708
15162,103538459,103537751,708
15163,103538459,103537751,708
15164,103682151,103682051,100
15165,103682151,103682051,100
15166,103748340,103747665,675
15167,103748708,103747665,1043
15168,103748708,103747665,1043
15169,103749105,103747665,1440
15170,103749105,103747665,1440
15171,103749105,103747665,1440
15172,103749307,103747665,1642
15173,103790032,103789901,131
15174,103790032,103747665,42367
15175,103813963,103808587,5376
15176,103940896,103912868,28028
15177,103940896,103853410,87486
15178,103940896,103912868,28028
15179,103940896,103853306,87590
15180,103979128,103971537,7591
15181,103988749,103988707,42
15182,103998170,103988707,9463
15183,103998170,103988707,9463
15184,103998170,103988707,9463
15185,103998439,103988707,9732
15186,104021024,104017411,3613
15187,104119566,104119476,90
15188,104119566,104119476,90
15189,104640973,104640832,141
15190,105416058,105412959,3099
15191,106158597,106158597,0
15192,106163919,106162590,1329
15193,106163928,106158597,5331
15194,106200960,106197676,3284
15195,106200960,106197676,3284
15196,106395227,106395207,20
15197,106395227,106395207,20
15198,106395227,106395207,20
15199,106395227,106395207,20
15200,106395227,106370548,24679
15201,106395227,106370548,24679
15202,106552837,106552206,631
15203,106602070,106599094,2976
15204,106629881,106621162,8719
15205,106629881,106621162,8719
15206,106683042,106682225,817
15207,106744847,106744256,591
15208,106768882,106766734,2148
15209,106768882,106766734,2148
15210,106768882,106766734,2148
15211,106892828,106890147,2681
15212,106892828,106890147,2681
15213,106892828,106890147,2681
15214,106892828,106890147,2681
15215,106892828,106890147,2681
15216,107168879,107168455,424
15217,107237423,107230117,7306
15218,107237423,107230117,7306
15219,107237423,107230117,7306
15220,107237423,107173103,64320
15221,107237861,107230117,7744
15222,107270381,107268849,1532
15223,107270381,107268849,1532
15224,107270381,107268849,1532
15225,107288592,107288592,0
15226,107957453,107956748,705
15227,107957453,107956748,705
15228,108641419,108641335,84
15229,108836204,108831709,4495
15230,108836204,108831709,4495
15231,108836204,108831709,4495
15232,108874613,108871579,3034
15233,108874613,108871579,3034
15234,108956331,108955513,818
15235,108956331,108955513,818
15236,108956331,108955513,818
15237,109086411,109084792,1619
15238,109087953,109087436,517
15239,109090112,109088923,1189
15240,109090112,109088923,1189
15241,109090112,109088923,1189
15242,109541613,109541612,1
15243,109551639,109546368,5271
15244,109551639,109546368,5271
15245,109588978,109588413,565
15246,109588978,109588421,557
15247,109588978,109588421,557
15248,109684235,109684054,181
15249,109684235,109681398,2837
15250,109684235,109684054,181
15251,109684235,109681020,3215
15252,109684235,109683977,258
15253,110223231,110223175,56
15254,110223231,110223175,56
15255,110223231,110223175,56
15256,110223523,110223175,348
15257,110223799,110223175,624
15258,110223799,110223175,624
15259,110461615,110460831,784
15260,110461615,110460831,784
15261,110461615,110460831,784
15262,110461615,110460831,784
15263,110461615,110460831,784
15264,110604350,110603919,431
15265,110608872,110608748,124
15266,110624629,110624551,78
15267,110624629,110624551,78
15268,110651242,110650965,277
15269,110651242,110650965,277
15270,110683747,110682721,1026
15271,110723335,110723127,208
15272,110723335,110723127,208
15273,110740743,110740321,422
15274,110745893,110745587,306
15275,110745893,110745587,306
15276,110745893,110745587,306
15277,110765861,110765353,508
15278,110793471,110791945,1526
15279,110793471,110791945,1526
15280,110934118,110932611,1507
15281,110934118,110932611,1507
15282,110934118,110932611,1507
15283,110934118,110932468,1650
15284,111119771,111119491,280
15285,111119820,111119491,329
15286,111484493,111482714,1779
15287,111544254,111543616,638
15288,111544254,111543616,638
15289,111563279,111554154,9125
15290,111563279,111554154,9125
15291,111563279,111554154,9125
15292,111563279,111554154,9125
15293,111563279,111554154,9125
15294,113110237,113108094,2143
15295,113186475,113186227,248
15296,113191211,113189565,1646
15297,113191211,113189565,1646
15298,113199572,113199572,0
15299,113207059,113199572,7487
15300,113305993,113303768,2225
15301,113363764,113362366,1398
15302,113363764,113362366,1398
15303,113363764,113362366,1398
15304,113363764,113362366,1398
15305,113436631,113436631,0
15306,113437328,113436631,697
15307,113482694,113482222,472
15308,113558151,113554332,3819
15309,113558151,113554332,3819
15310,113578748,113578483,265
15311,113578748,113578483,265
15312,113578748,113578483,265
15313,113578748,113578483,265
15314,114257213,114257213,0
15315,114280455,114280454,1
15316,114304896,114302627,2269
15317,114304896,114302627,2269
15318,114304896,114302627,2269
15319,114304896,114302627,2269
15320,114304896,114302627,2269
15321,114304896,114302627,2269
15322,114304896,114302796,2100
15323,114304896,114302796,2100
15324,114683083,114682224,859
15325,114683083,114682224,859
15326,114683083,114682224,859
15327,114683083,114682224,859
15328,114683083,114682224,859
15329,114683083,114682224,859
15330,114683083,114682224,859
15331,114900248,114899990,258
15332,114900803,114824713,76090
15333,114900878,114899990,888
15334,115598202,115597444,758
15335,115598202,115597444,758
15336,116035032,115998192,36840
15337,116035032,115858638,176394
15338,118006736,118006549,187
15339,118976800,118976223,577
15340,119158375,119158230,145
15341,119179789,119176867,2922
15342,119273922,119273875,47
15343,119435886,119435221,665
15344,119475359,119475255,104
15345,119632077,119631457,620
15346,119654470,119654049,421
15347,119757326,119754851,2475
15348,119757326,119754851,2475
15349,119959669,119958344,1325
15350,119959669,119953212,6457
15351,119982402,119979089,3313
15352,119982402,119978670,3732
15353,119982402,119979089,3313
15354,120108944,120107355,1589
15355,120194472,120193193,1279
15356,120216673,120214366,2307
15357,120216673,120214366,2307
15358,120216673,120214366,2307
15359,120221968,120221690,278
15360,120225600,120225600,0
15361,120243316,120243257,59
15362,120331815,120331389,426
15363,120548442,120548330,112
15364,120549239,120528448,20791
15365,120549981,120549826,155
15366,120551908,120550325,1583
15367,120988013,120987889,124
15368,120988013,120987889,124
15369,121844013,121843763,250
15370,121844013,121843763,250
15371,121844013,121843763,250
15372,121844013,121843763,250
15373,121844013,121843763,250
15374,121993673,121966992,26681
15375,122085495,122085280,215
15376,122085495,122085280,215
15377,122137782,122137637,145
15378,122148621,122148542,79
15379,122302181,122301802,379
15380,122302181,122301802,379
15381,122302181,122301802,379
15382,122617814,122617744,70
15383,122618147,122617744,403
15384,122686340,122683038,3302
15385,122738176,122738011,165
15386,122738176,122738011,165
15387,122738176,122738011,165
15388,122745088,122744783,305
15389,122784434,122784404,30
15390,122791652,122791468,184
15391,122791652,122791468,184
15392,122824216,122824090,126
15393,122854197,122854193,4
15394,122854268,122854193,75
15395,122854268,122846340,7928
15396,122872909,122872835,74
15397,123148902,123145994,2908
15398,123161508,123161508,0
15399,123161508,123161508,0
15400,123197336,123197211,125
15401,123246921,123246887,34
15402,123265765,123265739,26
15403,123283914,123283402,512
15404,123283914,123283402,512
15405,123350947,123350894,53
15406,123350947,123350894,53
15407,123350947,123350894,53
15408,123377650,123377595,55
15409,123542212,123542166,46
15410,123542212,123542166,46
15411,123665180,123665180,0
15412,123666098,123665180,918
15413,123666098,123665180,918
15414,123819390,123813551,5839
15415,123843761,123843727,34
15416,123844159,123818824,25335
15417,123949651,123949562,89
15418,124240604,124235219,5385
15419,124323706,124323706,0
15420,124324915,124323706,1209
15421,124324915,124323706,1209
15422,124324915,124323706,1209
15423,124324915,124323706,1209
15424,125633887,125631666,2221
15425,125633887,125600035,33852
15426,126412943,126412923,20
15427,126414087,126412923,1164
15428,126414087,126412923,1164
15429,128637934,128637591,343
15430,128695447,128694729,718
15431,128741720,128741720,0
15432,128754526,128754029,497
15433,128754526,128754029,497
15434,128820377,128819696,681
15435,128820377,128819696,681
15436,128820377,128819696,681
15437,128886363,128886288,75
15438,128887139,128886288,851
15439,128887139,128878674,8465
15440,128887139,128878674,8465
15441,128952455,128951831,624
15442,128952455,128951831,624
15443,128952455,128951831,624
15444,128957476,128956968,508
15445,128957476,128956968,508
15446,129019485,129019485,0
15447,129030056,129028557,1499
15448,129030056,129029057,999
15449,129043507,129043388,119
15450,129099797,129099797,0
15451,129132289,129131208,1081
15452,129132289,129131208,1081
15453,129144081,129143545,536
15454,129209984,129209017,967
15455,129785787,129783407,2380
15456,129785787,129783407,2380
15457,129796379,129793417,2962
15458,129796379,129793417,2962
15459,129796379,129793417,2962
15460,129893527,129880793,12734
15461,129918440,129873545,44895
15462,130014764,130014258,506
15463,130014764,130014258,506
15464,130014764,130014258,506
15465,130014764,130014258,506
15466,130014764,130014258,506
15467,130031121,130030831,290
15468,130033843,130032946,897
15469,130033843,130032946,897
15470,134074404,134073986,418
15471,134112732,134111315,1417
15472,135122903,135122348,555
15473,138453629,138453242,387
15474,138453629,138453221,408
15475,138453648,138450875,2773
15476,138453648,138452582,1066
15477,138453648,138453438,210
15478,139163503,139163223,280
15479,139965034,139964541,493
15480,139967095,139966628,467
15481,139983374,139983233,141
15482,140005568,140005344,224
15483,140005568,140005344,224
15484,140005568,140005344,224
15485,140005568,140005344,224
15486,140005568,140005344,224
15487,140060651,140058855,1796
15488,140201492,140201312,180
15489,140222364,140216952,5412
15490,140222364,140216952,5412
15491,140222388,140216952,5436
15492,140223705,140216952,6753
15493,140223705,140216952,6753
15494,140223705,140216952,6753
15495,140223705,140216952,6753
15496,140311935,140309238,2697
15497,140397069,140394280,2789
15498,140477577,140477291,286
15499,140477577,140477291,286
15500,140625406,140625302,104
15501,140625406,140624684,722
15502,140661899,140625302,36597
15503,140661899,140625302,36597
15504,141056276,141055620,656
15505,141075233,141074481,752
15506,141075233,141074481,752
15507,141294546,141290484,4062
15508,141303710,141302258,1452
15509,141303710,141302258,1452
15510,141303710,141302258,1452
15511,141303710,141302258,1452
15512,141303710,141302258,1452
15513,141303710,141302258,1452
15514,141303710,141302258,1452
15515,141303710,141302258,1452
15516,141348815,141334232,14583
15517,141348815,141334232,14583
15518,141419531,141419376,155
15519,141474924,141471529,3395
15520,141489959,141489883,76
15521,141489959,141489883,76
15522,141677471,141677199,272
15523,142054616,142053962,654
15524,142054616,142053962,654
15525,142054616,142053962,654
15526,142155850,142155143,707
15527,142155850,142155143,707
15528,142655140,142654001,1139
15529,142655140,142654001,1139
15530,142655140,142654001,1139
15531,143226985,143226888,97
15532,143227097,143191875,35222
15533,143767604,143352412,415192
15534,143767604,143352412,415192
15535,144136729,144136144,585
15536,144143141,144141609,1532
15537,144395718,144390342,5376
15538,144395718,144390342,5376
15539,144395718,144390342,5376
15540,144478642,144474337,4305
15541,144482613,144481287,1326
15542,144489313,144481287,8026
15543,144621828,144621828,0
15544,144826716,144826660,56
15545,144826716,144826660,56
15546,144940496,144940440,56
15547,144940496,144940440,56
15548,145061904,145061788,116
15549,145061904,145061788,116
15550,145061904,145061788,116
15551,145061904,145061788,116
15552,145061904,145061788,116
15553,145061904,145061788,116
15554,145061904,145061788,116
15555,145061904,145061788,116
15556,145061904,145061788,116
15557,145061904,145061788,116
15558,145581180,145581122,58
15559,145659881,145659109,772
15560,146019371,146018667,704
15561,146019371,146017251,2120
15562,146019371,146017251,2120
15563,146019371,146017251,2120
15564,146019371,146017251,2120
15565,146019371,146017251,2120
15566,146019371,146017251,2120
15567,146019693,146017251,2442
15568,146050676,146048725,1951
15569,146050676,146048725,1951
15570,146095896,146095860,36
15571,146100832,146095860,4972
15572,146480325,146479086,1239
15573,146480325,146479086,1239
15574,146480325,146479086,1239
15575,146480325,146479086,1239
15576,146581187,146576586,4601
15577,146653948,146653712,236
15578,146744677,146695772,48905
15579,146859607,146859559,48
15580,146859607,146859559,48
15581,146859607,146859559,48
15582,147111213,147110808,405
15583,147443123,147442869,254
15584,147443123,147442869,254
15585,147443123,147442869,254
15586,147443123,147442869,254
15587,147563623,147561960,1663
15588,147867034,147861047,5987
15589,147867034,147863807,3227
15590,147867034,147861047,5987
15591,148453856,148453723,133
15592,148466106,148463770,2336
15593,148466106,148463770,2336
15594,148466106,148463770,2336
15595,148556672,148555585,1087
15596,148582469,148582074,395
15597,148605280,148605138,142
15598,148605280,148595024,10256
15599,148779639,148778811,828
15600,148993927,148993232,695
15601,148993927,148993232,695
15602,148993927,148993232,695
15603,148993927,148993232,695
15604,149363672,149358012,5660
15605,149363672,149358012,5660
15606,151178608,151177399,1209
15607,151178608,151177399,1209
15608,151232521,151231522,999
15609,151388937,151357891,31046
15610,151502697,151500953,1744
15611,151502874,151502502,372
15612,151505845,151505261,584
15613,151770727,151770708,19
15614,151895536,151850190,45346
15615,151936419,151935794,625
15616,151936419,151935794,625
15617,151936649,151935794,855
15618,151936649,151935794,855
15619,152025357,152024033,1324
15620,152025357,152024235,1122
15621,152025804,152025745,59
15622,152087472,152086876,596
15623,152096826,152096515,311
15624,152147660,152096515,51145
15625,152147660,152096515,51145
15626,152149182,152096515,52667
15627,152212605,152212605,0
15628,152212605,152212605,0
15629,152584784,152583906,878
15630,152682175,152682134,41
15631,152682175,152682134,41
15632,153269958,153269881,77
15633,153274110,153273882,228
15634,153303664,153303487,177
15635,153456185,153332955,123230
15636,153456185,153332955,123230
15637,153456393,153332955,123438
15638,153456393,153332955,123438
15639,153456393,153332955,123438
15640,153456393,153332955,123438
15641,153456393,153332955,123438
15642,153456393,153332955,123438
15643,153456393,153332955,123438
15644,153601317,153601085,232
15645,153692156,153692156,0
15646,153700916,153692156,8760
15647,153833063,153831371,1692
15648,153833063,153831371,1692
15649,153833063,153831371,1692
15650,153833063,153831371,1692
15651,153833063,153831371,1692
15652,153900848,153897875,2973
15653,154199310,154197321,1989
15654,154260474,154256118,4356
15655,154260474,154256118,4356
15656,154336247,154336009,238
15657,154336247,154330140,6107
15658,154510159,154508918,1241
15659,154557862,154557728,134
15660,154557862,154557728,134
15661,154557862,154557728,134
15662,154626414,154626414,0
15663,154627242,154626414,828
15664,154627242,154626414,828
15665,154627242,154626414,828
15666,154681387,154681014,373
15667,154681387,154669813,11574
15668,154710228,154709987,241
15669,155312449,155312449,0
15670,155412930,155412507,423
15671,155412930,155412507,423
15672,155471585,155471460,125
15673,155471585,155471460,125
15674,155471585,155466996,4589
15675,155493915,155491802,2113
15676,155493915,155491802,2113
15677,155511897,155511839,58
15678,155511897,155511839,58
15679,155511897,155511839,58
15680,155533902,155533761,141
15681,155533902,155533761,141
15682,155674270,155670288,3982
15683,155674270,155670288,3982
15684,155749965,155741570,8395
15685,155749965,155749219,746
15686,155749965,155747930,2035
15687,156136237,156136237,0
15688,156138228,156136237,1991
15689,156138228,156136237,1991
15690,156298122,156297002,1120
15691,156298122,156297002,1120
15692,156298122,156297002,1120
15693,156298122,156294552,3570
15694,156643721,156643348,373
15695,156658214,156651383,6831
15696,156658214,156651383,6831
15697,156658214,156651383,6831
15698,156658214,156651383,6831
15699,156658214,156651383,6831
15700,156658214,156651383,6831
15701,156658214,156651383,6831
15702,156658214,156651383,6831
15703,156728783,156727561,1222
15704,156728783,156727561,1222
15705,156728783,156727561,1222
15706,156728783,156727561,1222
15707,156728783,156727561,1222
15708,156728783,156727561,1222
15709,156728783,156727561,1222
15710,156787425,156787378,47
15711,156841558,156841142,416
15712,156875048,156874999,49
15713,157892546,157731994,160552
15714,157892546,157892055,491
15715,157892546,157731994,160552
15716,158093242,158091880,1362
15717,158093242,158091591,1651
15718,158093242,158091880,1362
15719,158242760,158242760,0
15720,158282804,158282725,79
15721,158284199,158283975,224
15722,158284199,158283598,601
15723,158287226,158284196,3030
15724,158287226,158284196,3030
15725,158287226,158284196,3030
15726,158287226,158284196,3030
15727,159093718,159092527,1191
15728,159094202,159092527,1675
15729,159094202,159092527,1675
15730,159094202,159092527,1675
15731,159176439,159174679,1760
15732,159567833,159567495,338
15733,159574521,159573207,1314
15734,159574521,159573207,1314
15735,159574521,159573207,1314
15736,159574521,159573207,1314
15737,159574521,159573207,1314
15738,159574521,159573207,1314
15739,159574521,159573207,1314
15740,159574521,159573207,1314
15741,159574521,159573207,1314
15742,159574521,159573207,1314
15743,159574521,159573207,1314
15744,159574521,159573207,1314
15745,159593202,159592953,249
15746,159629841,159629679,162
15747,159629841,159629679,162
15748,159629841,159629679,162
15749,159629841,159629679,162
15750,159629841,159629679,162
15751,159644552,159644440,112
15752,159755440,159754998,442
15753,159827954,159825696,2258
15754,159956333,159956248,85
15755,160281301,160279291,2010
15756,163085186,163032548,52638
15757,163085186,163032548,52638
15758,163085186,163032548,52638
15759,164088073,164087879,194
15760,164088073,164087879,194
15761,164248884,164247706,1178
15762,164253947,164247706,6241
15763,164253947,164246880,7067
15764,164272763,164272763,0
15765,164273086,164272763,323
15766,164395047,164394886,161
15767,164441691,164440666,1025
15768,164534776,164534656,120
15769,165118863,165118863,0
15770,165304407,164775283,529124
15771,165880273,165878648,1625
15772,165898818,165891154,7664
15773,165962640,165962640,0
15774,165962896,165962640,256
15775,165962896,165962640,256
15776,166034024,166033925,99
15777,166201175,166200797,378
15778,166244308,166243212,1096
15779,166244308,166243212,1096
15780,166244308,166243212,1096
15781,166244308,166242477,1831
15782,166261791,166261531,260
15783,166264314,166263098,1216
15784,166264314,166263098,1216
15785,166419482,166418762,720
15786,166952111,166951625,486
15787,167025609,167022028,3581
15788,167025609,167022028,3581
15789,167025609,167022028,3581
15790,168155324,168155324,0
15791,168155417,168155360,57
15792,168155577,167833893,321684
15793,168155741,168155324,417
15794,168155741,168040989,114752
15795,168155741,168155324,417
15796,168155741,167921582,234159
15797,168155741,168155206,535
15798,168155741,168155324,417
15799,168155741,168155324,417
15800,168155741,168155324,417
15801,169108893,169108585,308
15802,169108893,169108585,308
15803,169146827,169146773,54
15804,169239958,169232410,7548
15805,169377303,169377207,96
15806,169393960,169393850,110
15807,169401638,169393850,7788
15808,169401638,169393850,7788
15809,169401638,169393850,7788
15810,169849608,169846397,3211
15811,169849608,169846397,3211
15812,169849608,169847536,2072
15813,169849608,169847536,2072
15814,169849608,169847536,2072
15815,169931468,169931240,228
15816,169931468,169931240,228
15817,170077830,170057703,20127
15818,170192249,170190363,1886
15819,170520348,170520325,23
15820,170533778,170523781,9997
15821,170533778,170523781,9997
15822,170533778,170523781,9997
15823,170533778,170523781,9997
15824,170533778,170523781,9997
15825,170644338,170641216,3122
15826,170644338,170641148,3190
15827,170644338,170641148,3190
15828,170644338,170641148,3190
15829,170644338,170641148,3190
15830,170679093,170679028,65
15831,170913449,170913449,0
15832,170924935,170913449,11486
15833,170947429,170927028,20401
15834,171011183,171010841,342
15835,171011372,171010841,531
15836,171011372,171010841,531
15837,173961558,173961251,307
15838,174245118,174242868,2250
15839,174245118,174242868,2250
15840,174254920,174254800,120
15841,174255509,174254800,709
15842,174255595,174254800,795
15843,174298683,174298478,205
15844,174320617,174312565,8052
15845,174450530,174450440,90
15846,174451378,174450440,938
15847,175205402,175184243,21159
15848,175205402,175184243,21159
15849,175241482,175238534,2948
15850,175254531,175252746,1785
15851,175444044,175429904,14140
15852,175444049,175443602,447
15853,175444049,175429904,14145
15854,175444049,175443602,447
15855,175444049,175443602,447
15856,175444049,175443602,447
15857,175750465,175749962,503
15858,175750465,175749962,503
15859,175899139,175899139,0
15860,175899331,175899139,192
15861,175899331,175899139,192
15862,175899331,175899139,192
15863,175899331,175899139,192
15864,175899331,175899139,192
15865,175899331,175899139,192
15866,175899331,175899139,192
15867,176708827,176708502,325
15868,176734265,176733378,887
15869,176923842,176733378,190464
15870,176923842,176923463,379
15871,176923842,176923741,101
15872,176923842,176573132,350710
15873,177103979,177100730,3249
15874,177103979,177100730,3249
15875,177103979,177100730,3249
15876,177103985,177102636,1349
15877,177116822,177116713,109
15878,177162827,177162649,178
15879,177190373,177190259,114
15880,177253396,177249481,3915
15881,177713895,177713465,430
15882,178275433,178274509,924
15883,178284092,178283625,467
15884,178363657,178363529,128
15885,178363657,178363529,128
15886,183271469,183270998,471
15887,183550042,183550041,1
15888,183676506,183676416,90
15889,183724177,183721504,2673
15890,183838630,183836721,1909
15891,183838630,183838466,164
15892,183838630,183836680,1950
15893,183838630,183836680,1950
15894,184020352,184019740,612
15895,184241927,184241371,556
15896,184241929,184236882,5047
15897,184241929,184236882,5047
15898,184241929,184236882,5047
15899,184241929,184236882,5047
15900,184241929,184236882,5047
15901,184241929,184236882,5047
15902,184243579,184243579,0
15903,184369049,184368580,469
15904,184369049,184368580,469
15905,184432249,184432105,144
15906,184432249,184432105,144
15907,184580331,184580105,226
15908,184580331,184580105,226
15909,184634747,184633775,972
15910,184634747,184633797,950
15911,184634747,184633775,972
15912,184634747,184633797,950
15913,184938875,184938437,438
15914,184938875,184932746,6129
15915,185139114,185138972,142
15916,185395726,185350218,45508
15917,185569785,185559607,10178
15918,185570629,185559607,11022
15919,185570629,185559607,11022
15920,185616112,185615933,179
15921,185616112,185615933,179
15922,185616112,185615933,179
15923,185616112,185615933,179
15924,185655286,185655216,70
15925,185655286,185655216,70
15926,185687910,185687113,797
15927,185726942,185724668,2274
15928,185729605,185698101,31504
15929,185733413,185724668,8745
15930,185747215,185724668,22547
15931,185747215,185724668,22547
15932,185941926,185941926,0
15933,185941926,185941926,0
15934,185941958,185941926,32
15935,185941958,185941926,32
15936,186071538,186068125,3413
15937,186125182,186112350,12832
15938,186125182,186112350,12832
15939,186285120,186284619,501
15940,186285120,186284619,501
15941,186291339,186290948,391
15942,186300152,186299340,812
15943,186321390,186321171,219
15944,186321782,186320931,851
15945,186347139,186347022,117
15946,186347139,186339597,7542
15947,186370821,186370798,23
15948,186370821,186370798,23
15949,186392913,186392837,76
15950,186392913,186392837,76
15951,186392913,186392837,76
15952,186456712,186456588,124
15953,186456712,186456588,124
15954,186456712,186456588,124
15955,186456712,186456588,124
15956,186456712,186456588,124
15957,186456712,186456588,124
15958,186578123,186577792,331
15959,186578123,186577792,331
15960,186578123,186577792,331
15961,186599976,186598642,1334
15962,186599976,186583351,16625
15963,186599976,186583351,16625
15964,186599976,186583351,16625
15965,186599976,186583351,16625
15966,186606000,186605968,32
15967,186606000,186605968,32
15968,186696520,186611725,84795
15969,186697066,186598642,98424
15970,186732048,186611725,120323
15971,186732258,186605968,126290
15972,186733410,186611725,121685
15973,186733410,186605968,127442
15974,186877870,186611725,266145
15975,186877870,186583351,294519
15976,186877870,186605968,271902
15977,187006252,187006027,225
15978,187006252,187006027,225
15979,187006252,187006027,225
15980,187079564,187079201,363
15981,187088484,187088442,42
15982,187093817,187093141,676
15983,187093817,187093141,676
15984,187093817,187093141,676
15985,187112644,187112626,18
15986,187115139,187113514,1625
15987,187134617,187131795,2822
15988,187179625,187179366,259
15989,187179625,187179366,259
15990,187179625,187179248,377
15991,187196051,187195433,618
15992,187210835,187209768,1067
15993,187476537,187476519,18
15994,187516980,187513889,3091
15995,187644987,187630981,14006
15996,187647850,187630981,16869
15997,188924894,188924894,0
15998,188926199,188924894,1305
15999,188926199,188924894,1305
16000,189022404,189014019,8385
16001,189022404,189018233,4171
16002,189026744,189026372,372
16003,189026744,189026522,222
16004,189030422,189026522,3900
16005,189068649,189068526,123
16006,189068649,189068526,123
16007,190860993,190860913,80
16008,190884359,190884284,75
16009,190906028,190905470,558
16010,190948412,190948359,53
16011,190948412,190948359,53
16012,190990372,190990364,8
16013,190993669,190993661,8
16014,190996962,190996954,8
16015,191000255,191000247,8
16016,191003549,191003541,8
16017,191010142,191010134,8
16018,191013442,191013434,8
16019,190087,182438,7649
16020,195468,195468,0
16021,218297,216964,1333
16022,251979,251796,183
16023,256814,256535,279
16024,256814,256535,279
16025,256814,256535,279
16026,256814,256535,279
16027,273482,272997,485
16028,277055,276131,924
16029,315089,314630,459
16030,315089,314630,459
16031,315089,314630,459
16032,315089,314533,556
16033,315089,314630,459
16034,438405,434949,3456
16035,438405,434949,3456
16036,438405,434949,3456
16037,438405,434949,3456
16038,438405,434949,3456
16039,438405,434949,3456
16040,438405,434949,3456
16041,443258,442937,321
16042,467409,467013,396
16043,524549,524437,112
16044,524549,524437,112
16045,480999,479077,1922
16046,653666,653268,398
16047,678893,678175,718
16048,693510,678175,15335
16049,851101,850717,384
16050,843816,843802,14
16051,891402,889814,1588
16052,892674,891867,807
16053,892939,892772,167
16054,892939,889814,3125
16055,883522,883471,51
16056,909047,908580,467
16057,918164,917218,946
16058,997455,989959,7496
16059,1038927,1037783,1144
16060,1038927,1038488,439
16061,1112172,1112106,66
16062,1225230,1222019,3211
16063,1246304,1246193,111
16064,1283125,1278811,4314
16065,1295162,1295104,58
16066,1295162,1295104,58
16067,1295162,1295104,58
16068,1295162,1295104,58
16069,1295162,1268672,26490
16070,1295162,1282668,12494
16071,1341975,1341839,136
16072,1345002,1344956,46
16073,1445543,1443312,2231
16074,1467440,1467005,435
16075,1524076,1523959,117
16076,1568684,1568638,46
16077,1579695,1576422,3273
16078,1594646,1594569,77
16079,1799956,1799049,907
16080,1799049,1799049,0
16081,1816167,1816030,137
16082,1882861,1879936,2925
16083,1882880,1882761,119
16084,1887098,1882761,4337
16085,1887098,1882761,4337
16086,1887293,1882761,4532
16087,1887293,1882761,4532
16088,2751769,2751527,242
16089,2751769,2751527,242
16090,2755511,2755155,356
16091,2755511,2753473,2038
16092,2755511,2755155,356
16093,3601517,3601154,363
16094,5223840,5223009,831
16095,5303920,5303912,8
16096,5320412,5319251,1161
16097,5490347,5489443,904
16098,6337405,6337308,97
16099,6378639,6378596,43
16100,6496834,6491462,5372
16101,6621602,6620325,1277
16102,6633473,6633092,381
16103,6633473,6633092,381
16104,6633473,6620325,13148
16105,6669675,6668381,1294
16106,6669675,6668381,1294
16107,6757161,6755058,2103
16108,6757161,6755058,2103
16109,6757161,6755058,2103
16110,7830194,7826984,3210
16111,7830194,7826984,3210
16112,7830194,7826984,3210
16113,7851603,7851134,469
16114,7868283,7867302,981
16115,7869150,7868196,954
16116,7901235,7900171,1064
16117,7901235,7900171,1064
16118,9546233,9380058,166175
16119,9630463,9630144,319
16120,10250021,10249985,36
16121,10250021,10249985,36
16122,10250021,10249985,36
16123,10262313,10261983,330
16124,10266501,10264895,1606
16125,10266501,10264895,1606
16126,10266501,10264895,1606
16127,10266501,10264895,1606
16128,10308168,10290874,17294
16129,10440500,10433796,6704
16130,10440500,10433796,6704
16131,10440500,10433796,6704
16132,10440500,10433796,6704
16133,10465138,10465059,79
16134,10465138,10465059,79
16135,10657928,10650225,7703
16136,10761387,10761180,207
16137,10761387,10761180,207
16138,11385341,11364880,20461
16139,11588960,11565069,23891
16140,11588960,11565069,23891
16141,11904110,11903965,145
16142,11904110,11364880,539230
16143,13769252,13736000,33252
16144,13944589,13944547,42
16145,14509458,14508531,927
16146,14399509,14399239,270
16147,14489274,14488429,845
16148,14616287,14610423,5864
16149,14699842,14693157,6685
16150,14871887,14871556,331
16151,15939900,15937295,2605
16152,16091226,16091151,75
16153,16179897,16179684,213
16154,16465894,16465774,120
16155,16509107,16508721,386
16156,16617167,16617080,87
16157,16682230,16682055,175
16158,16699830,16699751,79
16159,16738496,16711354,27142
16160,16742337,16711354,30983
16161,16766307,16766236,71
16162,16936385,16935917,468
16163,16936385,16935917,468
16164,16936385,16935917,468
16165,17276954,17276009,945
16166,17276954,17276009,945
16167,17276009,17276009,0
16168,19886381,19839095,47286
16169,19988353,19839095,149258
16170,19988353,19839095,149258
16171,20575982,19839095,736887
16172,21471090,21470806,284
16173,21497305,21497231,74
16174,21589481,21585640,3841
16175,22212878,22078785,134093
16176,22213909,22078785,135124
16177,22853731,22078785,774946
16178,23528706,23527882,824
16179,24645085,24593599,51486
16180,26890942,26890705,237
16181,27038689,26988440,50249
16182,27038689,26988440,50249
16183,31318435,31318141,294
16184,31329253,31323415,5838
16185,31532282,31529166,3116
16186,31532282,31529166,3116
16187,31532282,31529166,3116
16188,31527019,31527012,7
16189,31555165,31553009,2156
16190,31555165,31553009,2156
16191,31555165,31553009,2156
16192,32111038,32108241,2797
16193,32111038,32108241,2797
16194,32078061,32077765,296
16195,32174425,32174140,285
16196,32313114,32312944,170
16197,32313114,32312944,170
16198,32313114,32312944,170
16199,32383925,32383900,25
16200,32444844,32444764,80
16201,32444844,32444764,80
16202,32604185,32601190,2995
16203,32783713,32783178,535
16204,32791830,32786451,5379
16205,32791830,32786451,5379
16206,32791830,32786451,5379
16207,33468196,33467813,383
16208,33468196,33467813,383
16209,33468196,33467813,383
16210,33468196,33467813,383
16211,33468196,33467813,383
16212,33468196,33467813,383
16213,33892124,33891961,163
16214,33892124,33891961,163
16215,33892124,33891961,163
16216,33939023,33938255,768
16217,33984780,33984688,92
16218,33984780,33984688,92
16219,33984780,33984688,92
16220,33984780,33984688,92
16221,34008220,34008124,96
16222,34008220,34008124,96
16223,34008220,34008124,96
16224,34008220,34008124,96
16225,34008220,34008124,96
16226,34024523,34024138,385
16227,34029113,34028979,134
16228,34043371,34043230,141
16229,34043371,34043230,141
16230,34832717,34830870,1847
16231,34832717,34830870,1847
16232,34832717,34830870,1847
16233,34821955,34821955,0
16234,34832717,34830870,1847
16235,34832717,34830870,1847
16236,34832717,34830870,1847
16237,34899564,34896883,2681
16238,34869952,34867282,2670
16239,34880413,34880309,104
16240,34915731,34911897,3834
16241,34915780,34914997,783
16242,34918383,34914997,3386
16243,34922014,34920033,1981
16244,34923462,34922897,565
16245,34925787,34925600,187
16246,34959069,34954819,4250
16247,34959069,34954819,4250
16248,34954106,34954106,0
16249,35026500,35014146,12354
16250,35048240,35047997,243
16251,35048240,35047997,243
16252,35048240,35039514,8726
16253,35048240,35047997,243
16254,35089765,35084731,5034
16255,35118224,35089722,28502
16256,35118224,35089722,28502
16257,35118224,35084731,33493
16258,35118224,35089722,28502
16259,35118224,35089722,28502
16260,35230823,35089722,141101
16261,35118224,35089722,28502
16262,35086442,35084731,1711
16263,35671676,35670350,1326
16264,35710951,35709231,1720
16265,35814713,35814655,58
16266,35808142,35807833,309
16267,35814713,35814655,58
16268,35875824,35875693,131
16269,35879705,35876588,3117
16270,35938737,35921222,17515
16271,35938881,35921222,17659
16272,35991535,35991342,193
16273,35991535,35991342,193
16274,35991535,35991342,193
16275,36001130,35988585,12545
16276,36067023,36066891,132
16277,36067023,36066891,132
16278,36067023,36039747,27276
16279,36152015,36143451,8564
16280,36184142,36184113,29
16281,36184142,36182133,2009
16282,36184142,36182133,2009
16283,36225725,36225714,11
16284,36241900,36241900,0
16285,36242258,36225714,16544
16286,36242258,36225714,16544
16287,36302011,36301518,493
16288,36302011,36301518,493
16289,36609399,36608723,676
16290,36688436,36686371,2065
16291,36688436,36686371,2065
16292,36688436,36686371,2065
16293,37065921,37064994,927
16294,37065921,37064125,1796
16295,36997104,36996575,529
16296,37065921,37064635,1286
16297,37121915,37121834,81
16298,37183801,37183785,16
16299,37213834,37213805,29
16300,37249530,37247800,1730
16301,37176201,37176087,114
16302,37213854,37201842,12012
16303,37370887,37364466,6421
16304,37371197,37371079,118
16305,37371197,37371079,118
16306,37698009,37688083,9926
16307,37752774,37752675,99
16308,37834924,37816232,18692
16309,37835010,37834898,112
16310,37835593,37834898,695
16311,37835929,37835760,169
16312,37835929,37835760,169
16313,37839782,37834898,4884
16314,37875900,37875776,124
16315,38465582,38464088,1494
16316,38465582,38464088,1494
16317,38465582,38464088,1494
16318,38465582,38464088,1494
16319,38465582,38464088,1494
16320,38465582,38464088,1494
16321,38556748,38530749,25999
16322,38595507,38530749,64758
16323,38821581,38821538,43
16324,38886759,38886330,429
16325,38935743,38933546,2197
16326,38935743,38933546,2197
16327,39074501,39074479,22
16328,39074501,39074479,22
16329,39074501,38975672,98829
16330,39074501,39074479,22
16331,39074501,39074479,22
16332,39203129,39203062,67
16333,39219680,39203062,16618
16334,39219680,39203062,16618
16335,39270759,39270673,86
16336,39364655,39364566,89
16337,39425335,39394422,30913
16338,39425335,39394422,30913
16339,40693837,40692480,1357
16340,40756072,40747120,8952
16341,40756072,40728557,27515
16342,40756072,40747120,8952
16343,40798297,40798291,6
16344,40798297,40798291,6
16345,40835387,40835287,100
16346,40855456,40854548,908
16347,40983042,40981675,1367
16348,41058326,41051087,7239
16349,41071444,41070954,490
16350,41071444,41070954,490
16351,41213695,41203332,10363
16352,41261540,41203332,58208
16353,41510730,41510628,102
16354,41794337,41794161,176
16355,41794674,41794161,513
16356,41870791,41870460,331
16357,41921738,41917401,4337
16358,41935185,41934436,749
16359,41941672,41941383,289
16360,42721980,42719526,2454
16361,42721980,42719526,2454
16362,42721980,42719526,2454
16363,42721980,42719526,2454
16364,42721980,42719526,2454
16365,42721980,42719526,2454
16366,42721980,42719526,2454
16367,42721980,42719526,2454
16368,42721980,42719526,2454
16369,42721980,42718198,3782
16370,42721980,42718567,3413
16371,42721980,42719526,2454
16372,42721980,42719526,2454
16373,42802539,42799883,2656
16374,42802539,42799883,2656
16375,42812024,42810869,1155
16376,42812024,42808455,3569
16377,42812024,42808455,3569
16378,43040447,43040148,299
16379,43067073,43067043,30
16380,43162033,43162032,1
16381,43175823,43175235,588
16382,43175823,43175235,588
16383,43175823,43175235,588
16384,43175823,43175235,588
16385,43125133,43123420,1713
16386,43280952,43280831,121
16387,43280952,43280831,121
16388,43294970,43294911,59
16389,43313614,43299067,14547
16390,43313614,43299067,14547
16391,43397230,43388501,8729
16392,43412488,43412418,70
16393,43412488,43412418,70
16394,43483992,43454071,29921
16395,43483992,43454071,29921
16396,43483992,43454071,29921
16397,43515273,43509441,5832
16398,43515273,43506439,8834
16399,43557195,43556948,247
16400,43557195,43556948,247
16401,43557521,43556030,1491
16402,43705668,43704506,1162
16403,43705668,43704506,1162
16404,44388784,44388784,0
16405,44815618,44815304,314
16406,45696220,45696195,25
16407,49699299,49699270,29
16408,49707829,49707206,623
16409,49724522,49724023,499
16410,49737234,49736985,249
16411,50142356,50137902,4454
16412,50142356,50137902,4454
16413,50142356,50137902,4454
16414,50142356,50137902,4454
16415,50690563,50689444,1119
16416,52098452,52097674,778
16417,52249485,52248281,1204
16418,52249485,52248281,1204
16419,52390609,52386429,4180
16420,52390609,52386429,4180
16421,52405325,52403004,2321
16422,52405598,52405559,39
16423,52782304,52781863,441
16424,52782304,52781518,786
16425,52979171,52979051,120
16426,53606403,53606309,94
16427,53752214,53752072,142
16428,53842416,53839010,3406
16429,53816834,53815669,1165
16430,53842416,53839262,3154
16431,54281414,54281345,69
16432,54281414,54281345,69
16433,54329960,54329754,206
16434,54406080,54406010,70
16435,54469005,54468828,177
16436,54469005,54468828,177
16437,54469005,54468828,177
16438,54469005,54468828,177
16439,54463129,54460046,3083
16440,54463129,54459951,3178
16441,54463129,54460046,3083
16442,54523143,54522966,177
16443,54529508,54529351,157
16444,54603521,54603401,120
16445,54721409,54720600,809
16446,54721409,54720600,809
16447,54830906,54830457,449
16448,54830906,54830457,449
16449,54988881,54968447,20434
16450,54988881,54987048,1833
16451,55008554,54993786,14768
16452,55008554,54965429,43125
16453,55112974,55112368,606
16454,55112974,55112368,606
16455,55112974,55112368,606
16456,55112974,55112368,606
16457,55204972,55204487,485
16458,55204972,55204487,485
16459,55213165,55212948,217
16460,55218682,55218260,422
16461,55218682,55218260,422
16462,55206500,55206499,1
16463,55213165,55212948,217
16464,55213165,55212948,217
16465,55272121,55272106,15
16466,55272121,55237623,34498
16467,55278639,55256289,22350
16468,55290821,55272106,18715
16469,55290821,55272106,18715
16470,55290821,55272106,18715
16471,55412778,55412542,236
16472,55529186,55528740,446
16473,56191978,56189507,2471
16474,56213165,56212729,436
16475,56221359,56221163,196
16476,56236960,56234835,2125
16477,56247954,56247929,25
16478,56247954,56231321,16633
16479,56247954,56247929,25
16480,56247954,56247929,25
16481,56560506,56558579,1927
16482,56560506,56558579,1927
16483,56560506,56558579,1927
16484,56560506,56558579,1927
16485,56560506,56558579,1927
16486,56778636,56778534,102
16487,57755966,57755786,180
16488,57755966,57755786,180
16489,57755189,57754895,294
16490,57792185,57790837,1348
16491,57790837,57790837,0
16492,58147406,58147178,228
16493,58295759,58295363,396
16494,58335339,58334700,639
16495,58335339,58334934,405
16496,58571945,58571228,717
16497,58652727,58652672,55
16498,58882324,58882201,123
16499,59064438,58334700,729738
16500,59064438,59064335,103
16501,59189621,59189449,172
16502,59783925,59481425,302500
16503,58511794,58511745,49
16504,59064438,59064335,103
16505,59558386,59443652,114734
16506,59783925,59481425,302500
16507,59995993,59995920,73
16508,59995993,59995920,73
16509,59995993,59983021,12972
16510,60095057,60063724,31333
16511,60140101,60083224,56877
16512,60140101,60083224,56877
16513,60140101,60079945,60156
16514,60240905,60240835,70
16515,60240905,60217981,22924
16516,60240905,60214113,26792
16517,60240905,60240835,70
16518,60448864,60448782,82
16519,60458302,60455998,2304
16520,60455998,60455998,0
16521,60841999,60840144,1855
16522,60923894,60923862,32
16523,61002362,60999860,2502
16524,61683011,61681396,1615
16525,61683011,61681396,1615
16526,61683011,61681396,1615
16527,61683011,61681396,1615
16528,61683011,61681396,1615
16529,61699728,61699599,129
16530,61699728,61699599,129
16531,61924416,61923145,1271
16532,61924416,61923145,1271
16533,61877275,61877134,141
16534,61924416,61923145,1271
16535,61877134,61877134,0
16536,63258119,63257546,573
16537,63513339,63513247,92
16538,63513339,63513247,92
16539,63668696,63665641,3055
16540,63908121,63905079,3042
16541,63908121,63897263,10858
16542,63908121,63904991,3130
16543,63908121,63905079,3042
16544,64014017,64013849,168
16545,64064496,64064344,152
16546,64104388,64103633,755
16547,64142516,64140813,1703
16548,64314590,64314148,442
16549,64314590,64314009,581
16550,64769779,64592972,176807
16551,64777704,64769500,8204
16552,64769779,64625290,144489
16553,64858995,64850734,8261
16554,64858995,64850734,8261
16555,64883376,64883223,153
16556,64883376,64883223,153
16557,64883376,64883223,153
16558,64920187,64920101,86
16559,64920187,64920101,86
16560,64920187,64920101,86
16561,64926532,64926167,365
16562,64961954,64960438,1516
16563,64961954,64960438,1516
16564,64961954,64960438,1516
16565,64961954,64960438,1516
16566,65017941,65016634,1307
16567,65089459,65088779,680
16568,65125111,65118743,6368
16569,65125111,65118743,6368
16570,65376851,65374358,2493
16571,65376851,65374358,2493
16572,65376851,65374358,2493
16573,65376851,65374358,2493
16574,65376851,65374358,2493
16575,65376851,65374358,2493
16576,65376851,65374358,2493
16577,65376851,65374358,2493
16578,65453568,65451900,1668
16579,65479444,65474696,4748
16580,65479444,65474696,4748
16581,65479444,65474696,4748
16582,66282351,66282314,37
16583,66282351,66282314,37
16584,66465423,66462879,2544
16585,66410875,66410076,799
16586,66465423,66462879,2544
16587,66445417,66445416,1
16588,66445417,66445416,1
16589,66445417,66445416,1
16590,66465423,66462879,2544
16591,66463094,66462879,215
16592,66492617,66492469,148
16593,67597649,67593429,4220
16594,67597649,67593429,4220
16595,67597649,67593429,4220
16596,67597649,67593429,4220
16597,67597649,67593429,4220
16598,67591571,67591320,251
16599,68400567,68399872,695
16600,68400567,68399872,695
16601,68426899,68425444,1455
16602,68419362,68419339,23
16603,68426899,68425444,1455
16604,68474070,68473458,612
16605,68474070,68473458,612
16606,68474070,68473209,861
16607,68506184,68505626,558
16608,68506184,68505626,558
16609,68525985,68525052,933
16610,68551848,68551523,325
16611,68572529,68572528,1
16612,68573257,68572962,295
16613,68573257,68572962,295
16614,68616407,68616367,40
16615,68616407,68616367,40
16616,68616407,68595922,20485
16617,68628620,68607022,21598
16618,68619674,68616367,3307
16619,68665409,68665317,92
16620,68665840,68665502,338
16621,68662644,68661564,1080
16622,68665409,68661564,3845
16623,68665840,68661564,4276
16624,68661564,68661564,0
16625,68710630,68710119,511
16626,68710630,68710119,511
16627,68710630,68710119,511
16628,68710630,68710119,511
16629,68710630,68710119,511
16630,68710630,68710119,511
16631,68710630,68710119,511
16632,68710630,68710119,511
16633,68710630,68710119,511
16634,68737890,68737481,409
16635,68737890,68737481,409
16636,68853931,68849498,4433
16637,68853931,68849498,4433
16638,68853931,68849498,4433
16639,68853931,68849498,4433
16640,68853931,68849498,4433
16641,68876221,68874583,1638
16642,68888729,68888025,704
16643,68888729,68888025,704
16644,68888729,68888025,704
16645,68888729,68888025,704
16646,68929028,68928868,160
16647,68932308,68932226,82
16648,69198960,69198912,48
16649,69328525,69328214,311
16650,69338940,69337567,1373
16651,69372533,69372398,135
16652,69373422,69372398,1024
16653,69373422,69372860,562
16654,69373422,69372398,1024
16655,69373422,69372860,562
16656,69407510,69406244,1266
16657,69554864,69517841,37023
16658,69746189,69743180,3009
16659,69723543,69723542,1
16660,69746189,69743180,3009
16661,69787614,69787055,559
16662,70074026,70073978,48
16663,70203944,70203633,311
16664,70214357,70212984,1373
16665,70247953,70247818,135
16666,70248842,70247818,1024
16667,70248842,70248280,562
16668,70248842,70247818,1024
16669,70248842,70248280,562
16670,70282273,70281711,562
16671,70316611,70308742,7869
16672,70320941,70308742,12199
16673,70320941,70320200,741
16674,70407863,70406597,1266
16675,70363497,70358590,4907
16676,70363497,70358590,4907
16677,70363497,70356757,6740
16678,70363516,70358590,4926
16679,70388897,70378775,10122
16680,70807178,70807038,140
16681,70841304,70841067,237
16682,70863649,70860712,2937
16683,70936948,70936922,26
16684,70954530,70952687,1843
16685,70932538,70931148,1390
16686,71016875,71016442,433
16687,71496194,71496193,1
16688,71496194,71496193,1
16689,71505397,71501066,4331
16690,71496194,71496193,1
16691,71522092,71522063,29
16692,71616082,71593512,22570
16693,71616084,71616048,36
16694,71616084,71616048,36
16695,71616082,71593512,22570
16696,71654650,71654254,396
16697,71655180,71654254,926
16698,71655180,71654254,926
16699,71655180,71654254,926
16700,71655180,71654254,926
16701,71803249,71757323,45926
16702,72201272,72201237,35
16703,72210215,72201237,8978
16704,72210215,72201237,8978
16705,72210215,72201237,8978
16706,72333938,72333826,112
16707,72386349,72383917,2432
16708,72386349,72383917,2432
16709,72386349,72383917,2432
16710,72386349,72383917,2432
16711,72427644,72427557,87
16712,72427644,72427557,87
16713,72470970,72469992,978
16714,72744352,72744187,165
16715,72795476,72795204,272
16716,72801448,72801063,385
16717,72801448,72801063,385
16718,72861511,72858706,2805
16719,72877794,72875919,1875
16720,72877794,72875919,1875
16721,72877794,72875919,1875
16722,72877794,72875919,1875
16723,73237818,73236838,980
16724,73237818,73236838,980
16725,73151557,73144974,6583
16726,73207527,73207408,119
16727,73237818,73236838,980
16728,73237818,73236838,980
16729,73237818,73236838,980
16730,73937249,73932310,4939
16731,73937249,73932091,5158
16732,73937249,73932310,4939
16733,73937249,73932310,4939
16734,73932310,73932310,0
16735,74017113,74017000,113
16736,74017113,74017000,113
16737,74063042,74059567,3475
16738,74063042,74059567,3475
16739,74063042,74060931,2111
16740,74063042,74059567,3475
16741,74063042,74059567,3475
16742,74072737,74072496,241
16743,74072737,74072476,261
16744,74162212,74109788,52424
16745,74162663,74137501,25162
16746,74191788,74137501,54287
16747,74326724,74325862,862
16748,74532703,74532511,192
16749,74657926,74656167,1759
16750,74657926,74656167,1759
16751,74657926,74656167,1759
16752,74646774,74646772,2
16753,74657926,74656167,1759
16754,74657926,74656167,1759
16755,74807454,74807032,422
16756,74807454,74807032,422
16757,74807806,74807669,137
16758,74807454,74807032,422
16759,74895646,74893843,1803
16760,74865317,74865317,0
16761,74878775,74877281,1494
16762,74886334,74886328,6
16763,74895646,74893843,1803
16764,74895646,74893843,1803
16765,74895646,74893601,2045
16766,74895646,74893601,2045
16767,74967671,74966865,806
16768,75008250,74998591,9659
16769,75008280,75008209,71
16770,75013313,75008762,4551
16771,75621416,75621372,44
16772,76003957,76003138,819
16773,75967808,75967806,2
16774,76003957,76003138,819
16775,76003957,76003138,819
16776,75919238,75914465,4773
16777,75919259,75919055,204
16778,75914465,75914465,0
16779,75993972,75993970,2
16780,76031595,76029328,2267
16781,76131140,76129626,1514
16782,76174044,76173657,387
16783,76217056,76173657,43399
16784,76254847,76254738,109
16785,76265299,76264710,589
16786,76331878,76331583,295
16787,76361058,76359077,1981
16788,76383030,76373703,9327
16789,76373703,76373703,0
16790,76724080,76722379,1701
16791,76724080,76722379,1701
16792,76724080,76722379,1701
16793,76724080,76722379,1701
16794,76724080,76722379,1701
16795,76788332,76788045,287
16796,76788332,76788045,287
16797,76788332,76788045,287
16798,76934522,76934374,148
16799,77072185,77072081,104
16800,77072185,77072081,104
16801,77590579,77563400,27179
16802,77590579,77590403,176
16803,77776562,77771491,5071
16804,77776562,77771491,5071
16805,77944648,77806036,138612
16806,78282357,78281071,1286
16807,78281766,78281071,695
16808,78365449,78365443,6
16809,78350171,78350096,75
16810,78365449,78359577,5872
16811,78365449,78359488,5961
16812,78385897,78384397,1500
16813,78385897,78384397,1500
16814,78428113,78426939,1174
16815,78428113,78426939,1174
16816,78623038,78612130,10908
16817,78610674,78610673,1
16818,78809659,78808597,1062
16819,78809659,78808597,1062
16820,78809659,78808597,1062
16821,78809659,78808597,1062
16822,78982471,78981096,1375
16823,78982471,78981096,1375
16824,78982471,78981096,1375
16825,78982471,78981096,1375
16826,78982471,78981096,1375
16827,79096049,79095439,610
16828,79287088,79286027,1061
16829,79287088,79287061,27
16830,79287088,79287061,27
16831,79287066,79287061,5
16832,79379107,79378964,143
16833,79551898,79551741,157
16834,79551898,79551741,157
16835,79551898,79551741,157
16836,79551898,79551741,157
16837,79596297,79596156,141
16838,79617660,79617327,333
16839,79736195,79735862,333
16840,79748254,79747539,715
16841,79775498,79773196,2302
16842,79775498,79773196,2302
16843,79775498,79773196,2302
16844,79775498,79773196,2302
16845,79775498,79773196,2302
16846,79838382,79837651,731
16847,79864941,79855838,9103
16848,79866304,79855838,10466
16849,79866304,79855838,10466
16850,79855838,79855838,0
16851,79950800,79950308,492
16852,79950800,79950782,18
16853,79946854,79945905,949
16854,80172634,80171681,953
16855,80525981,80521589,4392
16856,80384383,80383251,1132
16857,80562217,80562077,140
16858,80562217,80562077,140
16859,80562217,80562077,140
16860,80608965,80608481,484
16861,80608965,80608481,484
16862,80608965,80608481,484
16863,80689988,80689933,55
16864,80689988,80689933,55
16865,81047072,81046861,211
16866,81047072,81046861,211
16867,81047072,81046861,211
16868,81047072,81046861,211
16869,81047072,81046861,211
16870,81047072,81046861,211
16871,81443936,81443170,766
16872,81551216,81549244,1972
16873,81551216,81549244,1972
16874,81551216,81549244,1972
16875,81284014,81283602,412
16876,81574235,81574142,93
16877,81614147,81614119,28
16878,81614147,81614119,28
16879,82373272,82373142,130
16880,82606888,82606647,241
16881,82649579,82649061,518
16882,82649579,82649061,518
16883,82649579,82649061,518
16884,82649579,82649061,518
16885,82808758,82808238,520
16886,82878122,82876253,1869
16887,82878122,82876253,1869
16888,82878122,82876253,1869
16889,82878122,82876253,1869
16890,82878122,82876253,1869
16891,82969413,82969342,71
16892,83016896,82969342,47554
16893,83680611,83680192,419
16894,83680611,83680192,419
16895,83374647,83362407,12240
16896,85593365,85589143,4222
16897,85916583,85915286,1297
16898,86535018,86534684,334
16899,86534798,86534684,114
16900,86687743,86686700,1043
16901,86687743,86686700,1043
16902,86687743,86686700,1043
16903,86687743,86686700,1043
16904,86687743,86686700,1043
16905,86707163,86707121,42
16906,86708721,86707121,1600
16907,86708850,86708611,239
16908,87516536,87502897,13639
16909,87564665,87564540,125
16910,87564665,87536703,27962
16911,87564665,87516426,48239
16912,88119744,88119605,139
16913,88119744,88119605,139
16914,88119744,88119605,139
16915,88179283,88119605,59678
16916,88179283,88119605,59678
16917,88199922,88119605,80317
16918,88199922,88119605,80317
16919,89705603,89705478,125
16920,89770585,89770109,476
16921,89810369,89807956,2413
16922,89810369,89807956,2413
16923,89825401,89821106,4295
16924,89825401,89821106,4295
16925,89825401,89821106,4295
16926,90460033,90459717,316
16927,90055782,90055414,368
16928,90460033,90459717,316
16929,90460033,90459717,316
16930,90679149,90678909,240
16931,92929786,92929548,238
16932,92929786,92929548,238
16933,92929786,92929548,238
16934,93447404,93410456,36948
16935,93447404,93388900,58504
16936,93447404,93388900,58504
16937,93447404,93388890,58514
16938,93447404,93388890,58514
16939,93077309,93077269,40
16940,93447404,93410456,36948
16941,93732214,93732101,113
16942,93954309,93872831,81478
16943,93954309,93872831,81478
16944,94031573,94031017,556
16945,94031573,94031017,556
16946,94265406,94248579,16827
16947,94417545,94417186,359
16948,94417545,94417186,359
16949,94620279,94620279,0
16950,94417545,94278095,139450
16951,94786144,94785986,158
16952,94786144,94785859,285
16953,94890709,94882854,7855
16954,94890709,94882854,7855
16955,94940806,94939230,1576
16956,94940806,94939230,1576
16957,94957284,94957284,0
16958,94992849,94992013,836
16959,94992849,94992013,836
16960,94992849,94992013,836
16961,95018714,95018558,156
16962,95091797,95091518,279
16963,95068453,95067875,578
16964,95132071,95128878,3193
16965,95158577,95158366,211
16966,95158577,95158366,211
16967,95158577,95158366,211
16968,95158577,95158366,211
16969,95297775,95297425,350
16970,95748689,95748186,503
16971,95767863,95767825,38
16972,95768985,95768746,239
16973,96110385,96107383,3002
16974,96078460,96078460,0
16975,96110385,96107383,3002
16976,96108591,96107383,1208
16977,96108591,96107383,1208
16978,96075822,96075822,0
16979,96090900,96090481,419
16980,96103703,96103703,0
16981,96107406,96107383,23
16982,96108591,96107383,1208
16983,96108591,96107383,1208
16984,96108591,96107383,1208
16985,96108591,96107383,1208
16986,96110385,96107383,3002
16987,96110385,96107383,3002
16988,96110385,96107383,3002
16989,96108591,96107383,1208
16990,96143892,96139629,4263
16991,96149848,96136663,13185
16992,96143892,96139629,4263
16993,96149848,96139629,10219
16994,96255406,96253309,2097
16995,96255406,96253309,2097
16996,96255406,96253309,2097
16997,96365115,96364237,878
16998,96365115,96364237,878
16999,96478520,96478280,240
17000,96519005,96518895,110
17001,96519005,96518895,110
17002,98116889,98115846,1043
17003,98132198,98129457,2741
17004,98209427,98207793,1634
17005,98262238,98262090,148
17006,99922440,99921888,552
17007,100238987,100238659,328
17008,100238987,100238659,328
17009,101632253,101631966,287
17010,101834720,101834548,172
17011,101834720,101834548,172
17012,101834720,101834548,172
17013,101834720,101834548,172
17014,102366808,102364769,2039
17015,102366808,102364769,2039
17016,102366808,102364769,2039
17017,102366808,102364769,2039
17018,102366808,102364769,2039
17019,102366808,102364769,2039
17020,102338853,102338851,2
17021,102366808,102364769,2039
17022,102455842,102444411,11431
17023,102455842,102440442,15400
17024,102455842,102444411,11431
17025,102494017,102494016,1
17026,102539224,102537335,1889
17027,102539224,102537335,1889
17028,102539224,102537335,1889
17029,102614361,102612241,2120
17030,102614361,102612241,2120
17031,102612241,102612241,0
17032,102898490,102895949,2541
17033,102898490,102895949,2541
17034,102898490,102895949,2541
17035,107006596,107006314,282
17036,107006596,107006314,282
17037,107717799,107717392,407
17038,107703654,107700618,3036
17039,108207203,108207201,2
17040,108523373,108523276,97
17041,108178700,108177542,1158
17042,108523373,108523276,97
17043,108523373,108523276,97
17044,108745675,108719134,26541
17045,109203429,109202699,730
17046,109221200,109220549,651
17047,109961298,109961153,145
17048,110062450,110003053,59397
17049,110062450,109954135,108315
17050,110098484,110097482,1002
17051,110098484,110097482,1002
17052,110413722,110411772,1950
17053,110413722,110411772,1950
17054,110466200,110462581,3619
17055,110820748,110820164,584
17056,110820748,110820164,584
17057,110820748,110820164,584
17058,110848157,110843131,5026
17059,110848157,110836802,11355
17060,110848157,110836802,11355
17061,110848157,110843131,5026
17062,111091948,111091469,479
17063,111092945,111091469,1476
17064,111093104,111091469,1635
17065,111093106,111091469,1637
17066,111093252,111091469,1783
17067,111093252,111091469,1783
17068,111093399,111091469,1930
17069,111093793,111091469,2324
17070,111093915,111091469,2446
17071,111312628,111312436,192
17072,111312628,111312436,192
17073,111564411,111545647,18764
17074,111755010,111754736,274
17075,111755010,111754736,274
17076,111756677,111756116,561
17077,112181936,112179823,2113
17078,112181936,112179823,2113
17079,112181936,112179823,2113
17080,112181936,112179823,2113
17081,112181936,112179823,2113
17082,112204089,112203234,855
17083,112204089,112203112,977
17084,112204089,112203100,989
17085,112204089,112203234,855
17086,112228776,112227304,1472
17087,112257211,112256990,221
17088,112258031,112257887,144
17089,112258031,112257887,144
17090,112228791,112228776,15
17091,112357892,112349181,8711
17092,112357892,112349181,8711
17093,112357892,112349181,8711
17094,112630612,112630082,530
17095,112824527,112824111,416
17096,112630612,112630082,530
17097,112630612,112630082,530
17098,112770728,112770536,192
17099,112892057,112891835,222
17100,112896882,112896882,0
17101,112930984,112929080,1904
17102,113832197,113831879,318
17103,113832197,113831879,318
17104,113832197,113831879,318
17105,114505658,114505331,327
17106,114516243,114515734,509
17107,114516243,114482924,33319
17108,114516243,114515734,509
17109,114516243,114515734,509
17110,114598569,114598548,21
17111,114598569,114598548,21
17112,114631987,114615455,16532
17113,114632458,114632240,218
17114,114632458,114632240,218
17115,114861025,114860979,46
17116,114880591,114879190,1401
17117,114938176,114916953,21223
17118,114961876,114961489,387
17119,114961876,114961489,387
17120,114916953,114916953,0
17121,114961733,114956305,5428
17122,114961876,114961489,387
17123,115152405,115152094,311
17124,115177548,115177249,299
17125,115177548,115177249,299
17126,115249778,115249187,591
17127,115249778,115249187,591
17128,115298980,115298316,664
17129,115363299,115361815,1484
17130,115394827,115394644,183
17131,115628978,115628186,792
17132,115785342,115785043,299
17133,115805240,115803453,1787
17134,115814414,115814260,154
17135,115815973,115815876,97
17136,115910551,115840640,69911
17137,115910551,115840640,69911
17138,118324240,118324206,34
17139,118469873,118469872,1
17140,118584822,118582914,1908
17141,118584822,118582914,1908
17142,118584822,118582914,1908
17143,118584822,118582914,1908
17144,118730138,118728768,1370
17145,118730294,118729076,1218
17146,118730294,118729076,1218
17147,118730294,118729076,1218
17148,118878030,118877689,341
17149,118878030,118877689,341
17150,118878030,118877689,341
17151,118878030,118877689,341
17152,118878030,118877689,341
17153,118878030,118877689,341
17154,118878030,118877689,341
17155,118970781,118970779,2
17156,118970781,118970729,52
17157,118971517,118970729,788
17158,118971517,118970729,788
17159,120022964,120022404,560
17160,120022964,120022404,560
17161,120022964,120022404,560
17162,121188523,121188387,136
17163,121364295,121362821,1474
17164,121409872,121409851,21
17165,121411792,121409851,1941
17166,121412869,121409851,3018
17167,121412918,121412637,281
17168,121414055,121413680,375
17169,121489266,121488780,486
17170,121488780,121488780,0
17171,121518358,121518337,21
17172,121799794,121799191,603
17173,121776970,121776500,470
17174,121799794,121799191,603
17175,121799794,121799270,524
17176,121799794,121799270,524
17177,121799794,121799191,603
17178,121799794,121799191,603
17179,121787296,121787296,0
17180,121787296,121787296,0
17181,121787296,121787296,0
17182,121787296,121787296,0
17183,121799794,121799191,603
17184,122170234,122165343,4891
17185,122170234,122165343,4891
17186,122337836,122337737,99
17187,122344902,122343444,1458
17188,122344902,122337737,7165
17189,122372425,122372320,105
17190,122372425,122372320,105
17191,122523745,122522895,850
17192,122759286,122758692,594
17193,122759286,122754180,5106
17194,122759286,122734868,24418
17195,122952738,122950090,2648
17196,122952738,122950090,2648
17197,122952738,122950090,2648
17198,122952738,122950090,2648
17199,122952738,122950090,2648
17200,122952738,122950090,2648
17201,123980354,123980144,210
17202,124080865,124080682,183
17203,124082013,124080682,1331
17204,124084500,124080682,3818
17205,125829853,125828648,1205
17206,125820216,125820215,1
17207,125829853,125828648,1205
17208,125829853,125828648,1205
17209,125829853,125828648,1205
17210,125829853,125828648,1205
17211,125829853,125828648,1205
17212,125897175,125890041,7134
17213,125931082,125930890,192
17214,125931082,125930971,111
17215,125962944,125960536,2408
17216,125971974,125971933,41
17217,126172712,126171956,756
17218,126172712,126171956,756
17219,126189758,126187785,1973
17220,126366500,126253863,112637
17221,126366500,126253863,112637
17222,126409184,126394687,14497
17223,126409184,126394687,14497
17224,126760473,126760041,432
17225,126760473,126760041,432
17226,126796910,126793010,3900
17227,126796910,126793010,3900
17228,126887834,126883742,4092
17229,126890780,126887608,3172
17230,126994322,126993459,863
17231,126994322,126993459,863
17232,126993459,126993459,0
17233,127525380,127522323,3057
17234,127525380,127522323,3057
17235,127506787,127503563,3224
17236,127873735,127873296,439
17237,127873735,127873296,439
17238,127873916,127873296,620
17239,128369335,128368975,360
17240,128369335,128368975,360
17241,128449719,128448694,1025
17242,129074376,129072911,1465
17243,129100756,129100756,0
17244,129522327,129521484,843
17245,130501041,130500898,143
17246,130541119,130535294,5825
17247,130730360,130726784,3576
17248,130730382,130726784,3598
17249,130730382,130726784,3598
17250,130783094,130782365,729
17251,130970929,130970723,206
17252,130970929,130970723,206
17253,130970929,130970723,206
17254,130970929,130970723,206
17255,131132756,131132614,142
17256,130843900,130843856,44
17257,130970929,130970723,206
17258,130970929,130970723,206
17259,131132756,131132614,142
17260,131132756,131132614,142
17261,131132756,131132614,142
17262,131132756,131132614,142
17263,131281391,131281198,193
17264,131309728,131309024,704
17265,131329944,131329918,26
17266,131347355,131347246,109
17267,131347355,131347246,109
17268,131347355,131347246,109
17269,131347577,131329918,17659
17270,131347607,131329918,17689
17271,131347607,131329918,17689
17272,131347761,131347613,148
17273,131347870,131329918,17952
17274,131347870,131329918,17952
17275,131398896,131398484,412
17276,131411863,131411545,318
17277,131562935,131554319,8616
17278,131562935,131554319,8616
17279,131562954,131554319,8635
17280,131563556,131554319,9237
17281,131563556,131554319,9237
17282,131563556,131554319,9237
17283,131609147,131607922,1225
17284,131609147,131607788,1359
17285,131609147,131607922,1225
17286,131679899,131679528,371
17287,131731306,131729964,1342
17288,131731306,131729964,1342
17289,131729503,131729501,2
17290,131796622,131796546,76
17291,131811736,131811624,112
17292,131822549,131822289,260
17293,131826465,131825170,1295
17294,131831259,131825170,6089
17295,131825175,131825170,5
17296,131879214,131879170,44
17297,131915758,131915758,0
17298,131980313,131978056,2257
17299,131980313,131978056,2257
17300,131996801,131995974,827
17301,132018370,132018279,91
17302,132018370,132018279,91
17303,132039321,132039285,36
17304,132070170,132070053,117
17305,132073265,132073111,154
17306,132073265,132073111,154
17307,132073265,132073111,154
17308,132089856,132088662,1194
17309,132089856,132088662,1194
17310,132089856,132088662,1194
17311,132113067,132112829,238
17312,132113067,132112829,238
17313,132113067,132112829,238
17314,132113067,132112829,238
17315,132113067,132112829,238
17316,132113561,132100082,13479
17317,132152489,132150963,1526
17318,132162002,132161832,170
17319,132166590,132161832,4758
17320,132200477,132200225,252
17321,132202238,132199961,2277
17322,132202576,132199961,2615
17323,132204536,132203274,1262
17324,132210387,132210208,179
17325,132210582,132210138,444
17326,132299354,132272881,26473
17327,132299354,132262896,36458
17328,132299354,132272881,26473
17329,132299354,132272881,26473
17330,132362240,132362229,11
17331,132362240,132362229,11
17332,132362240,132362229,11
17333,132362240,132362229,11
17334,132440709,132440128,581
17335,132561617,132560973,644
17336,132948223,132939674,8549
17337,133304406,133304275,131
17338,133340657,133328703,11954
17339,133340657,133328703,11954
17340,133340824,133328703,12121
17341,133442104,133328703,113401
17342,133483920,133481994,1926
17343,133483920,133481895,2025
17344,133483920,133481994,1926
17345,133483920,133481511,2409
17346,133483920,133481994,1926
17347,133483920,133481994,1926
17348,133483920,133482212,1708
17349,133483920,133481914,2006
17350,133483920,133481994,1926
17351,133512724,133509713,3011
17352,133512724,133509713,3011
17353,133561950,133561552,398
17354,133706735,133657554,49181
17355,133706735,133644013,62722
17356,133706735,133644414,62321
17357,133706735,133644414,62321
17358,133702765,133702214,551
17359,133706735,133657554,49181
17360,133702765,133702214,551
17361,133702235,133702214,21
17362,133727799,133726044,1755
17363,133747598,133747545,53
17364,133915164,133915007,157
17365,133915164,133915007,157
17366,133914463,133912594,1869
17367,133915164,133915007,157
17368,133918918,133912553,6365
17369,133918918,133915007,3911
17370,133911416,133909637,1779
17371,133968533,133959709,8824
17372,133968533,133959709,8824
17373,134029388,134028783,605
17374,134063601,134060784,2817
17375,134063601,134060784,2817
17376,134087850,134086640,1210
17377,134087850,134086453,1397
17378,134166812,134164396,2416
17379,134195425,134191157,4268
17380,134193092,134193087,5
17381,134195425,134191157,4268
17382,134191157,134191157,0
17383,134237323,134235375,1948
17384,134298336,134296371,1965
17385,134347397,134347313,84
17386,134369964,134369571,393
17387,134680370,134679156,1214
17388,134734928,134724783,10145
17389,134734928,134724783,10145
17390,134734928,134724783,10145
17391,134734928,134724783,10145
17392,134735574,134724783,10791
17393,134735577,134724783,10794
17394,134783038,134782798,240
17395,134788089,134785629,2460
17396,134785629,134785629,0
17397,134871639,134871380,259
17398,134914969,134914504,465
17399,134989624,134989588,36
17400,135208436,135207604,832
17401,135224326,135223773,553
17402,135231516,135231505,11
17403,135277367,135277360,7
17404,135290723,135290522,201
17405,135399507,135398915,592
17406,135399507,135398915,592
17407,135399507,135398915,592
17408,135399507,135398915,592
17409,135518422,135513168,5254
17410,135518422,135513168,5254
17411,135518422,135513168,5254
17412,135528851,135528212,639
17413,135693073,135693048,25
17414,135693073,135587568,105505
17415,135701164,135700942,222
17416,135701164,135700942,222
17417,135701164,135700942,222
17418,136834438,136834247,191
17419,136835018,136834247,771
17420,137008616,136997663,10953
17421,137042116,137034092,8024
17422,137056999,137056191,808
17423,137071779,137071335,444
17424,137009586,136997663,11923
17425,137071779,137071335,444
17426,137028374,137028103,271
17427,137223540,137223074,466
17428,137090039,137089755,284
17429,137146439,137144772,1667
17430,137223540,137223074,466
17431,137223540,137223074,466
17432,137223540,137223074,466
17433,137242123,137242123,0
17434,137276156,137272099,4057
17435,137276156,137275836,320
17436,137276156,137272099,4057
17437,137278434,137272099,6335
17438,137368802,137354800,14002
17439,137368802,137354006,14796
17440,137368802,137354800,14002
17441,137372955,137372342,613
17442,137427148,137427148,0
17443,137427199,137426762,437
17444,137427199,137426762,437
17445,137475132,137474469,663
17446,137514358,137514303,55
17447,137502546,137502540,6
17448,137513356,137506533,6823
17449,137514358,137514303,55
17450,137514358,137514303,55
17451,137514358,137513322,1036
17452,137514358,137513322,1036
17453,137514358,137506561,7797
17454,137523404,137523102,302
17455,137523404,137523102,302
17456,137549032,137549001,31
17457,137549032,137549001,31
17458,137610253,137610113,140
17459,137610253,137610113,140
17460,137667516,137666869,647
17461,137667516,137666869,647
17462,137667516,137666869,647
17463,137674044,137673657,387
17464,137674044,137673844,200
17465,137666903,137666869,34
17466,137666903,137666869,34
17467,137666903,137666869,34
17468,137664575,137664363,212
17469,137685418,137682648,2770
17470,137685418,137682648,2770
17471,137685418,137681293,4125
17472,137772716,137771389,1327
17473,137772716,137771389,1327
17474,137772716,137771389,1327
17475,137782658,137781440,1218
17476,137782658,137781440,1218
17477,137782658,137781440,1218
17478,137782658,137781440,1218
17479,137805004,137803770,1234
17480,137877400,137877251,149
17481,137878989,137878607,382
17482,137878989,137854543,24446
17483,137853389,137848602,4787
17484,137911318,137911007,311
17485,137911318,137909472,1846
17486,138270723,138269778,945
17487,138270723,138269778,945
17488,138270723,138269778,945
17489,138270723,138269778,945
17490,138270723,138269512,1211
17491,138211057,138210600,457
17492,138211057,138210626,431
17493,138270723,138269778,945
17494,138534065,138463532,70533
17495,138534065,138463532,70533
17496,138378408,138378332,76
17497,138644016,138644016,0
17498,138667366,138665084,2282
17499,138667366,138665084,2282
17500,138667366,138665084,2282
17501,138667366,138665084,2282
17502,138667366,138665084,2282
17503,138658656,138658656,0
17504,138667366,138665084,2282
17505,138667366,138665084,2282
17506,138667366,138665084,2282
17507,138667366,138665084,2282
17508,138705409,138704487,922
17509,138705409,138704487,922
17510,138705409,138704487,922
17511,138719039,138718942,97
17512,138719039,138718942,97
17513,138725605,138725545,60
17514,138725605,138725439,166
17515,138725605,138725439,166
17516,138725605,138724274,1331
17517,138730885,138730770,115
17518,138739776,138739749,27
17519,138739776,138739749,27
17520,138739776,138739749,27
17521,138775214,138775134,80
17522,138775214,138775134,80
17523,138842320,138842255,65
17524,138862343,138861289,1054
17525,139008018,139006386,1632
17526,139008018,139006386,1632
17527,139062680,139062492,188
17528,139062680,139062492,188
17529,139224048,139222059,1989
17530,139422884,139422654,230
17531,139422884,139422654,230
17532,139422884,139422654,230
17533,139422884,139422654,230
17534,139422884,139422654,230
17535,139499001,139494735,4266
17536,139508391,139508223,168
17537,139623374,139622996,378
17538,139682689,139682658,31
17539,139726188,139725913,275
17540,139752463,139752383,80
17541,139754722,139752383,2339
17542,139754722,139752383,2339
17543,139754722,139752383,2339
17544,139754722,139752383,2339
17545,139852062,139851925,137
17546,139852062,139851925,137
17547,139852062,139851897,165
17548,139903825,139903824,1
17549,139919441,139919003,438
17550,139929163,139928822,341
17551,139903825,139903824,1
17552,139906028,139906026,2
17553,139903825,139903824,1
17554,139929163,139928822,341
17555,139919441,139919003,438
17556,139919441,139919003,438
17557,139929163,139928822,341
17558,139929163,139928847,316
17559,139937041,139931734,5307
17560,139937041,139937037,4
17561,139937678,139937073,605
17562,139937678,139931734,5944
17563,139942492,139941249,1243
17564,139943960,139941249,2711
17565,139944189,139943830,359
17566,139944189,139941249,2940
17567,139944189,139943830,359
17568,139944189,139943830,359
17569,139944189,139943830,359
17570,139941286,139941249,37
17571,139944189,139943830,359
17572,139948683,139947729,954
17573,139948683,139947729,954
17574,139947729,139947729,0
17575,140013035,140012656,379
17576,140013286,140012656,630
17577,140013286,140012656,630
17578,140013286,140012656,630
17579,140012573,140012175,398
17580,140022012,140021408,604
17581,140024989,140024683,306
17582,140024989,140024683,306
17583,140024989,140024683,306
17584,140024989,140024683,306
17585,140024989,140024683,306
17586,140027370,140027168,202
17587,140027370,140027168,202
17588,140037256,140037255,1
17589,140042065,140041914,151
17590,140039640,140039435,205
17591,140050553,140049239,1314
17592,140049519,140049088,431
17593,140053171,140053127,44
17594,140064923,140062777,2146
17595,140071312,140070889,423
17596,140071312,140070889,423
17597,140071312,140070889,423
17598,140071312,140070889,423
17599,140071312,140070889,423
17600,140071312,140070889,423
17601,140071312,140070889,423
17602,140075931,140075508,423
17603,140078890,140078137,753
17604,140078890,140078137,753
17605,140078890,140078137,753
17606,140078890,140078137,753
17607,140078890,140078137,753
17608,140086239,140085341,898
17609,140168445,140168299,146
17610,140391929,140389522,2407
17611,140391929,140389522,2407
17612,140177062,140177024,38
17613,140185204,140184683,521
17614,140391929,140389522,2407
17615,140183257,140183257,0
17616,140391929,140389522,2407
17617,140189169,140189169,0
17618,140391929,140389821,2108
17619,140391929,140389522,2407
17620,140203811,140203811,0
17621,140391929,140389522,2407
17622,140391929,140389821,2108
17623,140210088,140210088,0
17624,140391929,140389522,2407
17625,140391929,140389522,2407
17626,140216338,140216338,0
17627,140391929,140389522,2407
17628,140223351,140223351,0
17629,140391929,140389522,2407
17630,140233744,140230609,3135
17631,140391929,140389522,2407
17632,140238168,140238168,0
17633,140391929,140389522,2407
17634,140391929,140389522,2407
17635,140243224,140242975,249
17636,140251121,140251121,0
17637,140391929,140389522,2407
17638,140257436,140257436,0
17639,140391929,140389522,2407
17640,140264280,140264277,3
17641,140391929,140389522,2407
17642,140391929,140389821,2108
17643,140309385,140308934,451
17644,140391929,140389522,2407
17645,140391929,140389522,2407
17646,140349006,140349006,0
17647,140433512,140433512,0
17648,140476964,140476771,193
17649,140476848,140476771,77
17650,140483406,140482624,782
17651,140505201,140503968,1233
17652,140517704,140517404,300
17653,140532868,140532223,645
17654,140537990,140537340,650
17655,140555957,140554798,1159
17656,140560081,140560021,60
17657,140565796,140564465,1331
17658,140571111,140569285,1826
17659,140575213,140574528,685
17660,140582618,140581741,877
17661,140591131,140590867,264
17662,140591698,140590867,831
17663,140596993,140596092,901
17664,140605860,140605474,386
17665,140617101,140616490,611
17666,140624312,140620221,4091
17667,140627801,140627510,291
17668,140683612,140683432,180
17669,140700351,140699611,740
17670,140712723,140712723,0
17671,140892548,140890740,1808
17672,140721010,140721010,0
17673,140892548,140890740,1808
17674,140726090,140726090,0
17675,140892548,140890740,1808
17676,140732260,140732260,0
17677,140892548,140890740,1808
17678,140737296,140737230,66
17679,140892548,140890740,1808
17680,140742138,140742138,0
17681,140892548,140890740,1808
17682,140746339,140746339,0
17683,140892548,140890740,1808
17684,140752406,140752406,0
17685,140892548,140890740,1808
17686,140756107,140756107,0
17687,140892548,140890740,1808
17688,140765187,140764920,267
17689,140892548,140890740,1808
17690,140774970,140774843,127
17691,140892548,140890740,1808
17692,140892548,140890740,1808
17693,140780151,140780151,0
17694,140892548,140890740,1808
17695,140785006,140785006,0
17696,140892548,140890740,1808
17697,140790232,140790232,0
17698,140892548,140890740,1808
17699,140795295,140795295,0
17700,140892548,140890740,1808
17701,140799996,140799853,143
17702,140892548,140890740,1808
17703,140803653,140803308,345
17704,140892548,140890740,1808
17705,140892548,140890740,1808
17706,140807825,140807825,0
17707,140812789,140812789,0
17708,140892548,140890740,1808
17709,140858362,140858275,87
17710,140892548,140890740,1808
17711,140892548,140890740,1808
17712,140867356,140867356,0
17713,140892548,140890740,1808
17714,140871444,140871444,0
17715,140892548,140890740,1808
17716,140906028,140905983,45
17717,140998622,140998481,141
17718,140998622,140998481,141
17719,140998622,140998481,141
17720,140998622,140998481,141
17721,140953775,140953733,42
17722,141014729,141014487,242
17723,141016423,141016357,66
17724,141016423,141016357,66
17725,141020631,141020011,620
17726,141020631,141020011,620
17727,141027087,141025851,1236
17728,141030986,141030935,51
17729,141046311,141039465,6846
17730,141052727,141052658,69
17731,141061800,141060053,1747
17732,141061800,141059819,1981
17733,141060409,141060053,356
17734,141257944,141257827,117
17735,141249154,141248970,184
17736,141257944,141257827,117
17737,141321612,141318324,3288
17738,141321612,141318324,3288
17739,141338627,141337416,1211
17740,141369856,141367355,2501
17741,141369856,141367355,2501
17742,141369856,141367355,2501
17743,141369856,141367355,2501
17744,141369856,141367355,2501
17745,141369856,141367355,2501
17746,141369856,141367355,2501
17747,141369856,141367355,2501
17748,141392359,141391600,759
17749,141392538,141391600,938
17750,141392620,141391600,1020
17751,141392620,141391600,1020
17752,141533996,141532826,1170
17753,141534008,141524239,9769
17754,141704620,141699330,5290
17755,141704620,141694673,9947
17756,141694673,141694673,0
17757,141993726,141993692,34
17758,142000920,141993692,7228
17759,142000920,141993692,7228
17760,142023866,141993692,30174
17761,142065268,141993692,71576
17762,142065268,141993692,71576
17763,142065268,141993692,71576
17764,142066060,141993692,72368
17765,142066060,141993692,72368
17766,142066060,141993692,72368
17767,142077635,141993692,83943
17768,142077635,141993692,83943
17769,142077635,141993692,83943
17770,142077635,141993692,83943
17771,142077635,141993692,83943
17772,142608572,142602011,6561
17773,142608572,142602011,6561
17774,142608572,142602011,6561
17775,142783254,142780404,2850
17776,142783254,142779399,3855
17777,142783254,142780404,2850
17778,142784045,142780404,3641
17779,142784045,142693726,90319
17780,142815077,142780404,34673
17781,142815077,142780404,34673
17782,142815077,142780404,34673
17783,142815077,142780404,34673
17784,142780417,142780404,13
17785,142780417,142780404,13
17786,142783254,142780404,2850
17787,142782302,142780404,1898
17788,142783612,142780404,3208
17789,143200284,143200133,151
17790,143550278,143549519,759
17791,143550278,143549519,759
17792,143550278,143545116,5162
17793,143856944,143853677,3267
17794,143856944,143853677,3267
17795,145214899,145214814,85
17796,145214899,145202685,12214
17797,145214899,145214814,85
17798,145214899,145214814,85
17799,145252531,145252531,0
17800,145442879,145442264,615
17801,145461336,145442264,19072
17802,145439787,145439787,0
17803,145442879,145442264,615
17804,145442297,145442264,33
17805,145442879,145442264,615
17806,145483946,145483874,72
17807,145512189,145509682,2507
17808,145562294,145562056,238
17809,145562294,145562056,238
17810,145562294,145552300,9994
17811,145562294,145562056,238
17812,145649147,145649147,0
17813,145668784,145665593,3191
17814,145720083,145720007,76
17815,145859779,145859661,118
17816,145891069,145890205,864
17817,145891069,145890205,864
17818,145895676,145895676,0
17819,146258348,146236098,22250
17820,146258348,146257634,714
17821,146258348,146258347,1
17822,146258490,146257634,856
17823,146435700,146435306,394
17824,146435700,146435301,399
17825,146461033,146236098,224935
17826,146461033,146414741,46292
17827,146461083,146460671,412
17828,146461083,146460829,254
17829,146728392,146728286,106
17830,146755479,146754826,653
17831,146763768,146763546,222
17832,146764241,146763999,242
17833,146833260,146833150,110
17834,146889619,146889421,198
17835,147041572,147040078,1494
17836,147162411,147051369,111042
17837,147162411,147162021,390
17838,147162411,147051369,111042
17839,147162411,147051369,111042
17840,147211260,147211140,120
17841,147261756,147261613,143
17842,147286101,147286064,37
17843,147286101,147286064,37
17844,147286101,147286064,37
17845,147498621,147498621,0
17846,147504400,147504400,0
17847,147504503,147504412,91
17848,147516925,147516554,371
17849,147516925,147516554,371
17850,147554961,147554961,0
17851,147554961,147554961,0
17852,147594700,147594513,187
17853,147594700,147594513,187
17854,147665773,147665611,162
17855,147695481,147695247,234
17856,147719412,147719275,137
17857,147822399,147821710,689
17858,147822399,147821710,689
17859,147822399,147821710,689
17860,148016624,148016577,47
17861,148016624,148016577,47
17862,148016624,148016577,47
17863,148016624,148016577,47
17864,148016624,148016577,47
17865,148033739,148016577,17162
17866,148016624,148016577,47
17867,148208197,148207636,561
17868,148411250,148408226,3024
17869,148442737,148407935,34802
17870,148442737,148442585,152
17871,148442737,148442585,152
17872,148442737,148407935,34802
17873,148442737,148424135,18602
17874,148442737,148442585,152
17875,148639999,148637967,2032
17876,148639999,148637967,2032
17877,148639999,148637967,2032
17878,148640001,148639138,863
17879,148639999,148637967,2032
17880,148639999,148637967,2032
17881,148639999,148637967,2032
17882,148640001,148639138,863
17883,148691938,148691881,57
17884,148721367,148719593,1774
17885,148721367,148719593,1774
17886,148721367,148719593,1774
17887,148734146,148730845,3301
17888,148734146,148730618,3528
17889,148749221,148748217,1004
17890,148749221,148748217,1004
17891,148749221,148748217,1004
17892,148749221,148748217,1004
17893,148749221,148748217,1004
17894,148758838,148758788,50
17895,148810296,148808784,1512
17896,148899951,148899951,0
17897,148929894,148904697,25197
17898,148931115,148930527,588
17899,148931115,148930527,588
17900,148931115,148930527,588
17901,148931115,148930527,588
17902,149014527,149011754,2773
17903,149227267,149225560,1707
17904,149234585,149227121,7464
17905,149234585,149227121,7464
17906,149234585,149227121,7464
17907,149227267,149225560,1707
17908,149234585,149227121,7464
17909,149324356,149324236,120
17910,149324356,149324236,120
17911,149366963,149361376,5587
17912,149380171,149375911,4260
17913,149380730,149375911,4819
17914,149375911,149375911,0
17915,149432706,149431755,951
17916,149460587,149459762,825
17917,149466185,149465990,195
17918,149492935,149465990,26945
17919,149466170,149465990,180
17920,149466170,149465990,180
17921,149535422,149516610,18812
17922,149535422,149514426,20996
17923,149516616,149516610,6
17924,149564121,149563243,878
17925,149590635,149589178,1457
17926,149669403,149669188,215
17927,149669403,149669188,215
17928,149669403,149669188,215
17929,149636208,149636162,46
17930,149682525,149681936,589
17931,149764195,149763318,877
17932,149779871,149778611,1260
17933,149779871,149778611,1260
17934,149779871,149778611,1260
17935,149779871,149778611,1260
17936,149779871,149778611,1260
17937,149767651,149767650,1
17938,149792499,149792312,187
17939,149792499,149792312,187
17940,149792499,149792312,187
17941,149829319,149827296,2023
17942,149829319,149827296,2023
17943,149829319,149827296,2023
17944,149937773,149932894,4879
17945,149937773,149932894,4879
17946,149919334,149919023,311
17947,150031903,150029895,2008
17948,150031903,150029895,2008
17949,150031903,150029895,2008
17950,150038792,150036649,2143
17951,150029895,150029895,0
17952,150058930,150056437,2493
17953,150058930,150056437,2493
17954,150074395,150073646,749
17955,150080669,150080547,122
17956,150138082,150136013,2069
17957,150138657,150138555,102
17958,150138657,150138555,102
17959,150138147,150136013,2134
17960,150176298,150175185,1113
17961,150175185,150175185,0
17962,150228231,150228231,0
17963,150284545,150282911,1634
17964,150284545,150282717,1828
17965,150284545,150278023,6522
17966,150326146,150323390,2756
17967,150323539,150323390,149
17968,150408554,150407691,863
17969,150415275,150415217,58
17970,150443308,150443285,23
17971,150443308,150443285,23
17972,150444688,150444656,32
17973,150444688,150444656,32
17974,150460649,150444656,15993
17975,150460649,150444656,15993
17976,150460649,150444656,15993
17977,150460649,150444656,15993
17978,150460649,150443285,17364
17979,150466747,150444656,22091
17980,150466747,150444656,22091
17981,150467221,150444656,22565
17982,150521216,150519726,1490
17983,150537443,150527462,9981
17984,150537443,150501815,35628
17985,150564776,150563950,826
17986,150585036,150563950,21086
17987,150603654,150603531,123
17988,150603654,150565637,38017
17989,150649953,150647012,2941
17990,150649953,150647201,2752
17991,150646816,150646486,330
17992,150677825,150675880,1945
17993,150683334,150682915,419
17994,150683334,150682915,419
17995,150727151,150727021,130
17996,150727151,150715039,12112
17997,150727151,150727021,130
17998,150727151,150727021,130
17999,150859050,150859049,1
18000,150859320,150859058,262
18001,150871940,150867815,4125
18002,150911531,150908843,2688
18003,150948505,150948492,13
18004,150948505,150948492,13
18005,151054235,151047114,7121
18006,151066615,151055749,10866
18007,151138210,151138112,98
18008,151151069,151150267,802
18009,151171311,151170650,661
18010,151184915,151183652,1263
18011,151184915,151183652,1263
18012,151184915,151183652,1263
18013,151184915,151183652,1263
18014,151184915,151183652,1263
18015,151304397,151304110,287
18016,151304397,151304110,287
18017,151304397,151266284,38113
18018,151784840,151784674,166
18019,153085732,153085700,32
18020,153193429,153190785,2644
18021,153193429,153190785,2644
18022,153193429,153190785,2644
18023,153193429,153190785,2644
18024,153193429,153190785,2644
18025,153193429,153190785,2644
18026,153193429,153190785,2644
18027,153418426,153414513,3913
18028,153418497,153414513,3984
18029,153418497,153414513,3984
18030,153418497,153407786,10711
18031,153418497,153414513,3984
18032,153437014,153433273,3741
18033,153437014,153433273,3741
18034,153437014,153433273,3741
18035,153433273,153433273,0
18036,153769141,153766035,3106
18037,153800543,153796532,4011
18038,153800543,153796532,4011
18039,153840613,153835588,5025
18040,153840613,153835588,5025
18041,153840613,153835588,5025
18042,153857824,153857568,256
18043,154197167,154193656,3511
18044,154197167,154193656,3511
18045,154183305,154183305,0
18046,154183305,154183305,0
18047,154230213,154217738,12475
18048,154230213,154214473,15740
18049,154256352,154254999,1353
18050,154256352,154254999,1353
18051,154256352,154254999,1353
18052,154256352,154254999,1353
18053,154256352,154254999,1353
18054,154256352,154254999,1353
18055,154256352,154254999,1353
18056,154256352,154254999,1353
18057,154256352,154254999,1353
18058,154256352,154254999,1353
18059,154317776,154317693,83
18060,154317776,154317693,83
18061,154348971,154346457,2514
18062,154348971,154346457,2514
18063,154397685,154397124,561
18064,156022061,156022060,1
18065,156185070,156184787,283
18066,156194798,156186401,8397
18067,156194798,156186401,8397
18068,156279539,156278191,1348
18069,156362660,156349227,13433
18070,156390266,156390209,57
18071,156390266,156390209,57
18072,156479665,156479537,128
18073,156485487,156484954,533
18074,156485487,156484954,533
18075,156485970,156484954,1016
18076,156479665,156479537,128
18077,156485970,156484954,1016
18078,156536248,156535994,254
18079,156536248,156535994,254
18080,156569786,156566442,3344
18081,156569921,156566442,3479
18082,156566442,156566442,0
18083,156593279,156593179,100
18084,156682109,156679688,2421
18085,156822606,156820008,2598
18086,156822606,156820008,2598
18087,156822606,156820008,2598
18088,156822606,156820008,2598
18089,156822606,156820008,2598
18090,156822606,156820008,2598
18091,156822606,156820008,2598
18092,156772729,156770544,2185
18093,156770544,156770544,0
18094,157002831,156936412,66419
18095,156901730,156899968,1762
18096,156901730,156899968,1762
18097,156895828,156894080,1748
18098,156929988,156929915,73
18099,157002831,157002704,127
18100,157002749,156991424,11325
18101,157079428,157079086,342
18102,157079428,157079086,342
18103,157098488,157094857,3631
18104,157107162,157107007,155
18105,157166772,157166490,282
18106,157166772,157166490,282
18107,157183746,157182272,1474
18108,157217569,157216512,1057
18109,157223153,157218812,4341
18110,157286183,157244542,41641
18111,157286183,157285978,205
18112,157286183,157285978,205
18113,158523614,158522639,975
18114,158526788,158526486,302
18115,158526788,158526444,344
18116,158526788,158526444,344
18117,158634656,158634485,171
18118,158634834,158634807,27
18119,158635140,158634904,236
18120,158636563,158630625,5938
18121,158637061,158636911,150
18122,158635081,158634904,177
18123,158713048,158711939,1109
18124,158757481,158753790,3691
18125,159400017,159399499,518
18126,159492550,159492072,478
18127,159546452,159546395,57
18128,159546452,159546395,57
18129,159546452,159546395,57
18130,159665729,159665666,63
18131,159665729,159665666,63
18132,159665729,159665666,63
18133,159739573,159738930,643
18134,159739573,159738930,643
18135,159739573,159738930,643
18136,159797648,159797644,4
18137,159827060,159822497,4563
18138,159827060,159822497,4563
18139,159822497,159822497,0
18140,159846168,159842301,3867
18141,159844227,159842301,1926
18142,159845673,159842301,3372
18143,159855746,159855688,58
18144,159855746,159855688,58
18145,160047957,160047720,237
18146,160279219,160115081,164138
18147,160061613,160061415,198
18148,160112267,160112227,40
18149,160279219,160115081,164138
18150,160279219,160212677,66542
18151,160973801,160838038,135763
18152,160975125,160973649,1476
18153,160975130,160973649,1481
18154,160975130,160973649,1481
18155,160973801,160972280,1521
18156,160973801,160973649,152
18157,161129598,161128779,819
18158,161129598,161128779,819
18159,161326965,161324428,2537
18160,161326965,161324428,2537
18161,161326965,161324428,2537
18162,161326965,161324428,2537
18163,161326965,161324428,2537
18164,161582545,161580374,2171
18165,161582545,161580374,2171
18166,161582545,161580374,2171
18167,161582545,161580374,2171
18168,162870931,162869571,1360
18169,162872022,162869571,2451
18170,162872022,162869571,2451
18171,162887143,162887056,87
18172,162918953,162918170,783
18173,162918953,162918170,783
18174,162918953,162918170,783
18175,162918953,162918170,783
18176,162946359,162945369,990
18177,162946333,162943777,2556
18178,162946359,162945369,990
18179,162946359,162945369,990
18180,167420187,167420186,1
18181,167691162,167689815,1347
18182,167545491,167545490,1
18183,167691162,167689815,1347
18184,167691162,167689815,1347
18185,167691162,167689815,1347
18186,167899308,167896022,3286
18187,167899308,167896022,3286
18188,167899308,167896022,3286
18189,167899308,167896022,3286
18190,167894969,167894967,2
18191,167946309,167946195,114
18192,167946309,167946195,114
18193,167957639,167957514,125
18194,168006614,168006288,326
18195,168728133,168727713,420
18196,168728133,168727713,420
18197,168271856,168250284,21572
18198,168728133,168727713,420
18199,169029025,169028828,197
18200,169031781,169031211,570
18201,169031781,169031211,570
18202,169031781,169031211,570
18203,169510386,169509862,524
18204,169141461,169141461,0
18205,169510386,169509862,524
18206,169407744,169310902,96842
18207,169510386,169509862,524
18208,169536729,169535615,1114
18209,169536729,169535615,1114
18210,169673235,169673117,118
18211,169694264,169694085,179
18212,169724822,169724615,207
18213,169724822,169697732,27090
18214,169695486,169695430,56
18215,170163636,170162810,826
18216,169816681,169812451,4230
18217,169816681,169812451,4230
18218,170163636,170162810,826
18219,170163636,170162810,826
18220,170163636,170162810,826
18221,170163636,170162810,826
18222,170241050,170239262,1788
18223,170241050,170238997,2053
18224,170338342,170336802,1540
18225,170338413,170338176,237
18226,170727019,170725862,1157
18227,170727019,170725862,1157
18228,170634907,170632779,2128
18229,170670068,170669880,188
18230,170735759,170735634,125
18231,170739138,170738603,535
18232,170833731,170833409,322
18233,170837888,170837569,319
18234,170837888,170837569,319
18235,170884630,170883809,821
18236,171423991,171341397,82594
18237,171433877,171433506,371
18238,171433877,171433506,371
18239,171433877,171433506,371
18240,171615346,171615046,300
18241,171630458,171630349,109
18242,171710795,171710669,126
18243,171881527,171881356,171
18244,171881527,171881356,171
18245,172118533,172113928,4605
18246,172118533,172113928,4605
18247,172118533,172113928,4605
18248,172197634,172197340,294
18249,172198203,172197955,248
18250,172198198,172197955,243
18251,172379688,172377819,1869
18252,172299820,172294661,5159
18253,172379688,172377819,1869
18254,172345336,172342081,3255
18255,172379688,172377819,1869
18256,172385778,172385404,374
18257,172396774,172396544,230
18258,172461900,172447334,14566
18259,172519333,172518436,897
18260,172519333,172518436,897
18261,172566291,172560748,5543
18262,172561050,172560748,302
18263,172591390,172590924,466
18264,172591390,172590924,466
18265,172591390,172590924,466
18266,172591390,172590924,466
18267,172591390,172590924,466
18268,172662315,172662086,229
18269,172662315,172662086,229
18270,172662315,172662086,229
18271,172754724,172752909,1815
18272,172756506,172755196,1310
18273,173043666,173043439,227
18274,173043666,173043439,227
18275,173383823,173380308,3515
18276,173387313,173383140,4173
18277,173387313,173383140,4173
18278,173387313,173383140,4173
18279,173387313,173383140,4173
18280,173383823,173380308,3515
18281,173433143,173428218,4925
18282,173536182,173534508,1674
18283,173536182,173534761,1421
18284,174157902,174156586,1316
18285,174871163,174870102,1061
18286,174870102,174870102,0
18287,174955621,174953737,1884
18288,174951106,174949465,1641
18289,175113245,175112529,716
18290,175111558,175111316,242
18291,175311023,175307048,3975
18292,175311023,175307048,3975
18293,175395318,175395211,107
18294,175395318,175395292,26
18295,175543018,175541052,1966
18296,175541801,175541052,749
18297,175536578,175536193,385
18298,175543018,175541052,1966
18299,175731480,175731421,59
18300,175772990,175772448,542
18301,175772990,175772448,542
18302,175717708,175717706,2
18303,175772990,175772448,542
18304,175788809,175786511,2298
18305,175788809,175782723,6086
18306,175788809,175786511,2298
18307,175788809,175775011,13798
18308,175796963,175796255,708
18309,175800503,175798898,1605
18310,175815763,175815540,223
18311,175815763,175815540,223
18312,175815763,175815540,223
18313,175815763,175815540,223
18314,175816751,175816498,253
18315,175843570,175843364,206
18316,175843570,175843364,206
18317,175937075,175933951,3124
18318,175964421,175959473,4948
18319,175965026,175959025,6001
18320,175956809,175956726,83
18321,176022769,176022673,96
18322,176022769,176022673,96
18323,176022769,176022673,96
18324,176037131,176026835,10296
18325,176026835,176026835,0
18326,176057557,176056655,902
18327,176057557,176056655,902
18328,176057557,176056655,902
18329,176057557,176056655,902
18330,176057557,176056655,902
18331,176057557,176056655,902
18332,176057049,176056655,394
18333,176073642,176072981,661
18334,176086055,176083961,2094
18335,176086059,176084699,1360
18336,176086059,176084699,1360
18337,176086059,176084533,1526
18338,176298002,176297555,447
18339,176307899,176306887,1012
18340,176301567,176301566,1
18341,176316565,176314719,1846
18342,176326333,176323160,3173
18343,176433443,176409616,23827
18344,176433780,176409616,24164
18345,176433795,176409616,24179
18346,176433795,176396691,37104
18347,176396707,176396691,16
18348,176433780,176409616,24164
18349,176433443,176409616,23827
18350,176493745,176491600,2145
18351,176493745,176491600,2145
18352,176493745,176491600,2145
18353,176508190,176491600,16590
18354,176508190,176491600,16590
18355,176525126,176524677,449
18356,176525126,176524677,449
18357,176525126,176524677,449
18358,176518105,176517834,271
18359,176520332,176520069,263
18360,176525126,176524677,449
18361,176631293,176631293,0
18362,176727214,176722460,4754
18363,176563332,176563091,241
18364,176727214,176722460,4754
18365,176707835,176707835,0
18366,176727214,176722460,4754
18367,176727214,176722460,4754
18368,176730744,176730289,455
18369,176730744,176730289,455
18370,176733960,176733571,389
18371,176733960,176733571,389
18372,176735063,176734689,374
18373,176739292,176738831,461
18374,176739292,176738831,461
18375,176739292,176738831,461
18376,176778885,176778648,237
18377,176799599,176799076,523
18378,176799599,176799076,523
18379,176796076,176795933,143
18380,176799599,176799076,523
18381,176817514,176816726,788
18382,176825849,176825287,562
18383,176827637,176827577,60
18384,176836577,176836528,49
18385,176868354,176868251,103
18386,176869850,176868791,1059
18387,176869850,176868828,1022
18388,176868054,176868054,0
18389,176883287,176883122,165
18390,176883287,176883122,165
18391,176883287,176883122,165
18392,176889390,176887671,1719
18393,176899871,176899211,660
18394,176900694,176900522,172
18395,176900694,176894808,5886
18396,176895900,176895174,726
18397,176918942,176917087,1855
18398,176924602,176923513,1089
18399,176924602,176923513,1089
18400,176924602,176918101,6501
18401,176924602,176923513,1089
18402,176924602,176923513,1089
18403,176935878,176935267,611
18404,176937427,176936541,886
18405,176937427,176936541,886
18406,176936858,176936853,5
18407,176943917,176942970,947
18408,176943967,176943946,21
18409,176943967,176942970,997
18410,176943967,176942054,1913
18411,176952488,176951993,495
18412,176959642,176958435,1207
18413,176963487,176958435,5052
18414,176966148,176958435,7713
18415,176981548,176981459,89
18416,177023099,177022417,682
18417,177037346,177036696,650
18418,177037346,177036696,650
18419,177099278,177099150,128
18420,177209832,177175644,34188
18421,177210399,177175644,34755
18422,177207505,177175644,31861
18423,177311269,177310831,438
18424,177377733,177377320,413
18425,177423243,177422934,309
18426,177476088,177474122,1966
18427,177474656,177474122,534
18428,177553107,177549002,4105
18429,177552586,177549002,3584
18430,177575479,177575033,446
18431,177575479,177575033,446
18432,177575479,177575033,446
18433,177575479,177575033,446
18434,177575479,177575033,446
18435,177580961,177580818,143
18436,177580961,177580818,143
18437,177614433,177614300,133
18438,177638184,177637624,560
18439,177638184,177637624,560
18440,177638184,177637624,560
18441,177653080,177649457,3623
18442,177659792,177658460,1332
18443,177659803,177659551,252
18444,177659803,177649457,10346
18445,177652011,177651640,371
18446,177697364,177697348,16
18447,178017556,177689220,328336
18448,178017556,178017198,358
18449,178054054,178050417,3637
18450,178054054,178046891,7163
18451,178054054,178043884,10170
18452,178054054,178043884,10170
18453,178054054,178050417,3637
18454,178054054,178043884,10170
18455,178054054,178050417,3637
18456,178054054,178050417,3637
18457,178057616,178050417,7199
18458,178054054,178050417,3637
18459,178157703,178156023,1680
18460,178311424,178311292,132
18461,178311424,178311292,132
18462,178360210,178359700,510
18463,178360210,178359700,510
18464,178360210,178359700,510
18465,178359700,178359700,0
18466,178383921,178383907,14
18467,178393218,178392974,244
18468,178393218,178392974,244
18469,178393218,178392974,244
18470,178411069,178410555,514
18471,178422124,178421945,179
18472,178416406,178416038,368
18473,178416406,178416273,133
18474,178461388,178460641,747
18475,178507691,178507098,593
18476,178772431,178772329,102
18477,178772431,178772329,102
18478,178950924,178949957,967
18479,178952173,178952021,152
18480,179037027,179036520,507
18481,179037027,179036520,507
18482,179037027,179036520,507
18483,179037027,179036520,507
18484,179044933,179044910,23
18485,179050165,179050134,31
18486,179050711,179050134,577
18487,179050711,179048013,2698
18488,179050722,179050134,588
18489,179051670,179050134,1536
18490,179072047,179072021,26
18491,179072047,179072021,26
18492,179080234,179079294,940
18493,179107975,179107919,56
18494,179158639,179155645,2994
18495,179147561,179147561,0
18496,179158639,179155645,2994
18497,179158639,179155645,2994
18498,179158639,179155645,2994
18499,179204287,179201878,2409
18500,179223512,179218871,4641
18501,179223513,179223395,118
18502,179228467,179228456,11
18503,179228969,179228456,513
18504,179229875,179229111,764
18505,179233952,179233583,369
18506,179265077,179263593,1484
18507,179265077,179263593,1484
18508,179265077,179263593,1484
18509,179265077,179263593,1484
18510,179285840,179280414,5426
18511,179285840,179285796,44
18512,179285840,179285796,44
18513,179285840,179285796,44
18514,179285840,179285796,44
18515,179285840,179268953,16887
18516,179288282,179287780,502
18517,179293872,179293024,848
18518,179298805,179298473,332
18519,179299274,179298473,801
18520,179334856,179334821,35
18521,179334856,179334821,35
18522,179334856,179334821,35
18523,179298861,179298473,388
18524,179297495,179297453,42
18525,179499109,179498702,407
18526,179499109,179498702,407
18527,179563776,179555595,8181
18528,179565349,179565052,297
18529,179636130,179565052,71078
18530,179719071,179707561,11510
18531,179719071,179707561,11510
18532,179719071,179707561,11510
18533,179719071,179707561,11510
18534,179707608,179706839,769
18535,179707608,179707561,47
18536,179707608,179707561,47
18537,179707608,179707561,47
18538,179719071,179707561,11510
18539,179780315,179780217,98
18540,180005353,180001200,4153
18541,180005353,180001200,4153
18542,180005353,180001200,4153
18543,180018487,180018462,25
18544,180076624,180076545,79
18545,180076624,180076545,79
18546,180056427,180052888,3539
18547,180076624,180076545,79
18548,180076624,180076545,79
18549,180076624,180076545,79
18550,180167058,180167058,0
18551,180230048,180219971,10077
18552,180230902,180219971,10931
18553,180230902,180219971,10931
18554,180236817,180219971,16846
18555,180237137,180219971,17166
18556,180242541,180219971,22570
18557,180219971,180219971,0
18558,180288286,180278395,9891
18559,180288286,180288219,67
18560,180288286,180278395,9891
18561,180278395,180278395,0
18562,180377906,180377544,362
18563,180377906,180376955,951
18564,180377906,180376955,951
18565,180377906,180377544,362
18566,180377906,180377544,362
18567,180377906,180377544,362
18568,180433727,180432872,855
18569,180433727,180432872,855
18570,180481259,180480563,696
18571,180488523,180486862,1661
18572,180552304,180552304,0
18573,180582890,180582890,0
18574,180627930,180627153,777
18575,180631340,180627075,4265
18576,180631340,180627075,4265
18577,180631340,180627075,4265
18578,180632177,180632110,67
18579,180632177,180632110,67
18580,180657685,180651891,5794
18581,180662803,180657866,4937
18582,180662808,180662379,429
18583,180662808,180661775,1033
18584,180660524,180660006,518
18585,180662808,180661775,1033
18586,180670906,180670800,106
18587,180670906,180669312,1594
18588,180670906,180670800,106
18589,180670904,180669331,1573
18590,180670906,180670800,106
18591,180688119,180687814,305
18592,180752412,180752220,192
18593,180753553,180752220,1333
18594,180755196,180752220,2976
18595,180755054,180754828,226
18596,180795226,180795226,0
18597,350227,348951,1276
18598,351355,350868,487
18599,351353,348951,2402
18600,402637,401815,822
18601,411443,407598,3845
18602,411443,407598,3845
18603,402637,401815,822
18604,693141,637818,55323
18605,693141,637818,55323
18606,693141,576859,116282
18607,656964,656944,20
18608,1314993,1314151,842
18609,1395832,1395094,738
18610,1614129,1612342,1787
18611,2176225,2176177,48
18612,2245868,2245656,212
18613,2635298,2624056,11242
18614,2624056,2624056,0
18615,2679701,2679545,156
18616,2751154,2749528,1626
18617,2785979,2785516,463
18618,2785979,2785516,463
18619,2842283,2836455,5828
18620,2842283,2840820,1463
18621,2892367,2892198,169
18622,2903546,2900845,2701
18623,2900910,2900845,65
18624,2961561,2959566,1995
18625,2962404,2959566,2838
18626,2971282,2971038,244
18627,2971543,2971382,161
18628,2972399,2969014,3385
18629,2972399,2959566,12833
18630,2972399,2959566,12833
18631,3015940,3015384,556
18632,2991405,2989941,1464
18633,3019994,3019889,105
18634,3019994,3019889,105
18635,3115421,3113573,1848
18636,3115421,3113573,1848
18637,3115421,3113573,1848
18638,3115421,3113573,1848
18639,3153432,3152809,623
18640,3153432,3152809,623
18641,3156482,3156422,60
18642,3157783,3157697,86
18643,3227968,3227777,191
18644,3264097,3264058,39
18645,3268300,3267946,354
18646,3268300,3267946,354
18647,3445218,3410491,34727
18648,3445218,3410491,34727
18649,3456793,3456793,0
18650,3456793,3456793,0
18651,3288902,3287549,1353
18652,3456793,3456793,0
18653,3752246,3751765,481
18654,3851551,3851023,528
18655,3851023,3851023,0
18656,4065217,4060850,4367
18657,4079457,4077648,1809
18658,4087578,4073711,13867
18659,4130999,4130416,583
18660,4126353,4125217,1136
18661,4135702,4133905,1797
18662,4135831,4128050,7781
18663,4135831,4135794,37
18664,4135831,4133905,1926
18665,4135831,4130647,5184
18666,4955778,4954290,1488
18667,4955778,4954290,1488
18668,4955778,4954290,1488
18669,4955778,4954290,1488
18670,4955778,4954290,1488
18671,5004271,5004236,35
18672,5004271,5004236,35
18673,5043173,5042953,220
18674,5087455,5086796,659
18675,5261172,5260966,206
18676,5261172,5260966,206
18677,5261172,5260966,206
18678,5771816,5771662,154
18679,5771816,5771662,154
18680,6007633,6006982,651
18681,6320924,6318897,2027
18682,6320924,6318897,2027
18683,6655216,6654860,356
18684,7252213,7249201,3012
18685,7211942,7211940,2
18686,7252213,7249201,3012
18687,7252213,7249201,3012
18688,7252213,7249201,3012
18689,7219324,7211946,7378
18690,7252213,7249201,3012
18691,7252213,7248791,3422
18692,7313541,7313353,188
18693,7389942,7387406,2536
18694,7389942,7379128,10814
18695,7389942,7374316,15626
18696,7389942,7387406,2536
18697,7403130,7403128,2
18698,7418270,7417674,596
18699,7418270,7417674,596
18700,7586946,7586111,835
18701,7586946,7586111,835
18702,7586946,7586111,835
18703,7612200,7609106,3094
18704,7609031,7606438,2593
18705,7881961,7880576,1385
18706,7910310,7904895,5415
18707,7911047,7911009,38
18708,8064647,8041446,23201
18709,7911047,7904895,6152
18710,7990577,7988308,2269
18711,8064647,8054505,10142
18712,8064647,8064609,38
18713,8064647,8064609,38
18714,8102828,8102754,74
18715,8102828,8102754,74
18716,8435794,8434620,1174
18717,8435794,8434620,1174
18718,8435794,8434620,1174
18719,8435794,8430297,5497
18720,8435794,8434620,1174
18721,8654080,8653814,266
18722,9933541,9933478,63
18723,9939582,9939533,49
18724,9939582,9939533,49
18725,10060999,9939533,121466
18726,9939582,9939533,49
18727,9939582,9939533,49
18728,9977832,9977801,31
18729,10412607,10411829,778
18730,10415470,10415218,252
18731,10415470,10415218,252
18732,10419797,10419683,114
18733,10415470,10415218,252
18734,10419797,10419683,114
18735,10629601,10626840,2761
18736,10629601,10626840,2761
18737,10629601,10626840,2761
18738,10629601,10626840,2761
18739,10629601,10626840,2761
18740,10694839,10687783,7056
18741,10709970,10709685,285
18742,10729556,10729075,481
18743,10731362,10730899,463
18744,10731362,10730899,463
18745,10757214,10756751,463
18746,10757214,10756751,463
18747,10838788,10830881,7907
18748,10838788,10830881,7907
18749,10838788,10830881,7907
18750,10882098,10882026,72
18751,10974541,10964039,10502
18752,10930747,10930634,113
18753,10974541,10964039,10502
18754,11044624,11044463,161
18755,11138969,11134835,4134
18756,11112071,11105543,6528
18757,11105543,11105543,0
18758,11232915,11232748,167
18759,11232915,11232748,167
18760,11382581,11306236,76345
18761,11382581,11200524,182057
18762,11232915,11232748,167
18763,11583757,11575794,7963
18764,11779280,11778992,288
18765,11779280,11778992,288
18766,12165232,12164694,538
18767,12293113,12292746,367
18768,12296773,12294641,2132
18769,12297427,12296300,1127
18770,12297427,12296300,1127
18771,13253337,13253281,56
18772,13288075,13287310,765
18773,13288075,13287310,765
18774,13276355,13273155,3200
18775,12935069,12934124,945
18776,13328787,13327130,1657
18777,13295818,13295543,275
18778,13328787,13327130,1657
18779,13328787,13327130,1657
18780,13328787,13327130,1657
18781,13328787,13327130,1657
18782,13328787,13327130,1657
18783,13328787,13327130,1657
18784,13361194,13361162,32
18785,13408369,13365838,42531
18786,13486415,13365838,120577
18787,13487869,13487122,747
18788,13365838,13365838,0
18789,13487869,13487122,747
18790,13605970,13604750,1220
18791,13615390,13612097,3293
18792,13615390,13612097,3293
18793,13615390,13612097,3293
18794,13621127,13621059,68
18795,13697128,13644865,52263
18796,13711796,13711737,59
18797,13814792,13814661,131
18798,13980240,13978094,2146
18799,13980240,13978094,2146
18800,13980240,13978094,2146
18801,13980240,13978094,2146
18802,13980240,13978094,2146
18803,13978094,13978094,0
18804,14137148,14135467,1681
18805,14137148,14135467,1681
18806,14137148,14135467,1681
18807,15497401,15497400,1
18808,15522273,15520482,1791
18809,15522273,15520482,1791
18810,15509585,15509345,240
18811,15663289,15627685,35604
18812,15663289,15663100,189
18813,15663289,15663100,189
18814,15663289,15663100,189
18815,15663289,15660630,2659
18816,15663289,15663100,189
18817,16148478,16146982,1496
18818,16148478,16146982,1496
18819,16295780,16295417,363
18820,16761721,16328541,433180
18821,16761721,16328541,433180
18822,17131603,17131112,491
18823,17294099,17292350,1749
18824,17294099,17291098,3001
18825,17294099,17292350,1749
18826,17294099,17292350,1749
18827,17294099,17292363,1736
18828,17294099,17292363,1736
18829,17558023,17556673,1350
18830,17558023,17556673,1350
18831,17558023,17556673,1350
18832,17558023,17556673,1350
18833,17558023,17556673,1350
18834,17611950,17608570,3380
18835,17707065,17706618,447
18836,17707065,17706618,447
18837,17707065,17706618,447
18838,17779475,17773790,5685
18839,17987854,17987694,160
18840,17987854,17987694,160
18841,17987854,17987694,160
18842,17987854,17987694,160
18843,17837321,17837291,30
18844,17987854,17987694,160
18845,18122851,18122837,14
18846,18155374,18149358,6016
18847,18155374,18149358,6016
18848,18224084,18222223,1861
18849,18224084,18222223,1861
18850,18224084,18222223,1861
18851,18224084,18222498,1586
18852,18264799,18264218,581
18853,18264799,18264218,581
18854,18469105,18465298,3807
18855,19842431,19838859,3572
18856,20212695,20212465,230
18857,20212695,20144478,68217
18858,20483151,20483149,2
18859,20493945,20490661,3284
18860,20493945,20490661,3284
18861,20559903,20558780,1123
18862,20600028,20599613,415
18863,21232634,21231270,1364
18864,21232634,21231270,1364
18865,21232634,21231270,1364
18866,21232634,21231270,1364
18867,21598849,21596190,2659
18868,22147422,22147417,5
18869,22297308,22297211,97
18870,22297730,22297211,519
18871,22303082,22297211,5871
18872,22570750,22570560,190
18873,24147757,24146174,1583
18874,24205531,24205505,26
18875,24358280,24357978,302
18876,24383520,24357978,25542
18877,24358512,24358122,390
18878,24423705,24423284,421
18879,24425816,24423922,1894
18880,24425816,24423922,1894
18881,24425816,24423922,1894
18882,24489850,24489739,111
18883,24476506,24475404,1102
18884,24489850,24489739,111
18885,24489850,24489739,111
18886,24537435,24533940,3495
18887,24537435,24533940,3495
18888,24583455,24576601,6854
18889,24646249,24601331,44918
18890,24646249,24596766,49483
18891,24646383,24601331,45052
18892,24646383,24600874,45509
18893,24646383,24601331,45052
18894,24667115,24667090,25
18895,24667115,24667090,25
18896,24705295,24701843,3452
18897,24705295,24701843,3452
18898,24719403,24718896,507
18899,24786325,24786027,298
18900,24786325,24786027,298
18901,24786325,24786027,298
18902,24786325,24786027,298
18903,24911195,24876019,35176
18904,24936188,24936126,62
18905,24877583,24876019,1564
18906,24877583,24876019,1564
18907,25042398,25042154,244
18908,25138051,25115320,22731
18909,25138620,25115320,23300
18910,25138620,25115320,23300
18911,25452825,25452497,328
18912,25620758,25619811,947
18913,25620758,25619811,947
18914,25557078,25557078,0
18915,25702008,25701563,445
18916,25702008,25701563,445
18917,25726790,25726755,35
18918,25727573,25727520,53
18919,25781403,25779416,1987
18920,25781403,25779416,1987
18921,25777792,25777191,601
18922,25781403,25779416,1987
18923,25781403,25779331,2072
18924,25832287,25830785,1502
18925,25832287,25830785,1502
18926,25830835,25830779,56
18927,25874471,25868615,5856
18928,25874471,25868615,5856
18929,25868683,25868615,68
18930,25874471,25868615,5856
18931,25926107,25926024,83
18932,25926107,25926024,83
18933,25930946,25926024,4922
18934,25987557,25983915,3642
18935,25987557,25983915,3642
18936,26018040,26017960,80
18937,26021186,26021128,58
18938,26022278,26022218,60
18939,26027480,26027480,0
18940,26032288,26032288,0
18941,26033796,26033796,0
18942,26043885,26043885,0
18943,26046097,26046049,48
18944,26056699,26056656,43
18945,26095469,26094454,1015
18946,26095469,26094454,1015
18947,26095469,26094454,1015
18948,26095469,26094454,1015
18949,26095469,26094454,1015
18950,26095469,26094454,1015
18951,26095469,26094454,1015
18952,26095469,26094454,1015
18953,26095469,26094454,1015
18954,26095469,26094454,1015
18955,26104565,26104487,78
18956,26108364,26108321,43
18957,26124154,26124132,22
18958,26124132,26124132,0
18959,26124918,26124853,65
18960,26157343,26157278,65
18961,26158835,26158778,57
18962,26171576,26158778,12798
18963,26184458,26184404,54
18964,26189304,26189304,0
18965,26199521,26197478,2043
18966,26197478,26197478,0
18967,26199521,26199471,50
18968,26200216,26200167,49
18969,26205249,26205184,65
18970,26216872,26216871,1
18971,26217711,26217595,116
18972,26226589,26225793,796
18973,26225844,26225793,51
18974,26235216,26235161,55
18975,26241021,26240965,56
18976,26247205,26247205,0
18977,26250835,26250833,2
18978,26252303,26252259,44
18979,26271612,26271612,0
18980,26273640,26273584,56
18981,26285727,26285727,0
18982,26378540,26374595,3945
18983,26378548,26374595,3953
18984,26378548,26374595,3953
18985,26378548,26374595,3953
18986,26378540,26374595,3945
18987,26395100,26394557,543
18988,26391136,26390498,638
18989,26395100,26393195,1905
18990,26395100,26393195,1905
18991,26395100,26393195,1905
18992,26395100,26392523,2577
18993,26395100,26393195,1905
18994,26394197,26391071,3126
18995,26415444,26412758,2686
18996,26415444,26412973,2471
18997,26415444,26413920,1524
18998,26415444,26413920,1524
18999,26431841,26431840,1
19000,26453643,26452639,1004
19001,26453643,26452639,1004
19002,26453643,26452639,1004
19003,26469866,26468777,1089
19004,26469866,26467969,1897
19005,26469866,26468777,1089
19006,26476849,26476360,489
19007,26510652,26509402,1250
19008,26527612,26522520,5092
19009,26547164,26545707,1457
19010,26545707,26545707,0
19011,26600277,26598873,1404
19012,26659980,26638781,21199
19013,26659980,26638781,21199
19014,26659980,26638781,21199
19015,26659980,26638781,21199
19016,26638781,26638781,0
19017,27100575,27100529,46
19018,27101314,27101243,71
19019,27114637,27114577,60
19020,27107457,27107399,58
19021,27114577,27114577,0
19022,27115341,27115294,47
19023,27224399,27223094,1305
19024,27224399,27223094,1305
19025,27220728,27220727,1
19026,27220728,27220727,1
19027,27280011,27279949,62
19028,27293741,27293018,723
19029,27343153,27327351,15802
19030,27369227,27369226,1
19031,27357613,27357242,371
19032,27369226,27369226,0
19033,27440884,27440073,811
19034,27440894,27440073,821
19035,27440897,27440073,824
19036,27730966,27730416,550
19037,27775709,27775684,25
19038,27778314,27778262,52
19039,27782518,27782518,0
19040,27783267,27783202,65
19041,27792258,27792214,44
19042,27799305,27799305,0
19043,27806117,27806117,0
19044,27819974,27819912,62
19045,27806888,27806820,68
19046,27833576,27833525,51
19047,27835359,27835307,52
19048,27840099,27840093,6
19049,27841289,27841288,1
19050,27858570,27858570,0
19051,27860963,27860927,36
19052,27861669,27861621,48
19053,27880174,27880097,77
19054,27925960,27925960,0
19055,28057340,28057248,92
19056,28057340,28057248,92
19057,28057340,28057248,92
19058,28105094,28104866,228
19059,28105094,28104866,228
19060,28095331,28094719,612
19061,28097856,28097728,128
19062,28127250,28121795,5455
19063,28127250,28121795,5455
19064,28127250,28121795,5455
19065,28127250,28121795,5455
19066,28186707,28186648,59
19067,28201264,28200956,308
19068,28201264,28200956,308
19069,28201264,28200956,308
19070,28220002,28219758,244
19071,28227011,28217570,9441
19072,28228736,28228358,378
19073,28245980,28244873,1107
19074,28245980,28244873,1107
19075,28245980,28244873,1107
19076,28245980,28244873,1107
19077,28245980,28244873,1107
19078,28245980,28244873,1107
19079,28245980,28244873,1107
19080,28270326,28270061,265
19081,28270326,28270061,265
19082,28303911,28297460,6451
19083,28303911,28295214,8697
19084,28304152,28295214,8938
19085,28304152,28297460,6692
19086,28304152,28297460,6692
19087,28304152,28295214,8938
19088,28321972,28297460,24512
19089,28324048,28297460,26588
19090,28336954,28334062,2892
19091,28336954,28334062,2892
19092,28336954,28334062,2892
19093,28367544,28366182,1362
19094,28404120,28404043,77
19095,28411279,28404043,7236
19096,28483570,28483520,50
19097,28502728,28501944,784
19098,28502728,28500159,2569
19099,28555112,28554494,618
19100,28891768,28891409,359
19101,28891768,28891409,359
19102,28891768,28891409,359
19103,28971991,28967297,4694
19104,28973035,28971731,1304
19105,28973093,28967297,5796
19106,29044517,29044301,216
19107,29012952,29012952,0
19108,29055090,29055025,65
19109,29080603,29080603,0
19110,29142351,29142351,0
19111,29275432,29275432,0
19112,29324054,29323972,82
19113,29343068,29343064,4
19114,29365448,29365400,48
19115,29395509,29395418,91
19116,29408754,29408731,23
19117,29432099,29430497,1602
19118,29431982,29430497,1485
19119,29430497,29430497,0
19120,29430497,29430497,0
19121,29455679,29455679,0
19122,29527702,29527478,224
19123,29596005,29595568,437
19124,29556745,29556660,85
19125,29596005,29595568,437
19126,29600962,29600162,800
19127,29600962,29600162,800
19128,29600962,29595388,5574
19129,29600162,29600162,0
19130,29632512,29632512,0
19131,29638656,29638656,0
19132,29640149,29638962,1187
19133,29640149,29638962,1187
19134,29640149,29638962,1187
19135,29640149,29638962,1187
19136,29640149,29639227,922
19137,29640149,29638962,1187
19138,29640149,29639227,922
19139,29640149,29638962,1187
19140,29640149,29639227,922
19141,29640149,29638962,1187
19142,29640149,29639227,922
19143,29644931,29644780,151
19144,29693908,29693354,554
19145,29694303,29694184,119
19146,29694303,29694184,119
19147,29695073,29694952,121
19148,29697106,29695883,1223
19149,29760483,29760478,5
19150,29765584,29764971,613
19151,29798532,29798159,373
19152,29798899,29798159,740
19153,29798899,29798159,740
19154,29798899,29798159,740
19155,29798899,29798159,740
19156,29857381,29857145,236
19157,29977733,29798159,179574
19158,29857381,29856755,626
19159,29858668,29858259,409
19160,29977733,29977413,320
19161,29912868,29912422,446
19162,29912868,29912422,446
19163,29913058,29913057,1
19164,29913661,29913232,429
19165,29911338,29910753,585
19166,29913058,29913057,1
19167,29913661,29913232,429
19168,29913547,29912422,1125
19169,29977733,29977413,320
19170,30029417,30025305,4112
19171,30028961,30025305,3656
19172,30032686,30032474,212
19173,30032686,30032474,212
19174,30038108,30037083,1025
19175,30043628,30043566,62
19176,30043628,30043566,62
19177,30080867,30080582,285
19178,30116512,30115589,923
19179,30116512,30115589,923
19180,30128711,30128635,76
19181,30128711,30128635,76
19182,30140473,30140126,347
19183,30172542,30166880,5662
19184,30181271,30166880,14391
19185,30181271,30166880,14391
19186,30181271,30157070,24201
19187,30172542,30166880,5662
19188,30234728,30231204,3524
19189,30311506,30310036,1470
19190,30311506,30310036,1470
19191,30311506,30310036,1470
19192,30311506,30310036,1470
19193,30314635,30314587,48
19194,30314635,30314550,85
19195,30314635,30314587,48
19196,30314635,30314587,48
19197,30314635,30314587,48
19198,30461982,30460358,1624
19199,30461982,30460358,1624
19200,30523497,30522654,843
19201,30523689,30523564,125
19202,30524302,30520307,3995
19203,30525371,30523980,1391
19204,30532473,30530272,2201
19205,30532473,30530272,2201
19206,30553768,30553768,0
19207,30559309,30558478,831
19208,30559309,30558478,831
19209,30585084,30572428,12656
19210,30585084,30577721,7363
19211,30594174,30593574,600
19212,30594174,30592671,1503
19213,30612448,30611339,1109
19214,30612448,30611339,1109
19215,30612448,30610792,1656
19216,30612448,30610792,1656
19217,30612448,30610792,1656
19218,30614598,30614420,178
19219,30620987,30620692,295
19220,30620987,30620692,295
19221,30620987,30620692,295
19222,30629760,30629633,127
19223,30640830,30640759,71
19224,30640830,30640618,212
19225,30655093,30653795,1298
19226,30655672,30653795,1877
19227,30658500,30657916,584
19228,30659058,30658751,307
19229,30659058,30658751,307
19230,30659058,30658751,307
19231,30659058,30658751,307
19232,30659058,30657223,1835
19233,30659197,30658751,446
19234,30681131,30680680,451
19235,30685458,30682952,2506
19236,30685001,30681810,3191
19237,30684852,30681810,3042
19238,30685001,30682952,2049
19239,30693195,30692174,1021
19240,30693195,30692174,1021
19241,30710453,30709966,487
19242,30710453,30709966,487
19243,30712327,30712295,32
19244,30798436,30782473,15963
19245,30867933,30867073,860
19246,30867933,30867073,860
19247,30867933,30867073,860
19248,30867933,30867073,860
19249,30867933,30867073,860
19250,30867933,30867073,860
19251,30859111,30859010,101
19252,30867933,30867073,860
19253,30859965,30859945,20
19254,30867933,30867073,860
19255,30867933,30864804,3129
19256,30867933,30867073,860
19257,30866084,30866084,0
19258,30879891,30879550,341
19259,30879891,30879550,341
19260,30882814,30881760,1054
19261,30894235,30893987,248
19262,30885583,30885582,1
19263,30894235,30893987,248
19264,30894235,30893987,248
19265,30894235,30893987,248
19266,30894235,30893987,248
19267,30894235,30893987,248
19268,30894235,30893987,248
19269,30894235,30893987,248
19270,30899952,30899873,79
19271,30921998,30920894,1104
19272,30957675,30955971,1704
19273,30957675,30955971,1704
19274,31003179,31002715,464
19275,31003179,31002715,464
19276,31080332,31080332,0
19277,31107869,31107709,160
19278,31107869,31107709,160
19279,31088252,31088196,56
19280,31107127,31106803,324
19281,31124932,31124815,117
19282,31125566,31125377,189
19283,31125566,31125377,189
19284,31126015,31124815,1200
19285,31125971,31124815,1156
19286,31131992,31130494,1498
19287,31131992,31130494,1498
19288,31134615,31133716,899
19289,31134615,31133716,899
19290,31138451,31138397,54
19291,31171745,31170594,1151
19292,31239125,31239105,20
19293,31239705,31239634,71
19294,31239913,31239848,65
19295,31239913,31239105,808
19296,31324989,31324935,54
19297,31324989,31324935,54
19298,31239123,31239105,18
19299,31324450,31324199,251
19300,31324989,31324935,54
19301,31324734,31324723,11
19302,31324956,31324840,116
19303,31380237,31380208,29
19304,31383090,31380208,2882
19305,31383090,31380208,2882
19306,31383090,31380208,2882
19307,31478901,31477686,1215
19308,31478901,31477686,1215
19309,31475077,31475076,1
19310,31478901,31477686,1215
19311,31478901,31477686,1215
19312,31498008,31497712,296
19313,31501774,31500844,930
19314,31510252,31508309,1943
19315,31510252,31508309,1943
19316,31510252,31508296,1956
19317,31514625,31508309,6316
19318,31509778,31508309,1469
19319,31509925,31508309,1616
19320,31509925,31508296,1629
19321,31509925,31508296,1629
19322,31514625,31513945,680
19323,31514625,31514336,289
19324,31514625,31514336,289
19325,31526606,31526388,218
19326,31526606,31526388,218
19327,31526606,31526388,218
19328,31526606,31526388,218
19329,31542100,31541470,630
19330,31542100,31541470,630
19331,31541629,31541627,2
19332,31541629,31541439,190
19333,31546112,31545314,798
19334,31546112,31545576,536
19335,31550202,31550194,8
19336,31550202,31550194,8
19337,31556686,31556453,233
19338,31556686,31556453,233
19339,31556686,31556362,324
19340,31556686,31556453,233
19341,31556686,31556362,324
19342,31556686,31556453,233
19343,31556686,31556517,169
19344,31560762,31560498,264
19345,31560762,31560498,264
19346,31560762,31560498,264
19347,31584798,31584287,511
19348,31584798,31584677,121
19349,31584798,31584677,121
19350,31584798,31584677,121
19351,31605554,31605363,191
19352,31605554,31605363,191
19353,31620170,31619540,630
19354,31620477,31619540,937
19355,31620477,31619540,937
19356,31620477,31619540,937
19357,31620477,31619540,937
19358,31620477,31619540,937
19359,31625987,31625866,121
19360,31625987,31625866,121
19361,31628549,31627724,825
19362,31633179,31632255,924
19363,31633407,31632255,1152
19364,31633639,31632255,1384
19365,31633639,31632255,1384
19366,31634060,31632255,1805
19367,31635607,31634965,642
19368,31636592,31635905,687
19369,31636877,31636473,404
19370,31637843,31637703,140
19371,31637843,31637789,54
19372,31637843,31637789,54
19373,31640227,31639641,586
19374,31640227,31640059,168
19375,31640227,31640059,168
19376,31640227,31640059,168
19377,31640227,31640059,168
19378,31648150,31648150,0
19379,31670850,31659664,11186
19380,31670850,31670545,305
19381,31671137,31671058,79
19382,31671137,31659664,11473
19383,31681842,31659664,22178
19384,31671137,31668766,2371
19385,31678372,31678368,4
19386,31685581,31685581,0
19387,31681842,31681664,178
19388,31681842,31681664,178
19389,31685581,31685581,0
19390,31685581,31685581,0
19391,31689511,31689456,55
19392,31692750,31692663,87
19393,31694485,31692851,1634
19394,31694485,31692820,1665
19395,31694485,31692851,1634
19396,31694485,31692650,1835
19397,31694485,31692851,1634
19398,31694485,31692820,1665
19399,31697569,31696938,631
19400,31698039,31696938,1101
19401,31704341,31704077,264
19402,31730945,31730308,637
19403,31730945,31730308,637
19404,31730945,31730308,637
19405,31730945,31730308,637
19406,31730945,31730308,637
19407,31730945,31730308,637
19408,31732624,31732308,316
19409,31745108,31744556,552
19410,31745108,31740842,4266
19411,31747945,31747483,462
19412,31763712,31762994,718
19413,31774761,31774534,227
19414,31782835,31779749,3086
19415,31783501,31779749,3752
19416,31779749,31779749,0
19417,31785719,31785459,260
19418,31785360,31785360,0
19419,31785717,31785459,258
19420,31798031,31797653,378
19421,31807541,31807440,101
19422,31807541,31807440,101
19423,31807541,31807440,101
19424,31830709,31830553,156
19425,31845448,31843642,1806
19426,31846823,31846757,66
19427,31846823,31846757,66
19428,31853019,31852730,289
19429,31864601,31860642,3959
19430,31864983,31864979,4
19431,31865464,31865454,10
19432,31865464,31865454,10
19433,31865464,31865454,10
19434,31912630,31912629,1
19435,31913449,31913134,315
19436,31869769,31869082,687
19437,31869082,31869082,0
19438,31913449,31913134,315
19439,31902835,31902214,621
19440,31913449,31913134,315
19441,31913449,31913134,315
19442,31913449,31913134,315
19443,31919861,31919807,54
19444,31913449,31913004,445
19445,31914897,31914454,443
19446,31918422,31918422,0
19447,31919861,31919807,54
19448,31926864,31926223,641
19449,31926864,31926223,641
19450,31926864,31926223,641
19451,31937532,31937492,40
19452,31937532,31937492,40
19453,31937532,31937492,40
19454,31940032,31939452,580
19455,31940032,31938417,1615
19456,31940032,31939452,580
19457,31949223,31948826,397
19458,31940032,31939452,580
19459,31941152,31940813,339
19460,31948965,31948826,139
19461,31949223,31948826,397
19462,31949223,31948826,397
19463,31970458,31970317,141
19464,31970458,31970317,141
19465,31952468,31952193,275
19466,31974180,31974180,0
19467,31976712,31975246,1466
19468,31981050,31980142,908
19469,32003195,32003054,141
19470,32003195,32003054,141
19471,31985206,31984931,275
19472,32009447,32008911,536
19473,32009447,32008911,536
19474,32013905,32012996,909
19475,32014384,32013958,426
19476,32077151,32065975,11176
19477,32085471,32065972,19499
19478,32085815,32085778,37
19479,32096017,32095984,33
19480,32096017,32095984,33
19481,32088197,32087633,564
19482,32095535,32095270,265
19483,32096017,32095984,33
19484,32098067,32097557,510
19485,32097557,32097557,0
19486,32119700,32118825,875
19487,32119720,32119604,116
19488,32120860,32119604,1256
19489,32131458,32130727,731
19490,32131458,32130727,731
19491,32131458,32130727,731
19492,32134009,32133959,50
19493,32134397,32133976,421
19494,32136313,32135733,580
19495,32136313,32135733,580
19496,32143916,32139273,4643
19497,32143916,32139253,4663
19498,32145119,32139253,5866
19499,32145888,32139273,6615
19500,32143869,32139273,4596
19501,32143916,32138375,5541
19502,32148570,32148103,467
19503,32151930,32151169,761
19504,32152021,32151373,648
19505,32152021,32151383,638
19506,32152099,32151999,100
19507,32152099,32151999,100
19508,32152099,32151373,726
19509,32152099,32151373,726
19510,32152099,32150732,1367
19511,32152099,32151383,716
19512,32152099,32151383,716
19513,32152099,32151383,716
19514,32152099,32151999,100
19515,32152099,32151999,100
19516,32152099,32151999,100
19517,32152099,32151999,100
19518,32152099,32151999,100
19519,32152099,32151999,100
19520,32152099,32151383,716
19521,32152099,32151999,100
19522,32152099,32152092,7
19523,32152099,32152092,7
19524,32152099,32152092,7
19525,32152099,32152092,7
19526,32157963,32157692,271
19527,32157963,32157692,271
19528,32160692,32160290,402
19529,32163300,32160290,3010
19530,32165371,32165354,17
19531,32171510,32169021,2489
19532,32191844,32191705,139
19533,32165371,32165354,17
19534,32191844,32191705,139
19535,32233615,32230642,2973
19536,32339656,32339483,173
19537,32339656,32339483,173
19538,32339656,32339483,173
19539,32339656,32339483,173
19540,32339656,32339483,173
19541,32339656,32339483,173
19542,32374900,32374900,0
19543,32374900,32374900,0
19544,32412826,32411687,1139
19545,32412826,32411687,1139
19546,32498006,32498001,5
19547,32557613,32557519,94
19548,32557613,32557519,94
19549,32557613,32557519,94
19550,32549615,32549475,140
19551,32552155,32549475,2680
19552,32611429,32610541,888
19553,32614839,32610164,4675
19554,32632851,32632818,33
19555,32634466,32634384,82
19556,32634466,32634384,82
19557,32634466,32634384,82
19558,32634466,32634384,82
19559,32634466,32634384,82
19560,32714664,32714171,493
19561,32731330,32731247,83
19562,32731330,32731247,83
19563,32784825,32784728,97
19564,32806547,32806010,537
19565,32784825,32784728,97
19566,32806547,32806010,537
19567,32806041,32806010,31
19568,32806547,32806010,537
19569,32811816,32811773,43
19570,32812712,32812190,522
19571,32811816,32811773,43
19572,32820535,32820274,261
19573,32821748,32821593,155
19574,32826899,32826347,552
19575,32827628,32827309,319
19576,32905233,32905177,56
19577,32905233,32905177,56
19578,32905233,32905177,56
19579,32908847,32908584,263
19580,32908847,32908584,263
19581,32908847,32908584,263
19582,32920899,32920813,86
19583,32920899,32920813,86
19584,32949282,32948495,787
19585,32940704,32940006,698
19586,32949282,32948495,787
19587,32949282,32948495,787
19588,32949282,32948495,787
19589,32949282,32948495,787
19590,32977389,32977313,76
19591,32977389,32976030,1359
19592,32977389,32977313,76
19593,33041454,33041347,107
19594,33048555,33041347,7208
19595,33048555,33041347,7208
19596,33041370,33041347,23
19597,33057473,33054015,3458
19598,33053681,33053680,1
19599,33086926,33086277,649
19600,33145670,33145590,80
19601,33160245,33160017,228
19602,33160245,33160017,228
19603,33160245,33160017,228
19604,33160245,33160017,228
19605,33168473,33168253,220
19606,33168473,33168253,220
19607,33168630,33168559,71
19608,33168473,33168253,220
19609,33166346,33166316,30
19610,33168473,33168253,220
19611,33168473,33168213,260
19612,33172214,33171590,624
19613,33172214,33171590,624
19614,33172214,33171590,624
19615,33174608,33174431,177
19616,33177467,33176962,505
19617,33179385,33179328,57
19618,33180499,33180176,323
19619,33180499,33180176,323
19620,33239662,33239452,210
19621,33239739,33236963,2776
19622,33239653,33237978,1675
19623,33239739,33236963,2776
19624,33239662,33236963,2699
19625,33244281,33244243,38
19626,33246602,33246333,269
19627,33257304,33256947,357
19628,33257304,33256947,357
19629,33258711,33258622,89
19630,33258711,33258622,89
19631,33258711,33258622,89
19632,33258711,33258622,89
19633,33264102,33262497,1605
19634,33264892,33262497,2395
19635,33267165,33266387,778
19636,33267165,33264547,2618
19637,33267165,33264547,2618
19638,33282164,33281818,346
19639,33282164,33281818,346
19640,33282164,33281818,346
19641,33282164,33281818,346
19642,33282164,33281818,346
19643,33285512,33284693,819
19644,33285719,33284693,1026
19645,33284693,33284693,0
19646,33289751,33289702,49
19647,33289751,33289702,49
19648,33290793,33289326,1467
19649,33290793,33289702,1091
19650,33290793,33290691,102
19651,33290793,33289702,1091
19652,33290793,33289326,1467
19653,33377699,33377467,232
19654,33377699,33377467,232
19655,33384230,33383875,355
19656,33384230,33383651,579
19657,33384230,33383875,355
19658,33386065,33385777,288
19659,33386065,33385445,620
19660,33386065,33385445,620
19661,33386065,33385445,620
19662,33386065,33385962,103
19663,33406886,33406700,186
19664,33421466,33419683,1783
19665,33421466,33419683,1783
19666,33421466,33415670,5796
19667,33425320,33424299,1021
19668,33424299,33424299,0
19669,33543225,33543214,11
19670,33548070,33545381,2689
19671,33548070,33545381,2689
19672,33561115,33561113,2
19673,33664348,33663557,791
19674,33679528,33679463,65
19675,33714762,33703253,11509
19676,33714762,33703253,11509
19677,33748076,33748013,63
19678,33754719,33748877,5842
19679,33756906,33756893,13
19680,33771793,33768940,2853
19681,33771793,33768940,2853
19682,33771793,33768940,2853
19683,34031016,34026853,4163
19684,34067865,34026853,41012
19685,34069928,34069897,31
19686,34073758,34071477,2281
19687,34078629,34078448,181
19688,34113914,34101273,12641
19689,34113914,34101273,12641
19690,34113914,34026853,87061
19691,34123399,34123167,232
19692,34101533,34101030,503
19693,34214008,34212661,1347
19694,34214008,34213392,616
19695,34214008,34212661,1347
19696,34214008,34212661,1347
19697,34214008,34212661,1347
19698,34214008,34212661,1347
19699,34214008,34212661,1347
19700,34214008,34212661,1347
19701,34214008,34212661,1347
19702,34214008,34212661,1347
19703,34214008,34212661,1347
19704,34214008,34212661,1347
19705,34216904,34215262,1642
19706,34216904,34215262,1642
19707,34216904,34215262,1642
19708,34216904,34214885,2019
19709,34360457,34360139,318
19710,34393902,34392998,904
19711,34393818,34392998,820
19712,34393902,34392998,904
19713,34393902,34392998,904
19714,34503000,34500307,2693
19715,34503000,34500307,2693
19716,34524110,34512232,11878
19717,34524110,34512232,11878
19718,34664625,34664380,245
19719,34664625,34664380,245
19720,34741634,34741347,287
19721,34741634,34741347,287
19722,34741634,34741347,287
19723,34845291,34840215,5076
19724,34855848,34855734,114
19725,34855848,34855734,114
19726,35059190,35056386,2804
19727,35085320,35085320,0
19728,35108619,35107846,773
19729,35109187,35107846,1341
19730,35109187,35103930,5257
19731,35109187,35103930,5257
19732,35109187,35109006,181
19733,35109187,35109006,181
19734,35109187,35109006,181
19735,35109187,35109006,181
19736,35218609,35216482,2127
19737,35218609,35216482,2127
19738,35218609,35216482,2127
19739,35256092,35255961,131
19740,35259797,35259585,212
19741,35260564,35260563,1
19742,35263760,35263025,735
19743,35263760,35263025,735
19744,35289548,35289187,361
19745,35289548,35289187,361
19746,35289548,35289187,361
19747,35393173,35392564,609
19748,35395968,35393856,2112
19749,35395968,35393856,2112
19750,35395968,35393856,2112
19751,35395968,35393856,2112
19752,35434881,35434122,759
19753,35434881,35434122,759
19754,35438558,35438527,31
19755,35438558,35438527,31
19756,35449019,35447090,1929
19757,35464861,35454439,10422
19758,35464861,35454387,10474
19759,35480647,35480635,12
19760,35480647,35480635,12
19761,35480647,35480635,12
19762,35480647,35480635,12
19763,35656692,35610601,46091
19764,35656719,35610601,46118
19765,35656719,35565152,91567
19766,35696397,35610601,85796
19767,35656719,35610601,46118
19768,35716685,35716647,38
19769,35716688,35716647,41
19770,35747329,35747227,102
19771,35747329,35747307,22
19772,35755841,35755787,54
19773,35765121,35764627,494
19774,35765121,35765065,56
19775,35765121,35765065,56
19776,35791852,35787224,4628
19777,35888818,35855869,32949
19778,35888842,35855869,32973
19779,35888957,35858816,30141
19780,35888957,35888833,124
19781,35937599,35936764,835
19782,35992277,35987484,4793
19783,35992305,35987484,4821
19784,35992413,35987484,4929
19785,36065831,36063852,1979
19786,36070535,36070479,56
19787,36079013,36076224,2789
19788,36079013,36076224,2789
19789,36079013,36075393,3620
19790,36079013,36076224,2789
19791,36112301,36107150,5151
19792,36200567,36198386,2181
19793,36200567,36198386,2181
19794,36200567,36198386,2181
19795,36200567,36198386,2181
19796,36276372,36275493,879
19797,36276372,36275493,879
19798,36276372,36275493,879
19799,36304662,36298467,6195
19800,36355577,36355318,259
19801,36355577,36355318,259
19802,36355577,36355318,259
19803,36355577,36355318,259
19804,36355577,36343736,11841
19805,36355577,36355318,259
19806,36355577,36343711,11866
19807,36355577,36339317,16260
19808,36410666,36393859,16807
19809,36458315,36454952,3363
19810,36458315,36454952,3363
19811,36458315,36454952,3363
19812,36458315,36454952,3363
19813,36458315,36454952,3363
19814,36508567,36507979,588
19815,36515247,36507979,7268
19816,36515247,36507979,7268
19817,36568658,36567631,1027
19818,36572244,36569766,2478
19819,36655116,36653577,1539
19820,36655116,36653577,1539
19821,36655116,36653577,1539
19822,36655116,36653577,1539
19823,36655116,36653577,1539
19824,36700960,36699870,1090
19825,36725177,36724054,1123
19826,36725177,36714322,10855
19827,36725177,36714322,10855
19828,36807220,36807153,67
19829,36800695,36790855,9840
19830,36842800,36842548,252
19831,36896740,36891217,5523
19832,36896740,36891217,5523
19833,36896740,36891217,5523
19834,36896740,36891217,5523
19835,36932613,36931720,893
19836,36932607,36931720,887
19837,36932613,36931720,893
19838,36932607,36931720,887
19839,36954327,36953949,378
19840,36954327,36953949,378
19841,36954327,36953949,378
19842,36954327,36946289,8038
19843,36977791,36976856,935
19844,36979339,36978853,486
19845,36996845,36995939,906
19846,36996845,36995939,906
19847,36996845,36995939,906
19848,36982814,36982814,0
19849,36996391,36995411,980
19850,37143204,37141867,1337
19851,37143204,37141745,1459
19852,37225413,37186806,38607
19853,37225413,37186806,38607
19854,37225413,37180745,44668
19855,37225931,37186806,39125
19856,37300746,37298948,1798
19857,37292354,37292163,191
19858,37300746,37298948,1798
19859,37362514,37358534,3980
19860,37362514,37358534,3980
19861,37362514,37358628,3886
19862,37429878,37429876,2
19863,37449284,37447921,1363
19864,37467700,37467639,61
19865,37665766,37664587,1179
19866,37615100,37614004,1096
19867,38122399,38120165,2234
19868,38563843,38562111,1732
19869,38563843,38562084,1759
19870,38607924,38565870,42054
19871,38607924,38565870,42054
19872,38149010,38147640,1370
19873,38670952,38670830,122
19874,38998574,38998168,406
19875,38998574,38998168,406
19876,38952565,38952152,413
19877,39055520,39053849,1671
19878,39082865,39082865,0
19879,39197251,39196887,364
19880,39282237,39282096,141
19881,39282237,39282096,141
19882,39290330,39290316,14
19883,39290330,39290316,14
19884,39290330,39290316,14
19885,39290330,39290316,14
19886,39399150,39398935,215
19887,39507997,39330280,177717
19888,39607533,39580976,26557
19889,39693181,39693086,95
19890,39693181,39693086,95
19891,39693181,39693086,95
19892,39847793,39847373,420
19893,39872653,39869813,2840
19894,39872653,39869813,2840
19895,39828941,39828934,7
19896,39854344,39854162,182
19897,39895455,39895317,138
19898,39895455,39895317,138
19899,39902290,39902156,134
19900,39902290,39893578,8712
19901,40555126,40400852,154274
19902,41006938,41002813,4125
19903,41039015,41002813,36202
19904,41012076,41011876,200
19905,41012076,41011872,204
19906,41012076,41011876,200
19907,41032630,41029610,3020
19908,41040188,41039373,815
19909,41040268,41039373,895
19910,41040268,41039373,895
19911,41040268,41039373,895
19912,41070146,41065149,4997
19913,41070146,41065149,4997
19914,41070146,41065149,4997
19915,41070146,41065149,4997
19916,41103080,41103080,0
19917,41122087,41122026,61
19918,41122087,41122026,61
19919,41122087,41122026,61
19920,41130924,41130820,104
19921,41130924,41130820,104
19922,41130924,41130910,14
19923,41168925,41168746,179
19924,41206120,41204320,1800
19925,41254457,41254393,64
19926,41254457,41254393,64
19927,41254457,41254393,64
19928,41318625,41318441,184
19929,41318625,41318441,184
19930,41318625,41318602,23
19931,41570122,41566674,3448
19932,41570122,41566674,3448
19933,41570122,41566674,3448
19934,41621982,41621313,669
19935,41621982,41621313,669
19936,41659153,41659152,1
19937,41702139,41658951,43188
19938,41702798,41658951,43847
19939,41703265,41658951,44314
19940,41703265,41658951,44314
19941,41703997,41703903,94
19942,41701591,41658951,42640
19943,41701591,41658951,42640
19944,41673685,41658951,14734
19945,41701566,41700389,1177
19946,41691464,41691306,158
19947,41715139,41715072,67
19948,41715139,41715072,67
19949,41747630,41744725,2905
19950,41755563,41754867,696
19951,41757634,41757066,568
19952,41863099,41774721,88378
19953,41888681,41877234,11447
19954,41888877,41888756,121
19955,41888877,41888756,121
19956,41888877,41874910,13967
19957,41888877,41877234,11643
19958,41900784,41900444,340
19959,41909144,41908737,407
19960,41909552,41909387,165
19961,41909552,41909387,165
19962,42016610,41908278,108332
19963,42016610,41904419,112191
19964,41909552,41909387,165
19965,42016610,41908278,108332
19966,42025516,42025287,229
19967,42048644,42045283,3361
19968,42048644,42044952,3692
19969,42055199,42044952,10247
19970,42055199,42054472,727
19971,42048644,42045283,3361
19972,42110715,42110182,533
19973,42147794,42147141,653
19974,42147794,42147141,653
19975,42147794,42147141,653
19976,42162694,42162558,136
19977,42185633,42185587,46
19978,42185633,42181920,3713
19979,42237586,42237328,258
19980,42418999,42236845,182154
19981,42418999,42236845,182154
19982,42419783,42237328,182455
19983,42419783,42237328,182455
19984,42588089,42587244,845
19985,42661243,42658911,2332
19986,42661243,42658911,2332
19987,42612074,42612074,0
19988,42661243,42658911,2332
19989,42661243,42658911,2332
19990,42690358,42690072,286
19991,42713884,42713811,73
19992,42820399,42820219,180
19993,42836296,42833184,3112
19994,42836296,42833184,3112
19995,42797947,42797931,16
19996,42836296,42833184,3112
19997,42853067,42852492,575
19998,42854731,42854202,529
19999,42854731,42854202,529
20000,42854731,42854202,529
20001,42854731,42854033,698
20002,42855668,42854202,1466
20003,42855668,42854202,1466
20004,42858554,42858526,28
20005,42891085,42891085,0
20006,42892552,42892122,430
20007,42893575,42893420,155
20008,42893575,42893420,155
20009,42893575,42893420,155
20010,42893575,42893420,155
20011,42907008,42906529,479
20012,42907008,42906529,479
20013,42931618,42931444,174
20014,42946981,42946888,93
20015,42981660,42981116,544
20016,42980083,42979024,1059
20017,42980083,42979024,1059
20018,42980083,42979024,1059
20019,42980083,42979024,1059
20020,42980083,42979024,1059
20021,42980083,42979024,1059
20022,42981618,42981551,67
20023,42989036,42988471,565
20024,42989036,42988471,565
20025,42989036,42988471,565
20026,42997337,42996966,371
20027,43014752,43014573,179
20028,43021683,43020526,1157
20029,43021683,43021596,87
20030,43027242,43027119,123
20031,43027242,43027119,123
20032,43027159,43027119,40
20033,43027242,43027119,123
20034,43035133,43034890,243
20035,43042833,43042410,423
20036,43042833,43042410,423
20037,43042833,43042410,423
20038,43042833,43042410,423
20039,43042833,43042410,423
20040,43042833,43042410,423
20041,43101459,43100577,882
20042,43129458,43128619,839
20043,43129458,43128619,839
20044,43129458,43128619,839
20045,43129458,43128619,839
20046,43129458,43128619,839
20047,43129458,43128619,839
20048,43149244,43146928,2316
20049,43149244,43146928,2316
20050,43156696,43155924,772
20051,43192325,43192183,142
20052,43192325,43192183,142
20053,43192325,43192183,142
20054,43156696,43155924,772
20055,43192325,43192183,142
20056,43197211,43197194,17
20057,43197211,43197194,17
20058,43255997,43253114,2883
20059,43237834,43237689,145
20060,43255997,43253114,2883
20061,43270633,43270505,128
20062,43272218,43272016,202
20063,43273276,43272463,813
20064,43273276,43272463,813
20065,43276530,43276530,0
20066,43276530,43276530,0
20067,43337181,43337103,78
20068,43418163,43417829,334
20069,43418163,43417829,334
20070,43418163,43417829,334
20071,43423286,43422563,723
20072,43423786,43422563,1223
20073,43474294,43473593,701
20074,43474294,43473593,701
20075,43474294,43473593,701
20076,43474294,43473593,701
20077,43474294,43473593,701
20078,43474294,43473593,701
20079,43474294,43473593,701
20080,43471246,43470409,837
20081,43474294,43473593,701
20082,43474292,43473593,699
20083,43474294,43473593,701
20084,43476742,43475647,1095
20085,43478081,43476561,1520
20086,43478081,43477523,558
20087,43484728,43484545,183
20088,43484728,43483809,919
20089,43489246,43489038,208
20090,43497114,43497093,21
20091,43543812,43543601,211
20092,43582458,43582294,164
20093,43588260,43582294,5966
20094,43582458,43582294,164
20095,43595090,43594096,994
20096,43596936,43596899,37
20097,43608688,43608270,418
20098,43608688,43608270,418
20099,43638748,43638724,24
20100,43638748,43638686,62
20101,43655549,43655516,33
20102,43655549,43655516,33
20103,43655549,43655516,33
20104,43655549,43655516,33
20105,43745562,43745519,43
20106,43754223,43752283,1940
20107,43754223,43752299,1924
20108,43754223,43752299,1924
20109,43754223,43752299,1924
20110,43754223,43752299,1924
20111,43754223,43752299,1924
20112,43754223,43752299,1924
20113,43754223,43752299,1924
20114,43754223,43752365,1858
20115,43973694,43969856,3838
20116,43973694,43970863,2831
20117,44095191,44084348,10843
20118,44116998,44116745,253
20119,44123256,44122620,636
20120,44108250,44108247,3
20121,44123256,44122620,636
20122,44152139,44151669,470
20123,44151004,44150867,137
20124,44197528,44197526,2
20125,44198218,44197860,358
20126,44201888,44201265,623
20127,44201888,44201265,623
20128,44201888,44201265,623
20129,44198218,44197860,358
20130,44201888,44201265,623
20131,44201888,44201265,623
20132,44201888,44201265,623
20133,44197528,44197526,2
20134,44221625,44221335,290
20135,44221625,44221335,290
20136,44221625,44221335,290
20137,44221625,44221335,290
20138,44221625,44221335,290
20139,44221625,44221335,290
20140,44225283,44225147,136
20141,44225283,44224490,793
20142,44225283,44223342,1941
20143,44233525,44233500,25
20144,44247182,44244264,2918
20145,44275966,44274772,1194
20146,44265458,44255562,9896
20147,44281063,44281060,3
20148,44344904,44344800,104
20149,44344904,44344800,104
20150,44344904,44344800,104
20151,44418161,44414448,3713
20152,45345788,45333038,12750
20153,45345788,45290653,55135
20154,45345788,45333038,12750
20155,45345788,44971437,374351
20156,45073750,44988297,85453
20157,45518819,45515042,3777
20158,45518819,45515042,3777
20159,45518819,45515042,3777
20160,45905334,45882153,23181
20161,45983626,45983279,347
20162,46048085,46047979,106
20163,45983626,45983279,347
20164,46114436,46111377,3059
20165,46138717,46135999,2718
20166,46138717,46135717,3000
20167,46138717,46135999,2718
20168,46138717,46135999,2718
20169,46293629,46293216,413
20170,46459060,46424713,34347
20171,46459804,46424713,35091
20172,46620523,46620319,204
20173,46620523,46620319,204
20174,46620523,46605687,14836
20175,46645927,46644386,1541
20176,46645927,46644191,1736
20177,46645927,46644417,1510
20178,46645927,46644191,1736
20179,46645927,46644191,1736
20180,46672056,46669624,2432
20181,46672056,46669624,2432
20182,46703151,46690628,12523
20183,46703430,46690628,12802
20184,46703151,46684807,18344
20185,46703151,46682285,20866
20186,46726954,46726658,296
20187,46807519,46806873,646
20188,46807519,46806873,646
20189,46807519,46806873,646
20190,46807519,46806873,646
20191,46837041,46836905,136
20192,46839750,46834782,4968
20193,46889714,46874499,15215
20194,46889714,46874499,15215
20195,46922675,46874499,48176
20196,46847776,46847606,170
20197,46889714,46874499,15215
20198,46996840,46979922,16918
20199,47010082,46996797,13285
20200,47010082,46996797,13285
20201,47277680,47277247,433
20202,47594996,47591963,3033
20203,47650420,47650419,1
20204,47665533,47658301,7232
20205,47686181,47686178,3
20206,47689757,47686178,3579
20207,47689757,47686178,3579
20208,47794116,47791727,2389
20209,47794116,47791727,2389
20210,48036425,48036391,34
20211,48078943,47976517,102426
20212,48036425,48036391,34
20213,49431041,49427179,3862
20214,49460820,49459988,832
20215,49495777,49494627,1150
20216,49519808,49519240,568
20217,49604587,49604525,62
20218,49604587,49604525,62
20219,49604587,49604525,62
20220,49681303,49676909,4394
20221,49681303,49676909,4394
20222,49681303,49676909,4394
20223,49681303,49676909,4394
20224,49681303,49676909,4394
20225,49681303,49676909,4394
20226,49681303,49676909,4394
20227,49681303,49676909,4394
20228,49712168,49712080,88
20229,49712168,49712080,88
20230,49755053,49754900,153
20231,49834218,49825113,9105
20232,49834218,49825113,9105
20233,49844809,49825113,19696
20234,49917157,49917157,0
20235,49931818,49931818,0
20236,49937338,49937338,0
20237,49989694,49989648,46
20238,49989694,49989648,46
20239,50016364,50016364,0
20240,50740746,50740577,169
20241,50815326,50811105,4221
20242,51952423,51949731,2692
20243,51814279,51799103,15176
20244,51952423,51949731,2692
20245,52055436,52054090,1346
20246,52103965,52103619,346
20247,52109298,52109227,71
20248,52149679,52149607,72
20249,52149679,52149615,64
20250,52272575,52269076,3499
20251,52269076,52269076,0
20252,52360583,52357139,3444
20253,52387892,52387756,136
20254,52360583,52357139,3444
20255,52441862,52441713,149
20256,52551385,52550847,538
20257,52628361,52622745,5616
20258,52668664,52664065,4599
20259,52668664,52664065,4599
20260,52710893,52705611,5282
20261,52774496,52770632,3864
20262,52774496,52767247,7249
20263,52859105,52849396,9709
20264,52860178,52859041,1137
20265,52859054,52859041,13
20266,52926600,52906034,20566
20267,52926600,52906034,20566
20268,52925972,52906034,19938
20269,52965670,52962628,3042
20270,52965670,52962628,3042
20271,52965670,52962628,3042
20272,52965670,52962628,3042
20273,52965670,52962628,3042
20274,53013624,53010430,3194
20275,53013624,53010430,3194
20276,53213587,53160497,53090
20277,53213977,53160497,53480
20278,53213977,53160497,53480
20279,53213977,53160497,53480
20280,53213977,53160497,53480
20281,53202415,53202195,220
20282,53375246,53373509,1737
20283,53409927,53409443,484
20284,53409927,53409443,484
20285,53409927,53409443,484
20286,53530506,53520070,10436
20287,53518904,53517202,1702
20288,53788919,53787591,1328
20289,54082882,54080000,2882
20290,54131078,54130753,325
20291,54131078,54130753,325
20292,54003084,54003084,0
20293,54131078,54130753,325
20294,54187120,54185444,1676
20295,54254950,54254723,227
20296,54809897,54806805,3092
20297,55147418,55147252,166
20298,55129299,55128716,583
20299,55267291,55266651,640
20300,55444012,55443853,159
20301,55444012,55443853,159
20302,55444012,55381401,62611
20303,55444012,55443853,159
20304,55444012,55443853,159
20305,55444012,55443853,159
20306,55444012,55443853,159
20307,55740375,55739663,712
20308,55740375,55739663,712
20309,55956459,55939067,17392
20310,55989090,55942338,46752
20311,55989090,55942338,46752
20312,55989090,55942902,46188
20313,56112378,56047416,64962
20314,56112378,56047416,64962
20315,56258892,56047416,211476
20316,56329114,56328746,368
20317,56332274,56330942,1332
20318,56334755,56330942,3813
20319,56507694,56507586,108
20320,56708463,56707943,520
20321,56716714,56716588,126
20322,56819426,56819385,41
20323,56357231,56354383,2848
20324,56507694,56507586,108
20325,56507694,56507586,108
20326,56507694,56507586,108
20327,56558101,56557947,154
20328,56716413,56716372,41
20329,56892142,56883346,8796
20330,56892142,56883346,8796
20331,56920023,56919661,362
20332,56920023,56919661,362
20333,56974512,56966894,7618
20334,57016171,57015707,464
20335,57018933,57018901,32
20336,57035098,57033267,1831
20337,57035098,57033267,1831
20338,56974512,56966894,7618
20339,57050012,57048988,1024
20340,57050012,57048988,1024
20341,57086257,57075178,11079
20342,57087078,57075178,11900
20343,57087101,57075178,11923
20344,57191161,57190861,300
20345,57248374,57246996,1378
20346,57513376,57512702,674
20347,58287724,58287623,101
20348,62996100,62995853,247
20349,64029882,64029848,34
20350,64029882,64029848,34
20351,64029882,64029848,34
20352,64293489,64290079,3410
20353,64293489,64290079,3410
20354,64404654,64404653,1
20355,64404654,64404653,1
20356,64408257,64408255,2
20357,64419136,64419136,0
20358,64424405,64423604,801
20359,64424405,64423604,801
20360,64396224,64395834,390
20361,64424405,64423604,801
20362,65531616,65523449,8167
20363,66417118,66205303,211815
20364,66015504,66014832,672
20365,66417118,66205303,211815
20366,66289697,66205303,84394
20367,66417118,66205303,211815
20368,70099403,70098783,620
20369,70099403,70098783,620
20370,70099403,70098783,620
20371,70500557,70500214,343
20372,70506534,70500214,6320
20373,70507049,70506773,276
20374,70922157,70916978,5179
20375,70875904,70875904,0
20376,70990180,70978512,11668
20377,70992911,70992755,156
20378,71012786,71012627,159
20379,71270877,71269624,1253
20380,71270877,71269624,1253
20381,71270877,71269624,1253
20382,71234306,71233865,441
20383,71270877,71269624,1253
20384,71214663,71212503,2160
20385,71270877,71269624,1253
20386,71267397,71266634,763
20387,71270877,71269624,1253
20388,71270877,71269624,1253
20389,71298606,71298427,179
20390,71571716,71570037,1679
20391,71571716,71570037,1679
20392,71571716,71569937,1779
20393,71571716,71570037,1679
20394,71666788,71666132,656
20395,71666788,71666132,656
20396,72012230,72011752,478
20397,73112845,73110416,2429
20398,72973705,72970474,3231
20399,73112845,73110416,2429
20400,73112845,73110416,2429
20401,73112845,73110416,2429
20402,73112845,73110416,2429
20403,73112845,73110416,2429
20404,72976016,72975795,221
20405,73112845,73110416,2429
20406,73112845,73110416,2429
20407,73112845,73110416,2429
20408,73112845,73110416,2429
20409,73112845,73110416,2429
20410,73112845,73110416,2429
20411,73112845,73110416,2429
20412,73112845,73110416,2429
20413,73112845,73110416,2429
20414,73112845,73110416,2429
20415,73834372,73834272,100
20416,73908573,73905137,3436
20417,73908573,73905137,3436
20418,73908573,73905137,3436
20419,73908573,73905137,3436
20420,73908573,73905137,3436
20421,73908573,73905137,3436
20422,73935175,73935131,44
20423,73972907,73952240,20667
20424,74019938,74019437,501
20425,74063999,74063948,51
20426,74073898,74073583,315
20427,74079515,74079515,0
20428,74104816,74104093,723
20429,74127289,74125949,1340
20430,74162043,74161904,139
20431,74211179,74210458,721
20432,74211179,74210458,721
20433,74211179,74210458,721
20434,74211179,74210458,721
20435,74211179,74210458,721
20436,74176329,74176328,1
20437,74230741,74229749,992
20438,74230755,74229749,1006
20439,74230755,74229749,1006
20440,74345223,74325125,20098
20441,74363737,74363609,128
20442,74363737,74351633,12104
20443,74538041,74533357,4684
20444,74538041,74533357,4684
20445,74538041,74533357,4684
20446,75912543,75912508,35
20447,75912543,75912508,35
20448,75915623,75912508,3115
20449,75915623,75912508,3115
20450,75898251,75893831,4420
20451,75953644,75953546,98
20452,75994632,75994354,278
20453,75994632,75994354,278
20454,76203496,76124688,78808
20455,76072719,76072612,107
20456,76203496,76124688,78808
20457,76203496,76163700,39796
20458,76044506,76024803,19703
20459,76389581,76388647,934
20460,76427994,76425310,2684
20461,76427994,76425310,2684
20462,76389581,76388647,934
20463,76617425,76617424,1
20464,76629254,76624729,4525
20465,76629254,76624729,4525
20466,76629254,76624729,4525
20467,76782335,76782205,130
20468,78173120,78173120,0
20469,79608135,79608051,84
20470,79612827,79612801,26
20471,79675834,79675456,378
20472,79692834,79680566,12268
20473,79788011,79787785,226
20474,79788011,79787785,226
20475,79944455,79944277,178
20476,79944455,79944277,178
20477,79944455,79944277,178
20478,79944455,79944277,178
20479,80023101,80020765,2336
20480,80247147,80228611,18536
20481,80247147,80228611,18536
20482,80247147,80228611,18536
20483,80413369,80409226,4143
20484,80580137,80580038,99
20485,80657315,80656996,319
20486,80657315,80631410,25905
20487,80752244,80751919,325
20488,80752244,80751919,325
20489,81055987,81053521,2466
20490,81055987,81053521,2466
20491,82462425,82462112,313
20492,82462428,82461858,570
20493,82462378,82461858,520
20494,82915646,82906088,9558
20495,82950560,82950203,357
20496,82950560,82950203,357
20497,82957448,82950203,7245
20498,82957448,82933809,23639
20499,82957448,82950203,7245
20500,83077133,83075941,1192
20501,83077133,83075941,1192
20502,83075941,83075941,0
20503,83775545,83775437,108
20504,83742029,83741997,32
20505,83775545,83767722,7823
20506,83878475,83877886,589
20507,83878475,83877886,589
20508,83878475,83877886,589
20509,83903012,83900731,2281
20510,83903012,83898478,4534
20511,83903655,83900987,2668
20512,83903012,83900731,2281
20513,83906256,83905991,265
20514,83906256,83905991,265
20515,84140938,84140673,265
20516,84140938,84108222,32716
20517,84140938,84055993,84945
20518,84235421,84234402,1019
20519,84235421,84234402,1019
20520,84234402,84234402,0
20521,84418520,84371315,47205
20522,84418847,84417646,1201
20523,84419127,84388521,30606
20524,84419127,84417646,1481
20525,84419127,84417646,1481
20526,84419127,84417646,1481
20527,84417676,84417646,30
20528,84567234,84567108,126
20529,84670146,84669597,549
20530,84800605,84799200,1405
20531,84800605,84799200,1405
20532,84904793,84884628,20165
20533,84937335,84936111,1224
20534,84937335,84925584,11751
20535,84937335,84936111,1224
20536,85473171,85472284,887
20537,85473954,85473899,55
20538,86181316,86181187,129
20539,86205509,86203722,1787
20540,86205509,86203722,1787
20541,86278201,86277301,900
20542,86291564,86253431,38133
20543,86303603,86284080,19523
20544,86303629,86303436,193
20545,86303629,86303436,193
20546,86303629,86303436,193
20547,86351169,86351157,12
20548,86353043,86351157,1886
20549,86353043,86351157,1886
20550,86353043,86350019,3024
20551,86353043,86347019,6024
20552,86351169,86351157,12
20553,86353043,86351157,1886
20554,87726397,87726150,247
20555,87726150,87726150,0
20556,87804865,87797918,6947
20557,87804865,87797918,6947
20558,87973406,87971519,1887
20559,87933654,87932552,1102
20560,88038996,87994630,44366
20561,87994630,87994630,0
20562,88052043,88049992,2051
20563,88052043,88049992,2051
20564,88075181,88075114,67
20565,88109459,88109168,291
20566,88145775,88144795,980
20567,88174191,88173968,223
20568,88174191,88173968,223
20569,88222057,88221244,813
20570,88222057,88221244,813
20571,88222057,88221244,813
20572,88222057,88221244,813
20573,88299685,88255343,44342
20574,88299735,88299675,60
20575,88367055,88366766,289
20576,88367106,88366766,340
20577,88377172,88376841,331
20578,88377172,88376841,331
20579,88377172,88376841,331
20580,88377172,88376841,331
20581,88411985,88411402,583
20582,88776550,88776053,497
20583,88855056,88854993,63
20584,88872742,88854993,17749
20585,88875767,88854993,20774
20586,88875767,88854993,20774
20587,88875767,88854993,20774
20588,88875767,88854993,20774
20589,88854993,88854993,0
20590,89673348,89673128,220
20591,89673348,89673128,220
20592,89673348,89638980,34368
20593,89673348,89673128,220
20594,89794879,89793915,964
20595,89794879,89793915,964
20596,89794879,89793915,964
20597,89827800,89827606,194
20598,89875288,89871982,3306
20599,89927496,89910896,16600
20600,89927496,89927041,455
20601,89927496,89927041,455
20602,89941007,89910896,30111
20603,89979072,89978944,128
20604,90025018,90024884,134
20605,90062619,90062288,331
20606,90121995,90121712,283
20607,90121995,90090077,31918
20608,90343553,90340723,2830
20609,90343553,90340723,2830
20610,90343553,90340723,2830
20611,90343553,90340723,2830
20612,90343553,90340723,2830
20613,90343553,90340723,2830
20614,90348474,90348435,39
20615,90529442,90529326,116
20616,90494845,90486393,8452
20617,90529442,90529326,116
20618,90581109,90581107,2
20619,90584155,90583528,627
20620,90584155,90583528,627
20621,90584155,90583528,627
20622,90605819,90605819,0
20623,91006627,90718563,288064
20624,91006627,90718563,288064
20625,91006627,90718563,288064
20626,91246937,91233469,13468
20627,91297020,91296602,418
20628,91297020,91296602,418
20629,91297020,91296602,418
20630,91297020,91296602,418
20631,94129300,94129059,241
20632,94129300,94129059,241
20633,94129300,94129059,241
20634,94129300,94129059,241
20635,96035254,96034912,342
20636,96057328,96054281,3047
20637,96663488,96652111,11377
20638,96652111,96652111,0
20639,97003151,97001379,1772
20640,97064512,97063648,864
20641,97064512,97063648,864
20642,97285353,97247607,37746
20643,97285353,97247607,37746
20644,97247607,97247607,0
20645,97345767,97345677,90
20646,97562618,97562444,174
20647,97588630,97587158,1472
20648,97588630,97587158,1472
20649,97588630,97587158,1472
20650,97588630,97587158,1472
20651,97730429,97730353,76
20652,97731052,97730353,699
20653,97731061,97717796,13265
20654,97730429,97730353,76
20655,99286666,99284081,2585
20656,99395849,99374864,20985
20657,99395849,99374864,20985
20658,99395849,99347266,48583
20659,99353546,99347266,6280
20660,99790909,99739679,51230
20661,99797531,99797248,283
20662,99842082,99842055,27
20663,99849314,99848633,681
20664,99873207,99862535,10672
20665,99873207,99862535,10672
20666,99873207,99862535,10672
20667,99873207,99862535,10672
20668,99873207,99862535,10672
20669,99873207,99862535,10672
20670,99956658,99936134,20524
20671,99963252,99958096,5156
20672,99963308,99958096,5212
20673,99963308,99958096,5212
20674,99981059,99979596,1463
20675,100016690,100009281,7409
20676,100016690,100016403,287
20677,100016690,100016403,287
20678,100016690,100009281,7409
20679,100016690,100016403,287
20680,100063454,100062635,819
20681,100442099,100404023,38076
20682,100442114,100404023,38091
20683,100911811,100911344,467
20684,100911811,100911344,467
20685,100912805,100911344,1461
20686,101329224,101315873,13351
20687,101329224,101296530,32694
20688,101329224,101315873,13351
20689,101329224,101315873,13351
20690,101329224,101315873,13351
20691,102193018,102192584,434
20692,102338007,102337742,265
20693,102517958,102513788,4170
20694,102517958,102511884,6074
20695,102517958,102516386,1572
20696,102517958,102511884,6074
20697,105233194,105224890,8304
20698,105235289,105233227,2062
20699,105307794,105307517,277
20700,105307794,105228239,79555
20701,105307794,105307517,277
20702,105531207,105526658,4549
20703,105531207,105505985,25222
20704,105584221,105581452,2769
20705,105584543,105581452,3091
20706,105585049,105581452,3597
20707,105617819,105614567,3252
20708,105627858,105609784,18074
20709,105850999,105850766,233
20710,106557814,106555361,2453
20711,106557814,106555361,2453
20712,106773291,106764083,9208
20713,106773695,106764083,9612
20714,106773695,106764083,9612
20715,106773695,106763977,9718
20716,106773695,106764083,9612
20717,107018334,107016441,1893
20718,107018334,107016441,1893
20719,107077373,107076896,477
20720,107077373,107076896,477
20721,107078366,107070818,7548
20722,107101698,107100568,1130
20723,107116292,107113877,2415
20724,107372547,107372440,107
20725,107372547,107372440,107
20726,107372547,107372440,107
20727,107435636,107420489,15147
20728,107780760,107655424,125336
20729,107780779,107780489,290
20730,107780779,107780489,290
20731,107780779,107780489,290
20732,107780779,107780489,290
20733,107910140,107908409,1731
20734,107982513,107956670,25843
20735,108053599,108042153,11446
20736,108145521,108093531,51990
20737,108145521,108070999,74522
20738,108093590,108076843,16747
20739,108145521,108093531,51990
20740,108243113,108243032,81
20741,108279482,108279213,269
20742,108395941,108395855,86
20743,108510013,108508667,1346
20744,108582464,108582125,339
20745,108582464,108582125,339
20746,108844251,108843628,623
20747,109005971,108986058,19913
20748,109005971,108986058,19913
20749,109005971,108986058,19913
20750,109005971,108986058,19913
20751,109090321,109090257,64
20752,109295352,109294717,635
20753,109295352,109294717,635
20754,109330191,109322661,7530
20755,109330758,109330663,95
20756,109415708,109415276,432
20757,109477128,109477092,36
20758,109485115,109484173,942
20759,109485115,109483952,1163
20760,109485115,109484173,942
20761,109485115,109484173,942
20762,109591717,109591574,143
20763,109629423,109629289,134
20764,109676151,109676149,2
20765,109703762,109703581,181
20766,109703762,109703581,181
20767,109703762,109703581,181
20768,109703762,109703581,181
20769,109703762,109703581,181
20770,109762374,109761793,581
20771,109762374,109761793,581
20772,109761990,109761793,197
20773,109763110,109762835,275
20774,109765122,109765108,14
20775,109775653,109775399,254
20776,109777190,109775399,1791
20777,109777190,109775399,1791
20778,109787171,109786880,291
20779,109803257,109803229,28
20780,109804440,109803229,1211
20781,109804440,109803229,1211
20782,109827750,109827575,175
20783,110012415,109996948,15467
20784,109871740,109871493,247
20785,110012415,109996948,15467
20786,110146634,110146468,166
20787,110146634,110146468,166
20788,110301924,110301404,520
20789,110301924,110301404,520
20790,110301924,110301404,520
20791,110301404,110301404,0
20792,110501207,110448804,52403
20793,110501207,110448804,52403
20794,110501207,110448804,52403
20795,110501207,110448804,52403
20796,110501207,110448804,52403
20797,110553422,110551334,2088
20798,110679475,110679475,0
20799,110731939,110620319,111620
20800,110736753,110736749,4
20801,110736753,110736749,4
20802,110797407,110797168,239
20803,110797844,110797777,67
20804,110797844,110797777,67
20805,110964521,110964477,44
20806,111136412,111136339,73
20807,111136412,111136339,73
20808,111136837,111067352,69485
20809,111136191,111136148,43
20810,111216913,111214819,2094
20811,111216913,111214819,2094
20812,111216913,111214819,2094
20813,111216913,111214819,2094
20814,111216913,111214819,2094
20815,111289091,111288993,98
20816,111346794,111346785,9
20817,111346794,111346785,9
20818,111368757,111368622,135
20819,111498912,111498889,23
20820,111544606,111543438,1168
20821,111544606,111543438,1168
20822,111590261,111588322,1939
20823,111631313,111631298,15
20824,111804432,111804091,341
20825,111804432,111737580,66852
20826,111804918,111737580,67338
20827,111824811,111824524,287
20828,111923497,111919119,4378
20829,111888563,111887754,809
20830,111927477,111913289,14188
20831,111927477,111913289,14188
20832,111927477,111913289,14188
20833,111927477,111913289,14188
20834,111927477,111913289,14188
20835,112041265,112041254,11
20836,112080334,112041254,39080
20837,112115084,112041254,73830
20838,112194655,112041254,153401
20839,112024237,112024202,35
20840,112390887,112390823,64
20841,112390887,112390823,64
20842,112408751,112408637,114
20843,112423993,112421990,2003
20844,112575917,112575352,565
20845,112575917,112575352,565
20846,112575917,112575352,565
20847,112575917,112575352,565
20848,112575917,112575352,565
20849,112575917,112575352,565
20850,112575352,112575352,0
20851,112672498,112671702,796
20852,112671702,112671702,0
20853,114184652,114181755,2897
20854,114291888,114281144,10744
20855,114292359,114281144,11215
20856,114292359,114292072,287
20857,114384041,114384009,32
20858,114663540,114384009,279531
20859,116381921,116381474,447
20860,116566853,116565187,1666
20861,116566853,116565187,1666
20862,116447296,116446655,641
20863,116575261,116575171,90
20864,116747990,116747989,1
20865,116601280,116600993,287
20866,116722435,116720833,1602
20867,116759442,116758508,934
20868,116759442,116758508,934
20869,116759442,116758508,934
20870,116759442,116758508,934
20871,116784934,116784868,66
20872,116784934,116784868,66
20873,116821896,116821817,79
20874,116833506,116821817,11689
20875,116866773,116866677,96
20876,116839709,116837152,2557
20877,116880031,116879374,657
20878,116880031,116879374,657
20879,116880031,116879374,657
20880,116880031,116879374,657
20881,116879374,116879374,0
20882,116914436,116914264,172
20883,116914436,116914264,172
20884,116914436,116914264,172
20885,116954148,116953604,544
20886,116954148,116953392,756
20887,116989973,116988355,1618
20888,116989973,116981980,7993
20889,117063030,117053486,9544
20890,117086886,117086739,147
20891,117150198,117150176,22
20892,117150198,117150176,22
20893,117150198,117150176,22
20894,117253326,117252669,657
20895,117594728,117593657,1071
20896,117594728,117593657,1071
20897,117747018,117746819,199
20898,117894795,117894764,31
20899,117870960,117866724,4236
20900,117891020,117890787,233
20901,117870960,117869602,1358
20902,117923705,117923451,254
20903,117923705,117923451,254
20904,118031886,118028178,3708
20905,118638839,118635415,3424
20906,118973020,118972432,588
20907,119031238,118973944,57294
20908,118973020,118972432,588
20909,118973710,118887405,86305
20910,119031238,118973944,57294
20911,118881587,118880243,1344
20912,118880243,118880243,0
20913,118973710,118887405,86305
20914,119252903,119252888,15
20915,119230335,119228779,1556
20916,119256327,119252888,3439
20917,119399812,119399464,348
20918,119470358,119345777,124581
20919,119470358,119345777,124581
20920,119670931,119670230,701
20921,119670931,119670230,701
20922,121655644,121655576,68
20923,121558208,121481225,76983
20924,121613339,121604985,8354
20925,121769230,121769142,88
20926,121769327,121769142,185
20927,121770873,121769142,1731
20928,121769142,121769142,0
20929,122741555,122741379,176
20930,122754264,122753365,899
20931,122754264,122753365,899
20932,122792952,122792882,70
20933,123047518,123046340,1178
20934,123047518,123046340,1178
20935,123047518,123046340,1178
20936,123047518,123046340,1178
20937,123047518,123046340,1178
20938,123047518,123046340,1178
20939,123047518,123046340,1178
20940,123104039,123102492,1547
20941,123105216,123101656,3560
20942,123105218,123104912,306
20943,123130864,123130553,311
20944,123130864,123130553,311
20945,123385063,123384906,157
20946,123714822,123637614,77208
20947,123958238,123957920,318
20948,123958238,123957920,318
20949,123958238,123957920,318
20950,123958238,123957920,318
20951,123958238,123957920,318
20952,124980104,124979625,479
20953,125146786,125144375,2411
20954,125146786,125144375,2411
20955,125146786,125144375,2411
20956,125146786,125144375,2411
20957,125404661,125404083,578
20958,125404661,125404043,618
20959,125584644,125584108,536
20960,125584644,125583989,655
20961,125584644,125583989,655
20962,125574945,125573186,1759
20963,125584644,125584108,536
20964,125584644,125583989,655
20965,125623282,125623078,204
20966,126082415,126080948,1467
20967,126082415,126080948,1467
20968,126253176,126249917,3259
20969,126253176,126249917,3259
20970,126205465,126203748,1717
20971,126207312,126206493,819
20972,126253176,126249917,3259
20973,126253176,126249917,3259
20974,126253176,126249917,3259
20975,126177238,126176424,814
20976,126253176,126249917,3259
20977,126301389,126298822,2567
20978,126301389,126298822,2567
20979,126360420,126359982,438
20980,126360420,126359982,438
20981,126669754,126669638,116
20982,127518184,127517152,1032
20983,127518910,127518654,256
20984,127609705,127608838,867
20985,127609705,127608838,867
20986,127609705,127608838,867
20987,127609705,127608838,867
20988,127609705,127608838,867
20989,127609705,127608838,867
20990,127609705,127608838,867
20991,127609705,127608838,867
20992,127609705,127608838,867
20993,127609705,127608838,867
20994,127608838,127608838,0
20995,127663552,127663516,36
20996,127664754,127652173,12581
20997,127664754,127648284,16470
20998,127664754,127652173,12581
20999,127664754,127648284,16470
21000,127768230,127768160,70
21001,127772361,127771281,1080
21002,127780535,127775126,5409
21003,127796859,127775126,21733
21004,127840500,127837759,2741
21005,127912963,127912767,196
21006,128176333,128151038,25295
21007,128222226,128222077,149
21008,128222226,128222077,149
21009,128239776,128176319,63457
21010,128841870,128841503,367
21011,128841870,128841503,367
21012,128841870,128841503,367
21013,128841870,128841503,367
21014,128326389,128326361,28
21015,128718833,128718815,18
21016,128841870,128841503,367
21017,128841870,128718720,123150
21018,129837710,129837492,218
21019,129837710,129837492,218
21020,129837710,129837492,218
21021,130031370,130031281,89
21022,130031370,130031281,89
21023,130182692,130182341,351
21024,130182416,130182333,83
21025,130462594,130460898,1696
21026,130462594,130460898,1696
21027,130537030,130536992,38
21028,130544099,130536418,7681
21029,130686570,130536418,150152
21030,130536783,130536418,365
21031,130536439,130536418,21
21032,130536439,130535627,812
21033,130764210,130763043,1167
21034,130764210,130763043,1167
21035,130764210,130763043,1167
21036,130764210,130763043,1167
21037,130763043,130763043,0
21038,131158276,131156095,2181
21039,131189077,131188811,266
21040,131204234,131201623,2611
21041,131291623,131277625,13998
21042,131321907,131277625,44282
21043,131384462,131277625,106837
21044,131384462,131277625,106837
21045,131384462,131277625,106837
21046,131384462,131277625,106837
21047,131199390,131199321,69
21048,131604675,131602866,1809
21049,131604675,131602866,1809
21050,131604675,131602866,1809
21051,131905465,131904947,518
21052,131905472,131905048,424
21053,131905472,131905048,424
21054,131949379,131949189,190
21055,131949379,131949189,190
21056,131914311,131913563,748
21057,131949379,131949189,190
21058,131949379,131949189,190
21059,131931386,131931329,57
21060,131949379,131949189,190
21061,132068550,132068096,454
21062,131996660,131996333,327
21063,132068550,132068096,454
21064,132022541,132022541,0
21065,132032157,132032157,0
21066,132216295,132211651,4644
21067,132198980,132198343,637
21068,132272518,132272312,206
21069,132696204,132695976,228
21070,132722664,132722565,99
21071,132834337,132824669,9668
21072,132834337,132824669,9668
21073,132860475,132860475,0
21074,132874860,132874860,0
21075,132892498,132892498,0
21076,132910877,132910825,52
21077,132930441,132930261,180
21078,132939232,132939209,23
21079,132945414,132945414,0
21080,132967142,132967142,0
21081,133035194,133035174,20
21082,133055831,133046071,9760
21083,133055904,133047915,7989
21084,133055904,133047915,7989
21085,133055904,133047915,7989
21086,133055904,133046071,9833
21087,133055904,133046071,9833
21088,133055904,133046071,9833
21089,133078898,133072610,6288
21090,133079033,133079022,11
21091,133079033,133072610,6423
21092,133079033,133079022,11
21093,133079033,133078644,389
21094,133084598,133078863,5735
21095,133119747,133119595,152
21096,133119747,133111364,8383
21097,133138703,133138681,22
21098,133138490,133137202,1288
21099,133853258,133849943,3315
21100,133852550,133852364,186
21101,133853258,133849943,3315
21102,133853258,133849943,3315
21103,133853258,133849943,3315
21104,133853258,133849943,3315
21105,134175130,134158855,16275
21106,134213393,134212940,453
21107,134216675,134212940,3735
21108,134219157,134217030,2127
21109,134308638,134308178,460
21110,134308638,134308178,460
21111,134373789,134373618,171
21112,134438818,134436475,2343
21113,134495999,134495770,229
21114,134496034,134495945,89
21115,134496034,134495945,89
21116,134497070,134496799,271
21117,134499010,134498960,50
21118,134639196,134638598,598
21119,134639196,134638598,598
21120,134825158,134824006,1152
21121,135271260,135271191,69
21122,135271260,135271191,69
21123,135271260,135271191,69
21124,135271260,135260491,10769
21125,135304711,135303731,980
21126,135348292,135323918,24374
21127,135371785,135318051,53734
21128,135371785,135323918,47867
21129,135376036,135375829,207
21130,135376036,135375829,207
21131,135376036,135375829,207
21132,135525088,135524886,202
21133,135540311,135539118,1193
21134,135540311,135539118,1193
21135,135540311,135539118,1193
21136,135540311,135539118,1193
21137,135540311,135539118,1193
21138,135540311,135539118,1193
21139,135540311,135539118,1193
21140,135540311,135539118,1193
21141,135540311,135539118,1193
21142,135540311,135539118,1193
21143,135515823,135515622,201
21144,135769613,135768274,1339
21145,135818903,135813375,5528
21146,135818903,135813375,5528
21147,135818903,135813375,5528
21148,135818903,135813375,5528
21149,135839968,135839872,96
21150,136516709,136512978,3731
21151,136516709,136512978,3731
21152,136571449,136570237,1212
21153,136571449,136570237,1212
21154,136571449,136565941,5508
21155,136589809,136589680,129
21156,136610989,136601004,9985
21157,136610989,136601004,9985
21158,136610989,136601004,9985
21159,136610989,136601004,9985
21160,136788013,136787920,93
21161,136847351,136847102,249
21162,136847351,136847102,249
21163,136847351,136847102,249
21164,136847744,136847102,642
21165,136847744,136709618,138126
21166,136847848,136709618,138230
21167,136871957,136871546,411
21168,136871957,136871546,411
21169,136871957,136871546,411
21170,136847848,136709618,138230
21171,136847848,136847102,746
21172,136977598,136935315,42283
21173,137113656,137113295,361
21174,137110761,137041710,69051
21175,137113656,137113295,361
21176,137235072,137234664,408
21177,137246776,137245834,942
21178,137330001,137325817,4184
21179,137365411,137338181,27230
21180,137366298,137365865,433
21181,137366298,137338174,28124
21182,137494785,137482886,11899
21183,137494785,137482886,11899
21184,137494785,137482886,11899
21185,137539651,137539588,63
21186,137540567,137540464,103
21187,137540567,137536458,4109
21188,137815531,137815307,224
21189,138204451,138202456,1995
21190,138204451,138202456,1995
21191,138204451,138202456,1995
21192,138204451,138202456,1995
21193,138200488,138200487,1
21194,138428660,138428477,183
21195,138665800,138657623,8177
21196,138539627,138539532,95
21197,138734582,138734215,367
21198,138820579,138820427,152
21199,138893668,138893048,620
21200,138820579,138820427,152
21201,139018187,139017840,347
21202,139018425,139017840,585
21203,139094816,139094687,129
21204,139114456,139113940,516
21205,139225207,139223764,1443
21206,139225207,139223764,1443
21207,139225207,139223764,1443
21208,139309398,139308819,579
21209,139309398,139308819,579
21210,139309398,139308819,579
21211,139309398,139308819,579
21212,139309398,139262505,46893
21213,139364439,139364040,399
21214,139364439,139364040,399
21215,139501946,139498242,3704
21216,139613208,139610036,3172
21217,139695350,139695275,75
21218,139695499,139695081,418
21219,139695787,139695081,706
21220,139695081,139695081,0
21221,142351554,141941379,410175
21222,142409936,142409795,141
21223,142542085,142539780,2305
21224,142542085,142539780,2305
21225,142692091,142692073,18
21226,142767403,142764519,2884
21227,142767403,142764519,2884
21228,142767403,142764652,2751
21229,142767403,142764652,2751
21230,142767403,142764652,2751
21231,143266338,143095875,170463
21232,143661441,143660813,628
21233,143509661,143508530,1131
21234,143511730,143508780,2950
21235,143661441,143660813,628
21236,143661441,143660813,628
21237,143771841,143771795,46
21238,143793620,143793480,140
21239,143811751,143810363,1388
21240,143833020,143832771,249
21241,143824028,143823716,312
21242,144152322,144144826,7496
21243,144152322,144144826,7496
21244,144152322,144144826,7496
21245,144152322,144144826,7496
21246,144184943,144184664,279
21247,144184423,144184423,0
21248,144259483,144258856,627
21249,144259483,144258856,627
21250,144282547,144269273,13274
21251,144287367,144263796,23571
21252,144329541,144269273,60268
21253,144329541,144269273,60268
21254,144329541,144269273,60268
21255,144329541,144269273,60268
21256,144329541,144269273,60268
21257,144329541,144269273,60268
21258,144329541,144263796,65745
21259,144329541,144269273,60268
21260,144329541,144263796,65745
21261,144329541,144269273,60268
21262,144329541,144269273,60268
21263,144329541,144263796,65745
21264,144329541,144269273,60268
21265,144385735,144263796,121939
21266,144385735,144269273,116462
21267,144385735,144263796,121939
21268,144385735,144263796,121939
21269,144385735,144269273,116462
21270,144385735,144269273,116462
21271,144385735,144263796,121939
21272,144385735,144269273,116462
21273,144385735,144263796,121939
21274,144263796,144263796,0
21275,144416754,144416634,120
21276,144513076,144508628,4448
21277,144508628,144508628,0
21278,144801118,144801118,0
21279,145174170,145172133,2037
21280,145992467,145992388,79
21281,146056991,146056634,357
21282,146056991,146056634,357
21283,146056991,146056634,357
21284,146057122,146007319,49803
21285,146113109,146112819,290
21286,146135921,146127541,8380
21287,146285233,146276458,8775
21288,146285233,146276458,8775
21289,146276490,146266762,9728
21290,146254314,146247408,6906
21291,146248472,146247408,1064
21292,146285559,146276458,9101
21293,146480741,146480737,4
21294,146758734,146747755,10979
21295,146758734,146755932,2802
21296,146758734,146747755,10979
21297,146758734,146747755,10979
21298,146758734,146755109,3625
21299,146876086,146875741,345
21300,147136597,147136353,244
21301,147136597,147136353,244
21302,147136597,147136353,244
21303,147711612,147705891,5721
21304,147711612,147705891,5721
21305,147711612,147705891,5721
21306,147661829,147660356,1473
21307,147891157,147885592,5565
21308,148051503,148051360,143
21309,148873184,148869694,3490
21310,148865954,148865954,0
21311,148873184,148869694,3490
21312,149398126,149395252,2874
21313,149732747,149730855,1892
21314,149732747,149730855,1892
21315,149700654,149700653,1
21316,149732747,149730855,1892
21317,149722182,149721815,367
21318,149806148,149795679,10469
21319,149795749,149795679,70
21320,149867238,149867141,97
21321,149867238,149867141,97
21322,149902317,149901901,416
21323,149912067,149911974,93
21324,149959728,149959683,45
21325,149969940,149959683,10257
21326,149969940,149959683,10257
21327,149959696,149959683,13
21328,150037561,150018260,19301
21329,150039392,150023262,16130
21330,150023402,150023262,140
21331,150039392,150023262,16130
21332,150039392,150018260,21132
21333,150067688,150067631,57
21334,150067688,150067631,57
21335,150123667,150123515,152
21336,150132557,150123515,9042
21337,150132557,150131764,793
21338,150132557,150123515,9042
21339,150132557,150123515,9042
21340,150132557,150131764,793
21341,150185480,150185156,324
21342,150185480,150185156,324
21343,150217195,150212037,5158
21344,150212170,150212037,133
21345,150212170,150212037,133
21346,150212170,150212037,133
21347,150244214,150244146,68
21348,150270368,150268565,1803
21349,150270368,150269863,505
21350,150294846,150291261,3585
21351,150346668,150346607,61
21352,150386809,150386786,23
21353,150390283,150390202,81
21354,150390283,150390202,81
21355,150571528,150569956,1572
21356,150725765,150716586,9179
21357,150725765,150719273,6492
21358,150725765,150719373,6392
21359,150725765,150719373,6392
21360,151153341,151153340,1
21361,151164799,151162032,2767
21362,151164799,151162032,2767
21363,151153341,151153340,1
21364,151220136,151220043,93
21365,151423023,151413692,9331
21366,151423023,151413692,9331
21367,151423023,151413692,9331
21368,151220136,151220043,93
21369,151423023,151413692,9331
21370,151679694,151674875,4819
21371,151679694,151674875,4819
21372,151679694,151674875,4819
21373,151679694,151674875,4819
21374,151712677,151694772,17905
21375,151765760,151754345,11415
21376,151773316,151766946,6370
21377,151773316,151757683,15633
21378,151766960,151766946,14
21379,151766960,151766946,14
21380,151791232,151790245,987
21381,151791232,151790245,987
21382,151942328,151939282,3046
21383,152129499,152129497,2
21384,152163922,152163921,1
21385,152163922,152163921,1
21386,152163922,152163921,1
21387,152163922,152163921,1
21388,152424408,152420101,4307
21389,152424408,152420101,4307
21390,152424408,152420101,4307
21391,152424408,152420101,4307
21392,152424408,152420101,4307
21393,152424408,152420101,4307
21394,152424408,152420101,4307
21395,152424408,152420101,4307
21396,152424408,152420101,4307
21397,152424408,152419869,4539
21398,152424408,152417823,6585
21399,152424408,152420101,4307
21400,152424408,152420101,4307
21401,152382259,152382145,114
21402,152424408,152419898,4510
21403,152506513,152501336,5177
21404,152510542,152501336,9206
21405,152547011,152546906,105
21406,152639514,152639359,155
21407,152957986,152949466,8520
21408,152958534,152949466,9068
21409,152623239,152623210,29
21410,152642679,152642480,199
21411,152643098,152643020,78
21412,152639514,152639359,155
21413,152642679,152642480,199
21414,152643098,152643020,78
21415,152655408,152655201,207
21416,152702497,152688439,14058
21417,152702497,152702383,114
21418,152957940,152949466,8474
21419,152784025,152784007,18
21420,152804384,152793446,10938
21421,152793764,152787141,6623
21422,152793764,152793756,8
21423,152949689,152949466,223
21424,152958534,152949466,9068
21425,153045715,153043388,2327
21426,153080902,153078276,2626
21427,153080902,153078276,2626
21428,153080902,153078276,2626
21429,153304203,153304094,109
21430,153304740,153296721,8019
21431,153323925,153323820,105
21432,153323925,153323820,105
21433,153323925,153323820,105
21434,153323925,153323820,105
21435,153323925,153316367,7558
21436,153452389,153365153,87236
21437,154411313,154411312,1
21438,154440594,154439856,738
21439,154440594,154439856,738
21440,154440594,154439856,738
21441,154413073,154412622,451
21442,154413098,154413024,74
21443,154414655,154414581,74
21444,154428787,154428698,89
21445,154428787,154428756,31
21446,154430153,154428930,1223
21447,154430153,154429180,973
21448,154431588,154431546,42
21449,154440594,154439821,773
21450,154440594,154439856,738
21451,154568001,154567919,82
21452,154440594,154439856,738
21453,154413073,154412622,451
21454,154534464,154534050,414
21455,154651215,154587081,64134
21456,154677900,154587081,90819
21457,154677900,154587081,90819
21458,154831753,154831248,505
21459,154732276,154732092,184
21460,154732276,154732092,184
21461,154831753,154831248,505
21462,155155194,155154529,665
21463,155155194,155154529,665
21464,155155194,155154529,665
21465,155155194,155154529,665
21466,155154519,155154517,2
21467,155578857,155578255,602
21468,155578857,155578255,602
21469,155578857,155578255,602
21470,155578857,155578255,602
21471,155578324,155578255,69
21472,155578857,155578255,602
21473,155578857,155578255,602
21474,155635617,155635562,55
21475,155597682,155597513,169
21476,155597513,155597513,0
21477,155777037,155776934,103
21478,157531913,157529025,2888
21479,157531913,157529025,2888
21480,157531913,157529025,2888
21481,157473538,157470146,3392
21482,157745253,157744531,722
21483,158094977,158094154,823
21484,158094977,158094154,823
21485,158049743,158049553,190
21486,158094977,158094154,823
21487,158366109,158363870,2239
21488,158515126,158515042,84
21489,158520207,158517396,2811
21490,158520207,158517396,2811
21491,158487980,158487717,263
21492,158487980,158487717,263
21493,158520207,158517396,2811
21494,158520207,158517396,2811
21495,158587191,158551440,35751
21496,158589312,158579395,9917
21497,158580331,158579395,936
21498,158620376,158613189,7187
21499,158902570,158902413,157
21500,158932856,158927726,5130
21501,158932856,158927632,5224
21502,159049522,159049521,1
21503,159056467,159052920,3547
21504,159010792,159010790,2
21505,159010814,159010814,0
21506,159010814,159010814,0
21507,159065804,159065740,64
21508,159185908,159185636,272
21509,159185908,159185636,272
21510,159185908,159185636,272
21511,159185908,159185636,272
21512,159185908,159185636,272
21513,159191004,159190887,117
21514,159239340,159239125,215
21515,159239340,159239125,215
21516,159240456,159239125,1331
21517,159278664,159263112,15552
21518,159331385,159331245,140
21519,159421198,159421008,190
21520,159421198,159421008,190
21521,159463371,159463235,136
21522,159466184,159465178,1006
21523,159466184,159461807,4377
21524,159466184,159465178,1006
21525,159693140,159692474,666
21526,159660989,159660988,1
21527,160114353,160114199,154
21528,160114353,160114199,154
21529,160114353,160114199,154
21530,160114353,160114199,154
21531,160114353,160114199,154
21532,160114353,160114199,154
21533,160170453,160169682,771
21534,160170453,160169405,1048
21535,160177352,160176643,709
21536,160170453,160169405,1048
21537,160170453,160169682,771
21538,160170453,160169405,1048
21539,160177352,160176643,709
21540,160177352,160176643,709
21541,160200087,160199861,226
21542,160200087,160199861,226
21543,160200087,160199861,226
21544,160210735,160210500,235
21545,160210735,160206440,4295
21546,160219461,160219155,306
21547,160241736,160241549,187
21548,160241736,160241549,187
21549,160329107,160328965,142
21550,160527583,160526116,1467
21551,160517244,160514486,2758
21552,160579750,160579614,136
21553,160579750,160579583,167
21554,160679963,160679789,174
21555,160679963,160679789,174
21556,160873611,160872088,1523
21557,161087407,161085246,2161
21558,161132904,161132227,677
21559,161175085,161174093,992
21560,161530946,161530945,1
21561,161538417,161537902,515
21562,161538417,161537902,515
21563,161538417,161537902,515
21564,161538417,161537902,515
21565,161538417,161537902,515
21566,161695107,161653245,41862
21567,161695107,161575270,119837
21568,161695107,161653245,41862
21569,161695107,161653245,41862
21570,161695107,161587441,107666
21571,161695107,161653245,41862
21572,161583014,161582570,444
21573,162258053,161969990,288063
21574,162864505,162475167,389338
21575,162864505,162475167,389338
21576,163148834,163148700,134
21577,163148834,163148700,134
21578,163148834,163148700,134
21579,163148834,163148700,134
21580,163148834,163148700,134
21581,163148834,163148743,91
21582,163148834,162683731,465103
21583,163148834,162475167,673667
21584,163148834,163148700,134
21585,163148834,163148700,134
21586,163736524,163736019,505
21587,163736524,163736019,505
21588,163736524,163736019,505
21589,163612840,163612826,14
21590,163999628,163991742,7886
21591,163999628,163984777,14851
21592,163999628,163985742,13886
21593,163999628,163987003,12625
21594,163999628,163991742,7886
21595,163999628,163985742,13886
21596,165723111,165723075,36
21597,165990027,165863835,126192
21598,166075588,165989936,85652
21599,166075588,166075501,87
21600,166401527,166401386,141
21601,166401527,166354243,47284
21602,166401527,166401386,141
21603,166403103,166401439,1664
21604,166581365,166581079,286
21605,166582157,166581079,1078
21606,166582157,166581079,1078
21607,166721871,166721630,241
21608,166755991,166755969,22
21609,166796501,166780325,16176
21610,166796501,166796364,137
21611,166796501,166796364,137
21612,166837464,166836782,682
21613,166955938,166944750,11188
21614,166958171,166944750,13421
21615,167040726,167040507,219
21616,167275771,167275658,113
21617,167275771,167275658,113
21618,167370077,167369670,407
21619,167370077,167356562,13515
21620,167367068,167366008,1060
21621,167370679,167352491,18188
21622,167453926,167453607,319
21623,167454066,167453466,600
21624,167454066,167453466,600
21625,167552629,167550843,1786
21626,167552629,167550843,1786
21627,167552629,167550843,1786
21628,167552629,167550843,1786
21629,167571319,167571319,0
21630,167596396,167595404,992
21631,167729502,167728940,562
21632,167729502,167728940,562
21633,167756177,167755167,1010
21634,167797998,167796361,1637
21635,167797998,167796361,1637
21636,167797918,167797860,58
21637,168084736,168084672,64
21638,168352942,168352942,0
21639,168365793,168363262,2531
21640,168372700,168370615,2085
21641,168372700,168370615,2085
21642,168312844,168312205,639
21643,168372700,168370615,2085
21644,168364899,168363262,1637
21645,168377619,168377332,287
21646,168445769,168445676,93
21647,168445769,168445676,93
21648,168466658,168464397,2261
21649,168468126,168464397,3729
21650,168468203,168468166,37
21651,168476532,168476427,105
21652,168479839,168479774,65
21653,168479857,168464397,15460
21654,168720402,168720313,89
21655,169068674,169067118,1556
21656,169068674,169067118,1556
21657,169068674,169067118,1556
21658,169654137,169650879,3258
21659,170102159,170089101,13058
21660,170102159,170089101,13058
21661,170064950,170064364,586
21662,170102159,170089101,13058
21663,170103380,170103131,249
21664,170106402,170103131,3271
21665,170124106,170124027,79
21666,170124106,170124027,79
21667,170116184,170116146,38
21668,170151638,170151554,84
21669,170181617,170181609,8
21670,170181617,170181609,8
21671,170181617,170181609,8
21672,170181617,170181609,8
21673,170181617,170181609,8
21674,170198921,170190754,8167
21675,170571657,170564019,7638
21676,170599697,170599227,470
21677,170599697,170599227,470
21678,170599697,170599227,470
21679,170700457,170700286,171
21680,170714237,170713678,559
21681,170714237,170713678,559
21682,170859529,170852818,6711
21683,170862417,170862330,87
21684,170881958,170881353,605
21685,170881958,170881353,605
21686,170881958,170881353,605
21687,170871467,170871325,142
21688,170893742,170893669,73
21689,170893780,170893669,111
21690,170893780,170893669,111
21691,170893742,170893669,73
21692,170893742,170893669,73
21693,170893780,170893669,111
21694,170893780,170893669,111
21695,170893780,170893562,218
21696,300740,299946,794
21697,300740,299946,794
21698,331454,331454,0
21699,559481,558638,843
21700,559481,558638,843
21701,553104,552294,810
21702,731428,731188,240
21703,752161,751142,1019
21704,752577,751142,1435
21705,752844,751142,1702
21706,766978,751142,15836
21707,767313,751142,16171
21708,767313,751142,16171
21709,826116,825290,826
21710,826116,825290,826
21711,812599,810259,2340
21712,826116,825290,826
21713,826116,825290,826
21714,883509,883273,236
21715,883509,883273,236
21716,890404,889326,1078
21717,914557,912968,1589
21718,914557,912968,1589
21719,914557,912968,1589
21720,914557,912968,1589
21721,914557,912968,1589
21722,914557,912968,1589
21723,914557,912968,1589
21724,936071,935059,1012
21725,1015235,966277,48958
21726,944909,943888,1021
21727,960513,960440,73
21728,966852,966277,575
21729,994306,994113,193
21730,1015235,1015145,90
21731,1029276,1028458,818
21732,1029276,1028164,1112
21733,1177893,1167021,10872
21734,1177893,1167021,10872
21735,1177893,1167021,10872
21736,1098897,1098153,744
21737,1098897,1098153,744
21738,1133451,1132492,959
21739,1133451,1132492,959
21740,1133451,1132492,959
21741,1133451,1132492,959
21742,1132492,1132492,0
21743,1199855,1197848,2007
21744,1199855,1197848,2007
21745,1276613,1276613,0
21746,1482120,1481999,121
21747,1499109,1498962,147
21748,1544018,1543596,422
21749,1533547,1533498,49
21750,1544018,1543596,422
21751,1582679,1580011,2668
21752,1574516,1574379,137
21753,1590618,1588905,1713
21754,1595120,1589548,5572
21755,1596066,1595120,946
21756,1609629,1608975,654
21757,1609668,1608975,693
21758,1629259,1627634,1625
21759,1733961,1733531,430
21760,1787590,1786719,871
21761,1786719,1786719,0
21762,1980185,1976497,3688
21763,2255644,2255630,14
21764,2272583,2269768,2815
21765,2272583,2269768,2815
21766,2272583,2269768,2815
21767,2272583,2269768,2815
21768,2272583,2262265,10318
21769,2272583,2269768,2815
21770,2272583,2269768,2815
21771,2281833,2281804,29
21772,2281833,2275035,6798
21773,2290780,2290636,144
21774,2290780,2290636,144
21775,2290780,2290636,144
21776,2290780,2290636,144
21777,2290780,2290636,144
21778,2290780,2290636,144
21779,2290780,2290636,144
21780,2354099,2354056,43
21781,2420377,2419132,1245
21782,2420377,2419132,1245
21783,2404164,2404162,2
21784,2420377,2419132,1245
21785,2474216,2473519,697
21786,2474216,2473519,697
21787,2474216,2473519,697
21788,2473519,2473519,0
21789,2568063,2566846,1217
21790,2568063,2566846,1217
21791,2568063,2566846,1217
21792,2568810,2568520,290
21793,2582153,2578878,3275
21794,2595392,2594065,1327
21795,2583850,2583501,349
21796,2595392,2594065,1327
21797,2641583,2641155,428
21798,2647189,2647001,188
21799,2647189,2647001,188
21800,2647189,2647001,188
21801,2654368,2649796,4572
21802,2654368,2649796,4572
21803,2654368,2649796,4572
21804,2704436,2701373,3063
21805,2704436,2701373,3063
21806,2704436,2701373,3063
21807,2755069,2752512,2557
21808,2755069,2752079,2990
21809,2755069,2752512,2557
21810,2854893,2854564,329
21811,2883959,2883795,164
21812,2883959,2883795,164
21813,3083509,2998140,85369
21814,4308631,4305016,3615
21815,4308631,4305016,3615
21816,4308631,4308382,249
21817,4308631,4305016,3615
21818,4811074,4802095,8979
21819,4795175,4794252,923
21820,4811074,4802095,8979
21821,4834026,4831016,3010
21822,4834026,4831016,3010
21823,4843699,4843563,136
21824,4871840,4862154,9686
21825,4877688,4876051,1637
21826,4923335,4917770,5565
21827,4901625,4901441,184
21828,4998844,4998648,196
21829,4998844,4998648,196
21830,4998844,4998648,196
21831,5112854,5112849,5
21832,5109119,5105232,3887
21833,5112854,5112096,758
21834,5109119,5105232,3887
21835,5109119,5105232,3887
21836,5112854,5112680,174
21837,5172198,5172087,111
21838,5172198,5172136,62
21839,5184177,5172087,12090
21840,5273486,5270578,2908
21841,5273486,5270578,2908
21842,5273486,5270578,2908
21843,5273486,5270578,2908
21844,5273486,5270578,2908
21845,5258662,5256902,1760
21846,5273486,5270578,2908
21847,5343704,5342570,1134
21848,5343704,5342570,1134
21849,5343704,5342570,1134
21850,5463177,5460877,2300
21851,5396907,5396886,21
21852,5451779,5434191,17588
21853,5465045,5434191,30854
21854,5461518,5460877,641
21855,5553399,5553305,94
21856,5553399,5553305,94
21857,5569294,5568347,947
21858,5570232,5569288,944
21859,5570232,5568347,1885
21860,5646287,5645105,1182
21861,5646287,5645105,1182
21862,5800769,5769146,31623
21863,5800769,5769146,31623
21864,5821361,5800700,20661
21865,5821361,5800700,20661
21866,5821361,5769146,52215
21867,5925994,5925720,274
21868,5965603,5965318,285
21869,6000495,6000435,60
21870,6010314,6006747,3567
21871,6010314,6006747,3567
21872,6003113,5997615,5498
21873,5995812,5995677,135
21874,6043689,6043637,52
21875,6048737,6042215,6522
21876,6048737,6048650,87
21877,6048737,6042215,6522
21878,6048737,6031658,17079
21879,6048737,6048650,87
21880,6048737,6048650,87
21881,6063465,6063322,143
21882,6098860,6098714,146
21883,6098860,6098714,146
21884,6098860,6094215,4645
21885,6076183,6076017,166
21886,6086068,6085707,361
21887,6185287,6185287,0
21888,6189933,6189933,0
21889,6196962,6196718,244
21890,6201195,6199088,2107
21891,6201195,6199088,2107
21892,6194826,6194824,2
21893,6212706,6212555,151
21894,6312242,6312138,104
21895,6388590,6370785,17805
21896,6370785,6370785,0
21897,6443598,6442077,1521
21898,6443598,6442077,1521
21899,6443598,6442077,1521
21900,6457422,6456322,1100
21901,6462434,6461666,768
21902,6474598,6474544,54
21903,6487643,6487473,170
21904,6487643,6487473,170
21905,6487643,6470196,17447
21906,6487643,6470196,17447
21907,6523849,6485707,38142
21908,6523849,6523688,161
21909,6523849,6523688,161
21910,6591067,6591067,0
21911,6628610,6628541,69
21912,6628610,6628541,69
21913,6628610,6628541,69
21914,6628610,6628541,69
21915,6648355,6647792,563
21916,6648355,6647792,563
21917,6663921,6662602,1319
21918,6744854,6732086,12768
21919,6746566,6744804,1762
21920,6746566,6744804,1762
21921,6777567,6777302,265
21922,6838396,6838174,222
21923,6838396,6838174,222
21924,6836561,6836276,285
21925,6865926,6865828,98
21926,6865926,6862952,2974
21927,6865926,6865828,98
21928,7136417,7136291,126
21929,7274928,7274196,732
21930,7288280,7283358,4922
21931,7288280,7283358,4922
21932,7278595,7278595,0
21933,7575460,7572506,2954
21934,7575460,7546776,28684
21935,7557468,7495710,61758
21936,7477093,7477078,15
21937,7647110,7646723,387
21938,7613400,7613399,1
21939,7647110,7646723,387
21940,7647110,7646723,387
21941,7758238,7680049,78189
21942,7918851,7917169,1682
21943,8128709,8126168,2541
21944,8275570,8275556,14
21945,8301682,8275556,26126
21946,8301911,8275556,26355
21947,8301911,8267301,34610
21948,8302242,8275556,26686
21949,8302242,8275556,26686
21950,8302242,8275556,26686
21951,8792593,8791399,1194
21952,8792593,8791399,1194
21953,10979813,10979684,129
21954,11147376,11142125,5251
21955,11147376,11142125,5251
21956,11209250,11209117,133
21957,11419382,11419358,24
21958,11871824,11871572,252
21959,11871824,11871572,252
21960,12276890,12271601,5289
21961,12276890,12271601,5289
21962,12443852,12443342,510
21963,12443852,12410439,33413
21964,12616811,12610362,6449
21965,12693228,12692340,888
21966,12693228,12692340,888
21967,12730558,12728482,2076
21968,12730558,12728482,2076
21969,12730558,12728482,2076
21970,12730558,12728482,2076
21971,12728482,12728482,0
21972,14026139,14025801,338
21973,14026139,14025801,338
21974,14026139,14025801,338
21975,14026139,14025801,338
21976,14026139,14025801,338
21977,14026139,14025801,338
21978,14028764,14028677,87
21979,14028764,14028677,87
21980,14029642,14028677,965
21981,14029642,14028677,965
21982,14030865,14028677,2188
21983,14031050,14028677,2373
21984,14025145,13975493,49652
21985,14881075,14880888,187
21986,14942550,14880888,61662
21987,14881075,14880888,187
21988,14881075,14880888,187
21989,14942550,14880888,61662
21990,15601640,15601470,170
21991,15726308,15726027,281
21992,16460947,16460947,0
21993,16460947,16460947,0
21994,16505482,16505293,189
21995,16570205,16505293,64912
21996,16621114,16621114,0
21997,16685442,16685198,244
21998,16737811,16737810,1
21999,16746148,16745713,435
22000,16746148,16745713,435
22001,16746148,16745713,435
22002,16727179,16725730,1449
22003,16736686,16736686,0
22004,16824161,16823116,1045
22005,16844738,16841420,3318
22006,16844738,16841420,3318
22007,16921613,16918242,3371
22008,17385775,17382688,3087
22009,17861320,17861194,126
22010,17980131,17979918,213
22011,17980131,17915157,64974
22012,17980131,17979918,213
22013,17980131,17931246,48885
22014,17980131,17979918,213
22015,18067486,18067405,81
22016,18708466,18706150,2316
22017,18869015,18868843,172
22018,18708466,18706150,2316
22019,18708466,18706150,2316
22020,18708466,18706150,2316
22021,19036992,19035685,1307
22022,18708466,18706150,2316
22023,18708466,18706150,2316
22024,18875272,18875272,0
22025,18993939,18993876,63
22026,19036992,19035685,1307
22027,19036992,19035685,1307
22028,18708466,18706150,2316
22029,18708466,18706150,2316
22030,18788761,18788761,0
22031,19036992,19035685,1307
22032,19157295,19156944,351
22033,19156944,19156944,0
22034,19185044,19184985,59
22035,19748660,19748639,21
22036,19812404,19812319,85
22037,20257013,20201485,55528
22038,20257013,20201485,55528
22039,20455382,20449620,5762
22040,20438682,20438656,26
22041,20455382,20449620,5762
22042,20796637,20795247,1390
22043,20700017,20698712,1305
22044,20707187,20706390,797
22045,20796637,20795247,1390
22046,20768865,20768082,783
22047,20826508,20825381,1127
22048,20826508,20826417,91
22049,20825381,20825381,0
22050,21554151,21550887,3264
22051,21554151,21550887,3264
22052,21941186,21940872,314
22053,21941186,21940872,314
22054,21985542,21956434,29108
22055,21985542,21985422,120
22056,21985542,21985422,120
22057,21985542,21985422,120
22058,22396533,22349639,46894
22059,22202159,22202026,133
22060,22233353,22233279,74
22061,22539901,22534474,5427
22062,22539901,22534474,5427
22063,22770157,22769405,752
22064,22770157,22769405,752
22065,22771621,22771192,429
22066,22770157,22769405,752
22067,22862471,22862398,73
22068,23053770,23030730,23040
22069,23053770,23016409,37361
22070,23053770,23030730,23040
22071,23165669,23165438,231
22072,23165669,23165438,231
22073,23215038,23213917,1121
22074,23215038,23213917,1121
22075,23215038,23213917,1121
22076,23215038,23213917,1121
22077,23165255,23164847,408
22078,23215038,23213917,1121
22079,23215038,23213917,1121
22080,23240630,23240364,266
22081,23240630,23240272,358
22082,23297662,23296764,898
22083,23314729,23313843,886
22084,23314729,23313843,886
22085,23314729,23313843,886
22086,23314729,23313843,886
22087,23349180,23349162,18
22088,23387353,23381742,5611
22089,23509995,23509729,266
22090,23531031,23530833,198
22091,23571656,23571443,213
22092,23626146,23625496,650
22093,23684327,23682734,1593
22094,23684327,23682734,1593
22095,23684327,23682734,1593
22096,23742269,23741783,486
22097,23742269,23741783,486
22098,23742269,23741783,486
22099,23872130,23871985,145
22100,23872130,23871985,145
22101,23872130,23871985,145
22102,23872130,23871985,145
22103,23872130,23871985,145
22104,23944365,23943870,495
22105,24331484,24331306,178
22106,24727498,24727233,265
22107,24727498,24727233,265
22108,24797083,24789393,7690
22109,24797639,24789393,8246
22110,24797639,24758749,38890
22111,25019760,24932091,87669
22112,25019760,24932091,87669
22113,25019760,24932091,87669
22114,25019760,24932091,87669
22115,24903218,24903186,32
22116,24903218,24903186,32
22117,25164980,25163738,1242
22118,25219817,25218927,890
22119,25268105,25268058,47
22120,26226756,26225403,1353
22121,26240413,26240197,216
22122,26240413,26240197,216
22123,26253227,26251828,1399
22124,26253227,26251828,1399
22125,26253227,26251330,1897
22126,26413949,26412192,1757
22127,26413949,26412192,1757
22128,26413949,26412192,1757
22129,26413949,26412192,1757
22130,26413949,26412192,1757
22131,26686924,26686159,765
22132,26686924,26686159,765
22133,26897297,26766578,130719
22134,26904341,26904048,293
22135,27034858,26933479,101379
22136,27135625,27135531,94
22137,27135625,27135531,94
22138,27135531,27135531,0
22139,27142394,27142119,275
22140,27142305,27142119,186
22141,27159214,27150259,8955
22142,27166639,27150259,16380
22143,27170399,27170352,47
22144,27195547,27192789,2758
22145,27183287,27183226,61
22146,27187393,27187368,25
22147,27195547,27192789,2758
22148,27196296,27196164,132
22149,27205149,27205076,73
22150,27213955,27213925,30
22151,27224835,27224763,72
22152,27228912,27228896,16
22153,27239725,27239696,29
22154,27286192,27286044,148
22155,27286192,27286044,148
22156,27286192,27284900,1292
22157,27702620,27702407,213
22158,27702620,27689196,13424
22159,27689242,27689196,46
22160,27869386,27868448,938
22161,27869386,27868448,938
22162,27869386,27868448,938
22163,27869386,27868448,938
22164,28031675,27935031,96644
22165,28220437,28220196,241
22166,28280996,28280478,518
22167,28865511,28858896,6615
22168,28450372,28450238,134
22169,28865511,28858896,6615
22170,28865511,28858896,6615
22171,28764776,28763988,788
22172,28865511,28858896,6615
22173,28998029,28997662,367
22174,29186153,29160677,25476
22175,29186153,29160677,25476
22176,29234892,29160677,74215
22177,29553944,29552351,1593
22178,29553944,29552351,1593
22179,29553944,29552190,1754
22180,29553944,29552351,1593
22181,29553944,29552351,1593
22182,29553944,29552351,1593
22183,29553944,29552351,1593
22184,29553944,29552351,1593
22185,29553944,29552351,1593
22186,29553944,29552351,1593
22187,29553944,29552190,1754
22188,29553944,29552351,1593
22189,29553944,29552351,1593
22190,29553944,29552351,1593
22191,29553944,29552351,1593
22192,29553944,29552351,1593
22193,29553944,29552351,1593
22194,29606911,29606335,576
22195,29606335,29606335,0
22196,29782019,29781883,136
22197,29956682,29954132,2550
22198,29945791,29944002,1789
22199,29994976,29994931,45
22200,30008887,30008683,204
22201,30009545,30009476,69
22202,30029425,29994931,34494
22203,30029425,30008683,20742
22204,30029734,30008683,21051
22205,30029905,30029856,49
22206,30066417,30066124,293
22207,30066417,30066124,293
22208,30124278,30118403,5875
22209,30130359,30129791,568
22210,30157961,30157603,358
22211,30199534,30197164,2370
22212,30202381,30197164,5217
22213,30407308,30402050,5258
22214,30518393,30496537,21856
22215,30518393,30496537,21856
22216,30518393,30503297,15096
22217,30538818,30538658,160
22218,30544457,30544325,132
22219,30544457,30544325,132
22220,30544457,30544325,132
22221,30544457,30544325,132
22222,30673648,30673476,172
22223,30722141,30721896,245
22224,30722141,30721896,245
22225,30722141,30721896,245
22226,30722141,30704736,17405
22227,30739719,30726065,13654
22228,30739719,30739649,70
22229,30739719,30739649,70
22230,30739719,30739649,70
22231,30797218,30795467,1751
22232,30797218,30795467,1751
22233,30932002,30931620,382
22234,30932002,30931620,382
22235,30965131,30963244,1887
22236,30932002,30931620,382
22237,30965131,30963244,1887
22238,30965131,30963244,1887
22239,30965131,30963244,1887
22240,30965131,30963244,1887
22241,31019146,31018859,287
22242,31019146,31018859,287
22243,31019146,31018744,402
22244,31151093,31146298,4795
22245,31151093,31146298,4795
22246,31151093,31146298,4795
22247,31151093,31146298,4795
22248,31151093,31146298,4795
22249,31142980,31142980,0
22250,31380538,31378882,1656
22251,31378882,31378882,0
22252,31693303,31692443,860
22253,31693303,31692443,860
22254,31693303,31692443,860
22255,31698334,31698006,328
22256,31696116,31692443,3673
22257,31748069,31746897,1172
22258,31748069,31746897,1172
22259,32110466,32110005,461
22260,32110980,32110005,975
22261,32338383,32338347,36
22262,32110466,32110005,461
22263,32111045,32110005,1040
22264,32530023,32529977,46
22265,32534870,32528915,5955
22266,32534870,32528915,5955
22267,32623779,32623519,260
22268,33079036,33078516,520
22269,32623779,32623658,121
22270,32931468,32919216,12252
22271,32982782,32982608,174
22272,33046543,33044963,1580
22273,33046543,33044963,1580
22274,33016111,33016110,1
22275,33046543,33044963,1580
22276,33080777,33066527,14250
22277,33080777,33075581,5196
22278,33102409,33075581,26828
22279,33102409,33102332,77
22280,33149002,33148984,18
22281,33645680,33644838,842
22282,33645680,33644838,842
22283,33645680,33644838,842
22284,33645680,33644838,842
22285,33354183,33353923,260
22286,33423450,33423450,0
22287,33645238,33644619,619
22288,33645680,33644838,842
22289,33768067,33767877,190
22290,34195484,34192885,2599
22291,34889590,34889267,323
22292,34889590,34889224,366
22293,34889590,34889267,323
22294,34889590,34889267,323
22295,34889590,34889267,323
22296,34917944,34917796,148
22297,34917944,34917796,148
22298,34917944,34917796,148
22299,35077653,35077508,145
22300,35225774,35189732,36042
22301,35293711,35293231,480
22302,35734745,35733940,805
22303,35734772,35733940,832
22304,35946715,35943903,2812
22305,35946715,35943903,2812
22306,35946715,35943903,2812
22307,35946715,35943903,2812
22308,36341152,36338815,2337
22309,36406782,36406451,331
22310,36406850,36406549,301
22311,36406850,36406549,301
22312,36406878,36396924,9954
22313,36429734,36429683,51
22314,36406782,36406451,331
22315,36406850,36406549,301
22316,36493400,36492209,1191
22317,36493400,36492209,1191
22318,36493400,36492209,1191
22319,36493400,36492209,1191
22320,36764154,36763753,401
22321,36764154,36763753,401
22322,36764154,36763753,401
22323,37024717,36934619,90098
22324,37025871,36934619,91252
22325,37316445,37298910,17535
22326,37393272,37382294,10978
22327,37488555,37382294,106261
22328,37488895,37382294,106601
22329,37780913,37780913,0
22330,37940002,37936694,3308
22331,37956525,37956139,386
22332,37991542,37989998,1544
22333,37991542,37989805,1737
22334,37991542,37989998,1544
22335,38270272,38268455,1817
22336,38293030,38288988,4042
22337,38309313,38305094,4219
22338,38356821,38288988,67833
22339,38313239,38305094,8145
22340,38313253,38305094,8159
22341,38315919,38305094,10825
22342,38357126,38357093,33
22343,38357589,38357093,496
22344,38339881,38339764,117
22345,38370558,38370422,136
22346,38389604,38389425,179
22347,38398683,38398580,103
22348,38403119,38402929,190
22349,38503700,38503696,4
22350,38671167,38670951,216
22351,38671167,38670951,216
22352,38468885,38468814,71
22353,38726689,38726393,296
22354,38948800,38948774,26
22355,38948800,38948774,26
22356,38948800,38948774,26
22357,39504390,39504285,105
22358,39504390,39504285,105
22359,39413307,39413105,202
22360,39612480,39612305,175
22361,39651687,39649554,2133
22362,39747723,39745844,1879
22363,40136733,40134579,2154
22364,40136733,40134579,2154
22365,40109667,40108945,722
22366,40136733,40134579,2154
22367,40136733,40134579,2154
22368,40174251,40174166,85
22369,40900366,40900078,288
22370,40900366,40900078,288
22371,40900366,40900078,288
22372,41740207,41739972,235
22373,41742706,41739972,2734
22374,42192052,42188014,4038
22375,42276618,42262852,13766
22376,42952151,42951666,485
22377,42952151,42950499,1652
22378,42971805,42951666,20139
22379,42950499,42950499,0
22380,42971805,42971757,48
22381,42971805,42966151,5654
22382,42977453,42977175,278
22383,43602938,43601525,1413
22384,43602938,43601525,1413
22385,43480196,43477748,2448
22386,43666978,43664441,2537
22387,43769140,43688213,80927
22388,43769140,43688213,80927
22389,43769140,43688213,80927
22390,43846941,43846834,107
22391,43846941,43846834,107
22392,43909145,43909094,51
22393,43946231,43946174,57
22394,43929233,43921539,7694
22395,43945910,43918836,27074
22396,43946231,43946174,57
22397,43946231,43946174,57
22398,43946231,43921539,24692
22399,43965996,43921539,44457
22400,43965996,43921539,44457
22401,43995735,43992294,3441
22402,43995735,43992294,3441
22403,44058748,44056090,2658
22404,44049723,44047367,2356
22405,44080222,44079908,314
22406,44101315,44100515,800
22407,44101315,44100515,800
22408,44101315,44100515,800
22409,44101315,44100515,800
22410,44101315,44100515,800
22411,44101315,44100515,800
22412,44101315,44100515,800
22413,44101315,44100515,800
22414,44101315,44100515,800
22415,44101315,44100515,800
22416,44105186,44105128,58
22417,44122129,44122037,92
22418,44122129,44122037,92
22419,44122129,44122037,92
22420,44122129,44122037,92
22421,44122129,44122037,92
22422,44122129,44122037,92
22423,44154164,44153860,304
22424,44154164,44153860,304
22425,44154164,44153860,304
22426,44163107,44161652,1455
22427,44163169,44161652,1517
22428,44163169,44163158,11
22429,44180916,44180904,12
22430,44198887,44197713,1174
22431,44198887,44198719,168
22432,44229022,44228552,470
22433,44253893,44251881,2012
22434,44253893,44251881,2012
22435,44365230,44365020,210
22436,44365230,44365020,210
22437,44365230,44365020,210
22438,44365230,44365020,210
22439,44365230,44365020,210
22440,44365230,44365020,210
22441,44365230,44365020,210
22442,44365230,44365020,210
22443,44365230,44365020,210
22444,44530385,44530199,186
22445,44560726,44560679,47
22446,44580914,44580858,56
22447,44580914,44580858,56
22448,44580914,44580858,56
22449,44580914,44580858,56
22450,44614137,44613494,643
22451,44614137,44613494,643
22452,44621827,44621805,22
22453,44621809,44621405,404
22454,44621827,44621805,22
22455,44716195,44715826,369
22456,44748669,44747598,1071
22457,44748669,44747598,1071
22458,44748669,44747598,1071
22459,44748669,44747598,1071
22460,44748669,44747598,1071
22461,44737096,44737095,1
22462,44809479,44807222,2257
22463,44809479,44807222,2257
22464,44809479,44807222,2257
22465,44809479,44807222,2257
22466,44809479,44807222,2257
22467,44809479,44807222,2257
22468,44810735,44809212,1523
22469,44842716,44841021,1695
22470,44842716,44841021,1695
22471,44887725,44887570,155
22472,44887725,44887570,155
22473,44887725,44887570,155
22474,44887725,44887570,155
22475,44887725,44887570,155
22476,44924960,44924947,13
22477,45014826,45011728,3098
22478,45018704,45018560,144
22479,45018704,45016215,2489
22480,45016670,45016501,169
22481,45018704,45011728,6976
22482,45116069,45115656,413
22483,45116069,45115656,413
22484,45116069,45115656,413
22485,45110779,45110136,643
22486,45112887,45109519,3368
22487,45116069,45115656,413
22488,45128493,45128493,0
22489,45147063,45145249,1814
22490,45151346,45151268,78
22491,45151346,45148836,2510
22492,45151346,45148836,2510
22493,45151346,45148836,2510
22494,45223850,45223011,839
22495,45704271,45703974,297
22496,45762714,45753594,9120
22497,45933267,45932690,577
22498,45960871,45960739,132
22499,45960871,45960739,132
22500,45960871,45960739,132
22501,47409218,47408913,305
22502,47621742,47479234,142508
22503,47579199,47479234,99965
22504,47701246,47698826,2420
22505,47988071,47988037,34
22506,47859444,47859195,249
22507,47867066,47866982,84
22508,48019222,48019116,106
22509,48048672,48048660,12
22510,48068716,48068535,181
22511,48068716,48068535,181
22512,48068716,48065523,3193
22513,48100894,48099869,1025
22514,48100894,48099869,1025
22515,48100894,48099869,1025
22516,48148330,48147954,376
22517,48148330,48147954,376
22518,48148330,48147954,376
22519,48143567,48143458,109
22520,48148330,48147954,376
22521,48148330,48147954,376
22522,48269729,48267026,2703
22523,48316162,48316160,2
22524,48687091,48685108,1983
22525,48316321,48316166,155
22526,48666688,48666219,469
22527,48687091,48685108,1983
22528,48687091,48685108,1983
22529,48444262,48443697,565
22530,48687091,48685108,1983
22531,48967049,48965612,1437
22532,49952138,49951781,357
22533,50132860,50132790,70
22534,50132860,50132790,70
22535,50198852,50198765,87
22536,50437142,50436068,1074
22537,50472798,50468325,4473
22538,50472798,50468325,4473
22539,50472798,50468325,4473
22540,50472798,50468325,4473
22541,50472798,50468325,4473
22542,50472798,50468325,4473
22543,50472798,50468325,4473
22544,50472798,50468325,4473
22545,50472798,50468325,4473
22546,50472798,50468325,4473
22547,50472798,50468325,4473
22548,50472798,50468325,4473
22549,50472798,50468325,4473
22550,50472798,50468325,4473
22551,50472798,50468325,4473
22552,50472798,50468325,4473
22553,50472798,50468325,4473
22554,50515682,50514652,1030
22555,50518088,50514985,3103
22556,50518088,50514985,3103
22557,50518088,50514985,3103
22558,50518088,50514985,3103
22559,50514985,50514985,0
22560,50628768,50611783,16985
22561,50628768,50611783,16985
22562,50628768,50611783,16985
22563,50628768,50611783,16985
22564,50628768,50611783,16985
22565,50633154,50611783,21371
22566,50628768,50611783,16985
22567,50773020,50742320,30700
22568,50800065,50800019,46
22569,50800065,50800019,46
22570,50850264,50800019,50245
22571,50850264,50742320,107944
22572,50860666,50778604,82062
22573,50861159,50742320,118839
22574,51103652,51098638,5014
22575,51258775,51203998,54777
22576,51261286,51261279,7
22577,51384515,51384330,185
22578,51384515,51384330,185
22579,51384515,51384330,185
22580,51384515,51384330,185
22581,51384515,51384330,185
22582,53104618,53104255,363
22583,54270114,54269626,488
22584,54617963,54617961,2
22585,54636948,54636778,170
22586,54826939,54825281,1658
22587,54826939,54825281,1658
22588,55224644,55224536,108
22589,55236328,55236222,106
22590,55238738,55238237,501
22591,55270769,55270458,311
22592,55270769,55270458,311
22593,55275031,55273310,1721
22594,55275031,55273310,1721
22595,55275031,55273310,1721
22596,55259567,55259567,0
22597,55501435,55499013,2422
22598,55605387,55605220,167
22599,55606353,55606350,3
22600,55620466,55620348,118
22601,55639561,55560098,79463
22602,55640200,55640017,183
22603,55755725,55755559,166
22604,55756994,55755559,1435
22605,55757153,55755559,1594
22606,55772260,55766783,5477
22607,55930482,55929689,793
22608,56008433,56007699,734
22609,56008433,56007699,734
22610,56023033,56022871,162
22611,56067875,56066765,1110
22612,56067875,56066765,1110
22613,56119268,56088905,30363
22614,56119268,56088905,30363
22615,56184090,56183775,315
22616,56131682,56130778,904
22617,56131682,56130778,904
22618,56131682,56130778,904
22619,56148365,56147305,1060
22620,56148365,56147305,1060
22621,56148365,56147564,801
22622,56148365,56147305,1060
22623,56148365,56147305,1060
22624,56148365,56147564,801
22625,56148365,56147305,1060
22626,56151417,56151407,10
22627,56160689,56156634,4055
22628,56160689,56156634,4055
22629,56160689,56156634,4055
22630,56160689,56155445,5244
22631,56174187,56174106,81
22632,56184090,56184007,83
22633,56184007,56184007,0
22634,56550988,56550969,19
22635,56880139,56880139,0
22636,57207571,57200031,7540
22637,57247863,57247704,159
22638,57533265,57529655,3610
22639,62764434,62764366,68
22640,63538927,63538927,0
22641,63680668,63680668,0
22642,63727309,63727247,62
22643,63810017,63809525,492
22644,64023505,64023332,173
22645,64023505,64023332,173
22646,64171401,64169034,2367
22647,64171401,64169034,2367
22648,64294059,64291864,2195
22649,64294059,64292580,1479
22650,64294059,64292580,1479
22651,64294059,64291864,2195
22652,64294059,64292580,1479
22653,64294059,64276008,18051
22654,64294059,64292580,1479
22655,64294059,64292580,1479
22656,64391955,64389416,2539
22657,64384809,64383783,1026
22658,64391955,64389416,2539
22659,64391955,64389416,2539
22660,64451414,64441798,9616
22661,64467124,64453404,13720
22662,64453404,64453404,0
22663,64646832,64646832,0
22664,64865998,64864788,1210
22665,64865998,64864788,1210
22666,64865998,64864788,1210
22667,64865998,64864788,1210
22668,64866047,64864788,1259
22669,65235797,65113280,122517
22670,65305610,65305588,22
22671,65419800,65419287,513
22672,65419800,65419400,400
22673,65447301,65447170,131
22674,65447301,65447170,131
22675,65447301,65445277,2024
22676,65552249,65551860,389
22677,65558329,65557899,430
22678,65548683,65547932,751
22679,65552249,65551860,389
22680,65558329,65557899,430
22681,65558329,65557899,430
22682,65558329,65557899,430
22683,65619553,65617344,2209
22684,65619553,65617344,2209
22685,65619553,65617344,2209
22686,65619553,65617344,2209
22687,65825438,65821829,3609
22688,65865395,65864749,646
22689,66057371,66010629,46742
22690,66108216,66105381,2835
22691,66108216,66104219,3997
22692,66276448,66274271,2177
22693,66276448,66274271,2177
22694,66276448,66274271,2177
22695,66276448,66274271,2177
22696,66276448,66274271,2177
22697,66276448,66274271,2177
22698,66423538,66420509,3029
22699,66460588,66460404,184
22700,66704507,66703516,991
22701,66704507,66703516,991
22702,69755607,69755494,113
22703,70257885,70255982,1903
22704,70257885,70255982,1903
22705,70257885,70255982,1903
22706,71178586,71177131,1455
22707,71178586,71177131,1455
22708,71802208,71743788,58420
22709,71877360,71868354,9006
22710,71912136,71743788,168348
22711,72298813,72298654,159
22712,72209725,72193859,15866
22713,72298813,72298654,159
22714,72421979,72419009,2970
22715,72418843,72416773,2070
22716,72414061,72414060,1
22717,72425302,72420683,4619
22718,72425302,72420683,4619
22719,72425302,72420683,4619
22720,72425302,72420683,4619
22721,72425302,72420683,4619
22722,72425302,72419639,5663
22723,72439870,72436688,3182
22724,72437484,72436688,796
22725,72436706,72436688,18
22726,72443668,72443237,431
22727,72772641,72756897,15744
22728,72496404,72494833,1571
22729,72496404,72493037,3367
22730,72500309,72498513,1796
22731,72524466,72522895,1571
22732,72524466,72521099,3367
22733,72620603,72619481,1122
22734,72621336,72619481,1855
22735,72644294,72643986,308
22736,72685658,72663972,21686
22737,72722864,72722787,77
22738,72722864,72722787,77
22739,72722864,72722787,77
22740,72722864,72722787,77
22741,72739575,72738785,790
22742,72742085,72738785,3300
22743,72742085,72738785,3300
22744,72772641,72756897,15744
22745,72772641,72756897,15744
22746,72850450,72850113,337
22747,72936615,72936263,352
22748,72954898,72954467,431
22749,72972065,72971908,157
22750,72972065,72971908,157
22751,72992666,72992641,25
22752,72993013,72992879,134
22753,72993013,72988428,4585
22754,72993013,72987752,5261
22755,72993013,72988326,4687
22756,73038870,73038822,48
22757,73038870,73038822,48
22758,73038870,73038822,48
22759,73038870,73038822,48
22760,73038870,73038822,48
22761,73021154,73020285,869
22762,73086440,73085706,734
22763,73097781,73097753,28
22764,73112551,73112216,335
22765,73112551,73112216,335
22766,73112551,73112216,335
22767,73119491,73117859,1632
22768,73134017,73133961,56
22769,73134017,73133961,56
22770,73134017,73133961,56
22771,73153190,73152014,1176
22772,73153190,73153127,63
22773,73153190,73153127,63
22774,73153190,73153127,63
22775,73153190,73153127,63
22776,73184600,73184379,221
22777,73247015,73246161,854
22778,73256855,73256470,385
22779,73256855,73256470,385
22780,73280223,73280203,20
22781,73484236,73483030,1206
22782,73484236,73483030,1206
22783,73484236,73483030,1206
22784,73484236,73483030,1206
22785,73484236,73483030,1206
22786,73484236,73483030,1206
22787,73484236,73483030,1206
22788,73484236,73483030,1206
22789,73484236,73483030,1206
22790,73484236,73483030,1206
22791,73484236,73483030,1206
22792,73484236,73483030,1206
22793,73484236,73483030,1206
22794,73536855,73535631,1224
22795,73536855,73535631,1224
22796,73525770,73523495,2275
22797,73604617,73604265,352
22798,73611429,73609638,1791
22799,73611429,73609638,1791
22800,73644164,73639072,5092
22801,73644164,73639072,5092
22802,73644164,73639072,5092
22803,73668738,73668713,25
22804,73668738,73668713,25
22805,73820273,73818178,2095
22806,73820273,73818178,2095
22807,73795371,73795300,71
22808,74016920,74016760,160
22809,74016920,74016760,160
22810,74016920,74016760,160
22811,74016918,74015624,1294
22812,74131386,74131275,111
22813,74175022,74173168,1854
22814,74175022,74173168,1854
22815,74175022,74173168,1854
22816,74175022,74173168,1854
22817,74175022,74173168,1854
22818,74175020,74173168,1852
22819,74197975,74197667,308
22820,74197975,74197564,411
22821,74203659,74203504,155
22822,74221352,74212491,8861
22823,74267841,74251500,16341
22824,74267841,74251500,16341
22825,74267841,74251500,16341
22826,74267841,74251500,16341
22827,74267841,74251500,16341
22828,74322330,74321779,551
22829,74438803,74438803,0
22830,74480541,74480453,88
22831,74489699,74489573,126
22832,74489699,74489573,126
22833,74540018,74539124,894
22834,74562741,74562317,424
22835,74565623,74565103,520
22836,74565623,74565103,520
22837,74542286,74542284,2
22838,74565623,74565103,520
22839,74587816,74587677,139
22840,74587816,74587677,139
22841,74587816,74587747,69
22842,74653459,74626277,27182
22843,74867341,74626277,241064
22844,74789332,74789274,58
22845,74867341,74867341,0
22846,74928921,74926874,2047
22847,74946587,74944219,2368
22848,74946587,74944219,2368
22849,74956946,74954899,2047
22850,74974606,74972238,2368
22851,74974606,74972238,2368
22852,74988306,74982879,5427
22853,74996207,74996173,34
22854,75024682,75024555,127
22855,75034888,75034491,397
22856,75040279,75039500,779
22857,75034888,75034491,397
22858,75046065,75045879,186
22859,75115568,75070774,44794
22860,75071993,75071993,0
22861,75133628,75131261,2367
22862,75368283,75368238,45
22863,75368283,75368238,45
22864,75419064,75401494,17570
22865,75443092,75443033,59
22866,75518244,75517667,577
22867,75518244,75517667,577
22868,75616173,75615799,374
22869,75616173,75615799,374
22870,75616173,75615799,374
22871,75623992,75623888,104
22872,75617302,75617289,13
22873,75623992,75621490,2502
22874,75623992,75621490,2502
22875,75634722,75634593,129
22876,75658021,75643068,14953
22877,75658021,75651207,6814
22878,75658021,75651207,6814
22879,75677301,75659841,17460
22880,75677321,75659841,17480
22881,75677321,75659841,17480
22882,75677301,75651207,26094
22883,75677301,75659841,17460
22884,75659842,75659841,1
22885,75695930,75695728,202
22886,75695930,75695728,202
22887,75695930,75695728,202
22888,75916605,75915160,1445
22889,75899301,75896935,2366
22890,75916605,75915160,1445
22891,75916618,75915458,1160
22892,75933614,75933490,124
22893,75988342,75988125,217
22894,76022807,76019608,3199
22895,76039012,76033756,5256
22896,76071388,76071373,15
22897,76071388,76071373,15
22898,76071388,76071373,15
22899,76135305,76135223,82
22900,76135312,76134918,394
22901,76135312,76134918,394
22902,76135312,76134918,394
22903,76135312,76134918,394
22904,76135312,76134918,394
22905,76131773,76131773,0
22906,76135312,76134918,394
22907,76135312,76134918,394
22908,76157199,76144521,12678
22909,76157199,76144568,12631
22910,76157199,76144568,12631
22911,76256620,76255381,1239
22912,76256620,76255381,1239
22913,76924521,76924183,338
22914,76829150,76829110,40
22915,76924521,76924183,338
22916,76924521,76924183,338
22917,76955590,76950093,5497
22918,76956801,76955537,1264
22919,77045717,77045638,79
22920,77035422,77006638,28784
22921,77269388,77268597,791
22922,77269388,77268597,791
22923,77269388,77268597,791
22924,77269388,77268597,791
22925,77409120,77408485,635
22926,77427747,77423690,4057
22927,77423690,77423690,0
22928,77553500,77552149,1351
22929,77569776,77569634,142
22930,77586821,77584195,2626
22931,77586821,77584195,2626
22932,77553500,77552149,1351
22933,77586821,77584195,2626
22934,77586821,77584195,2626
22935,77586821,77584195,2626
22936,77586821,77584195,2626
22937,77567329,77567167,162
22938,77569776,77569634,142
22939,79082890,79082636,254
22940,79082890,79082636,254
22941,78119337,77975290,144047
22942,78119337,77975290,144047
22943,78400638,78212771,187867
22944,78400638,78256484,144154
22945,79848725,79846809,1916
22946,79848725,79846809,1916
22947,80303734,80303463,271
22948,80141242,80141242,0
22949,80303734,80303463,271
22950,80303734,80303463,271
22951,80303734,80303463,271
22952,80308593,80303463,5130
22953,80303734,80303463,271
22954,80303734,80303463,271
22955,80303734,80303463,271
22956,80303734,80303463,271
22957,80548667,80546097,2570
22958,80551675,80551596,79
22959,80548667,80545997,2670
22960,81399452,81399287,165
22961,81399452,81399287,165
22962,81399452,81399287,165
22963,81399452,81399287,165
22964,81399452,81399287,165
22965,81399452,81399287,165
22966,81600405,81600021,384
22967,82073031,82072775,256
22968,82792197,82791908,289
22969,82508778,82508659,119
22970,82523770,82476515,47255
22971,82792197,82791908,289
22972,82580806,82580798,8
22973,83270747,83119525,151222
22974,83278479,83277858,621
22975,83824217,83823902,315
22976,84671255,84666312,4943
22977,84751247,84751207,40
22978,84783055,84751207,31848
22979,84816171,84751207,64964
22980,86494192,86493671,521
22981,86494192,86493712,480
22982,86494192,86493671,521
22983,86494192,86493671,521
22984,86595291,86594224,1067
22985,86669550,86577206,92344
22986,86669550,86569428,100122
22987,86689014,86688829,185
22988,86825648,86824456,1192
22989,86825648,86824456,1192
22990,86825648,86824456,1192
22991,86825648,86824456,1192
22992,86825648,86824456,1192
22993,86809018,86809016,2
22994,86825648,86824456,1192
22995,86825648,86824456,1192
22996,86849031,86848819,212
22997,86989425,86988670,755
22998,87029112,87027960,1152
22999,87029112,87027960,1152
23000,87105019,87104781,238
23001,87105019,87104781,238
23002,87105019,87104781,238
23003,87104787,87104781,6
23004,87229506,87229500,6
23005,87342639,87229500,113139
23006,87445577,87445576,1
23007,87461613,87459345,2268
23008,87461613,87459345,2268
23009,87461613,87459345,2268
23010,87461613,87459345,2268
23011,87505692,87488042,17650
23012,87538856,87537478,1378
23013,87538856,87537478,1378
23014,87538856,87537478,1378
23015,87538856,87537478,1378
23016,87757991,87757991,0
23017,87762113,87760787,1326
23018,87811428,87811343,85
23019,87811428,87811343,85
23020,87832204,87825806,6398
23021,87832204,87825806,6398
23022,87832204,87825806,6398
23023,87811339,87811337,2
23024,87849399,87849341,58
23025,87849399,87849341,58
23026,87856308,87856229,79
23027,87849399,87849341,58
23028,87856308,87856229,79
23029,87849399,87849341,58
23030,87936228,87913584,22644
23031,87936228,87913584,22644
23032,87936228,87913584,22644
23033,88966346,88966346,0
23034,88425031,88424256,775
23035,88424256,88424256,0
23036,89791565,89791407,158
23037,89794141,89794048,93
23038,89856812,89856812,0
23039,89866992,89866236,756
23040,89866992,89861938,5054
23041,89866992,89861938,5054
23042,89866992,89866279,713
23043,89866992,89861938,5054
23044,89866992,89866236,756
23045,89900989,89900988,1
23046,89934134,89934134,0
23047,89940377,89939552,825
23048,89940377,89939552,825
23049,89940377,89939552,825
23050,90006928,90006928,0
23051,90006928,90006928,0
23052,90020769,90014468,6301
23053,90020769,90014468,6301
23054,90020769,90014468,6301
23055,90045268,90042725,2543
23056,90045268,90042725,2543
23057,90045268,90042725,2543
23058,90045268,90042725,2543
23059,90045268,90042725,2543
23060,90042725,90042725,0
23061,90419967,90419966,1
23062,90419967,90419966,1
23063,90419967,90419966,1
23064,90839904,90747495,92409
23065,90839904,90747495,92409
23066,90839904,90747495,92409
23067,90839904,90747495,92409
23068,90898132,90896139,1993
23069,91510016,91509397,619
23070,91510016,91504047,5969
23071,91510016,91504047,5969
23072,91625366,91625129,237
23073,91671095,91670227,868
23074,91739987,91739473,514
23075,91739987,91739473,514
23076,91739987,91739473,514
23077,91738365,91738033,332
23078,91719937,91719007,930
23079,91739987,91739473,514
23080,91763840,91763678,162
23081,91764059,91758346,5713
23082,91808845,91779850,28995
23083,91808394,91788487,19907
23084,91794590,91794516,74
23085,91870466,91864824,5642
23086,91874909,91871449,3460
23087,91875212,91871449,3763
23088,91875228,91871449,3779
23089,91875228,91871449,3779
23090,91875414,91871449,3965
23091,91875414,91871449,3965
23092,92030698,92028263,2435
23093,92030698,92028263,2435
23094,92089381,92085876,3505
23095,92099695,92099695,0
23096,92157845,92157749,96
23097,92157845,92147204,10641
23098,92157845,92157749,96
23099,92157845,92157749,96
23100,92163963,92163628,335
23101,92166823,92166251,572
23102,92167319,92164398,2921
23103,92219706,92210911,8795
23104,92219706,92219605,101
23105,92219706,92219605,101
23106,92463231,92462637,594
23107,92465941,92462637,3304
23108,92747336,92735410,11926
23109,92747336,92735410,11926
23110,92735410,92735410,0
23111,92777680,92765284,12396
23112,92777680,92765284,12396
23113,92777680,92765284,12396
23114,92777680,92765284,12396
23115,92777680,92765284,12396
23116,92777680,92765284,12396
23117,92777680,92765284,12396
23118,92765284,92765284,0
23119,92848870,92848807,63
23120,92848870,92848807,63
23121,92855782,92855759,23
23122,92855782,92855759,23
23123,92905737,92905659,78
23124,92990435,92987748,2687
23125,92990435,92987748,2687
23126,92990435,92987748,2687
23127,93189122,93116293,72829
23128,93204042,93125243,78799
23129,93204042,93116293,87749
23130,93520303,93519990,313
23131,93520303,93519990,313
23132,93520303,93519990,313
23133,93540485,93540230,255
23134,93555826,93555528,298
23135,93633690,93633528,162
23136,94060544,94059705,839
23137,94060544,94059705,839
23138,94167206,94166818,388
23139,94186328,94185070,1258
23140,94186328,94185070,1258
23141,94285521,94285410,111
23142,94285521,94285410,111
23143,94285521,94285410,111
23144,94285521,94285410,111
23145,94285521,94285410,111
23146,94299006,94294994,4012
23147,94299006,94293846,5160
23148,94293846,94293846,0
23149,94925727,94919615,6112
23150,94925727,94919615,6112
23151,94925727,94919615,6112
23152,94925727,94919615,6112
23153,94925727,94919615,6112
23154,94925727,94919615,6112
23155,94953884,94953787,97
23156,95025687,95025662,25
23157,95025687,95025662,25
23158,95025687,95025662,25
23159,95064384,95064263,121
23160,95064384,95064263,121
23161,95064384,95041729,22655
23162,95158113,95157687,426
23163,95169543,95167071,2472
23164,95222072,95221357,715
23165,95225925,95225605,320
23166,95727736,95726905,831
23167,95727736,95726905,831
23168,95727736,95726905,831
23169,95727736,95726905,831
23170,95727736,95726905,831
23171,95951459,95951268,191
23172,95951459,95951268,191
23173,95951459,95906511,44948
23174,96132835,96125607,7228
23175,96132835,96125607,7228
23176,96339203,96339075,128
23177,96339203,96339075,128
23178,96640352,96639359,993
23179,96654143,96653935,208
23180,96654143,96653935,208
23181,96811075,96810527,548
23182,97369784,97369232,552
23183,97369784,97369232,552
23184,97369784,97369232,552
23185,97369784,97369232,552
23186,97501477,97498468,3009
23187,97501477,97493808,7669
23188,97501854,97498405,3449
23189,97501854,97498468,3386
23190,97501854,97498468,3386
23191,97501854,97493808,8046
23192,97619416,97619416,0
23193,97838944,97834804,4140
23194,97842271,97842191,80
23195,97842271,97842191,80
23196,97842191,97842191,0
23197,97881563,97875458,6105
23198,97881563,97874367,7196
23199,97920839,97920555,284
23200,97922275,97922002,273
23201,98030427,98030164,263
23202,97938205,97937712,493
23203,98259181,98257941,1240
23204,98466917,98466855,62
23205,98467673,98467484,189
23206,98467673,98467484,189
23207,98467673,98467484,189
23208,98610866,98609978,888
23209,98610866,98609978,888
23210,98610866,98609978,888
23211,98741743,98741403,340
23212,98741743,98741403,340
23213,98741743,98741403,340
23214,98805089,98805089,0
23215,98895594,98895592,2
23216,98963885,98963552,333
23217,98963885,98963552,333
23218,98992404,98992112,292
23219,99006305,99006171,134
23220,99015494,99015272,222
23221,99017239,99017064,175
23222,99015494,99015272,222
23223,99017239,99017064,175
23224,99036462,99032865,3597
23225,99063824,99063764,60
23226,99054996,99054123,873
23227,99054996,99054123,873
23228,99054996,99054123,873
23229,99054996,99054123,873
23230,99063824,99063764,60
23231,99063824,99063764,60
23232,99063824,99063764,60
23233,99063824,99063764,60
23234,99079948,99079823,125
23235,99085217,99085111,106
23236,99085217,99085111,106
23237,99085217,99085111,106
23238,99097877,99097716,161
23239,99097877,99092216,5661
23240,99097877,99097716,161
23241,99131445,99129872,1573
23242,99131445,99129872,1573
23243,99131445,99129872,1573
23244,99131445,99129872,1573
23245,99131445,99129872,1573
23246,99149757,99146030,3727
23247,99156115,99146030,10085
23248,99146030,99146030,0
23249,99162328,99161682,646
23250,99162328,99161682,646
23251,99174076,99171207,2869
23252,99174076,99171207,2869
23253,99162328,99161682,646
23254,99162328,99161682,646
23255,99174076,99171207,2869
23256,99174076,99171207,2869
23257,99174076,99171207,2869
23258,99174076,99171207,2869
23259,99208456,99208188,268
23260,99208456,99208188,268
23261,99208456,99208188,268
23262,99230030,99227643,2387
23263,99230030,99227643,2387
23264,99230030,99227643,2387
23265,99230030,99227643,2387
23266,99230030,99227643,2387
23267,99277621,99264667,12954
23268,99277621,99273980,3641
23269,99277621,99277519,102
23270,99332819,99250372,82447
23271,99332819,99332716,103
23272,99277621,99277519,102
23273,99332819,99332716,103
23274,99332819,99332716,103
23275,99381811,99381704,107
23276,99381811,99381704,107
23277,99381811,99381704,107
23278,99464173,99463624,549
23279,99464173,99463624,549
23280,99464173,99463538,635
23281,99464173,99463624,549
23282,99464173,99463538,635
23283,99474656,99474656,0
23284,99517223,99517024,199
23285,99517223,99517024,199
23286,99517223,99507244,9979
23287,99517223,99517024,199
23288,99527243,99527243,0
23289,99573735,99573643,92
23290,99581860,99581035,825
23291,99591588,99590038,1550
23292,99622583,99621953,630
23293,99635403,99631820,3583
23294,99635403,99631820,3583
23295,99635403,99631820,3583
23296,99655028,99655028,0
23297,99662661,99662274,387
23298,99662663,99662240,423
23299,99679387,99674980,4407
23300,99679387,99673200,6187
23301,99679387,99674980,4407
23302,99679387,99674980,4407
23303,99679387,99673200,6187
23304,99679387,99674980,4407
23305,99679387,99673049,6338
23306,99680171,99674980,5191
23307,99680171,99674980,5191
23308,99687861,99687410,451
23309,99689822,99689412,410
23310,99698380,99696699,1681
23311,99699427,99698917,510
23312,99699427,99696699,2728
23313,99703781,99703630,151
23314,99704535,99704505,30
23315,99704803,99704505,298
23316,99707942,99704505,3437
23317,99704803,99704505,298
23318,99704803,99704505,298
23319,99704803,99704505,298
23320,99711577,99711556,21
23321,99712140,99712003,137
23322,99716995,99711832,5163
23323,99716995,99711832,5163
23324,99717021,99711832,5189
23325,99717481,99717369,112
23326,99723128,99722511,617
23327,99726121,99725819,302
23328,99725819,99725819,0
23329,99751833,99751587,246
23330,99754172,99754020,152
23331,99754837,99754020,817
23332,99755385,99754943,442
23333,99756302,99756122,180
23334,99756338,99754754,1584
23335,99764906,99764836,70
23336,99765735,99764718,1017
23337,99766373,99764718,1655
23338,99774990,99774822,168
23339,99774990,99774822,168
23340,99799489,99799489,0
23341,99812010,99811638,372
23342,99812010,99811638,372
23343,99869855,99869606,249
23344,99812010,99811638,372
23345,99819111,99818874,237
23346,99819111,99818874,237
23347,99919819,99917613,2206
23348,99965454,99965000,454
23349,99965454,99965000,454
23350,99972365,99972166,199
23351,99997716,99997556,160
23352,99997722,99997530,192
23353,99997722,99997530,192
23354,99997722,99997227,495
23355,100014806,100014804,2
23356,100014927,100014804,123
23357,100017506,100014804,2702
23358,100026431,100018272,8159
23359,100026431,100018272,8159
23360,100025954,100018269,7685
23361,100026431,100018269,8162
23362,100026431,100018269,8162
23363,100031749,100031177,572
23364,100031749,100031177,572
23365,100031749,100031177,572
23366,100031749,100031177,572
23367,100034094,100033997,97
23368,100061894,100061648,246
23369,100076902,100075661,1241
23370,100076902,100074944,1958
23371,100076902,100075661,1241
23372,100076902,100075661,1241
23373,100092424,100091526,898
23374,100092424,100091526,898
23375,100153990,100153269,721
23376,100165843,100162614,3229
23377,100171270,100170791,479
23378,100171270,100170791,479
23379,100183776,100183723,53
23380,100193329,100193244,85
23381,100198740,100198522,218
23382,100198740,100198522,218
23383,100198740,100198522,218
23384,100198740,100198522,218
23385,100202528,100202133,395
23386,100205798,100205726,72
23387,100213000,100212806,194
23388,100213000,100212806,194
23389,100213000,100212806,194
23390,100213000,100212806,194
23391,100230746,100226888,3858
23392,100231273,100231139,134
23393,100239201,100239132,69
23394,100240402,100239132,1270
23395,100254084,100253977,107
23396,100276792,100276424,368
23397,100276792,100276424,368
23398,100286870,100285861,1009
23399,100305123,100304876,247
23400,100304876,100304876,0
23401,100320843,100320756,87
23402,100321323,100320756,567
23403,100395419,100395354,65
23404,100395419,100395354,65
23405,100371116,100371116,0
23406,100395419,100395354,65
23407,100423148,100421397,1751
23408,100425143,100424652,491
23409,100425143,100424652,491
23410,100425143,100424652,491
23411,100425143,100424652,491
23412,100425143,100424652,491
23413,100454798,100454797,1
23414,100463160,100462946,214
23415,100463160,100463007,153
23416,100464634,100464227,407
23417,100464634,100464227,407
23418,100464634,100464227,407
23419,100464634,100464227,407
23420,100464634,100464227,407
23421,100464634,100464227,407
23422,100471076,100470925,151
23423,100471076,100470925,151
23424,100471076,100470925,151
23425,100471076,100470925,151
23426,100471076,100470925,151
23427,100486285,100486170,115
23428,100486285,100486170,115
23429,100486285,100486170,115
23430,100486285,100486170,115
23431,100487339,100486892,447
23432,100492009,100491853,156
23433,100493541,100491853,1688
23434,100493541,100491853,1688
23435,100493541,100491853,1688
23436,100493541,100491853,1688
23437,100493715,100491853,1862
23438,100494539,100494510,29
23439,100611111,100610315,796
23440,100662230,100661917,313
23441,100702140,100701325,815
23442,100733889,100732861,1028
23443,100735010,100735008,2
23444,100732861,100732861,0
23445,100782547,100780723,1824
23446,100782547,100780723,1824
23447,100781707,100777178,4529
23448,100804557,100803847,710
23449,100808852,100808124,728
23450,100808124,100808124,0
23451,100823557,100818088,5469
23452,100823557,100818088,5469
23453,100822573,100818088,4485
23454,100823557,100818088,5469
23455,100844302,100844135,167
23456,100844302,100844135,167
23457,100861011,100860555,456
23458,100867471,100867239,232
23459,100881227,100880862,365
23460,100882101,100880862,1239
23461,100881105,100880862,243
23462,100881105,100880862,243
23463,100888371,100888285,86
23464,100954265,100954197,68
23465,100965093,100959798,5295
23466,100965093,100959798,5295
23467,100965093,100964990,103
23468,100965093,100964990,103
23469,100965093,100959644,5449
23470,100965093,100964990,103
23471,101202304,101200697,1607
23472,101272576,101272398,178
23473,101901513,101892322,9191
23474,101927250,101926382,868
23475,101927250,101926382,868
23476,101927250,101926382,868
23477,101927250,101926382,868
23478,101927250,101926382,868
23479,101901513,101892322,9191
23480,101962178,101962097,81
23481,101996889,101996468,421
23482,102021080,102020987,93
23483,102036769,102036635,134
23484,102036769,102036635,134
23485,102067129,102065558,1571
23486,102067129,102065558,1571
23487,102067129,102065656,1473
23488,102067129,102065558,1571
23489,102067120,102063844,3276
23490,102097268,102087499,9769
23491,102097268,102087499,9769
23492,102097268,102087499,9769
23493,102097268,102087499,9769
23494,102097268,102087499,9769
23495,102105321,102105283,38
23496,102105321,102100152,5169
23497,102113612,102113496,116
23498,102119381,102119307,74
23499,102133758,102133640,118
23500,102152877,102150645,2232
23501,102158202,102150645,7557
23502,102158224,102158157,67
23503,102158224,102158157,67
23504,102184517,102150645,33872
23505,102135315,102135062,253
23506,102158224,102141608,16616
23507,102184517,102184083,434
23508,102213068,102212968,100
23509,102213068,102210339,2729
23510,102189359,102189192,167
23511,102202757,102201622,1135
23512,102232927,102232809,118
23513,102252038,102249807,2231
23514,102257181,102249807,7374
23515,102257205,102257136,69
23516,102257205,102257136,69
23517,102283238,102249807,33431
23518,102234484,102234231,253
23519,102257205,102240769,16436
23520,102389144,102343814,45330
23521,102283238,102283188,50
23522,102312176,102312048,128
23523,102288458,102288286,172
23524,102301847,102300712,1135
23525,102328837,102328719,118
23526,102449672,102448849,823
23527,102449672,102448849,823
23528,102665677,102608504,57173
23529,102715015,102669865,45150
23530,102715288,102669865,45423
23531,102715288,102669865,45423
23532,102585556,102582750,2806
23533,102585556,102585054,502
23534,102740210,102739000,1210
23535,102740210,102739000,1210
23536,102740210,102739000,1210
23537,102740210,102739000,1210
23538,102740210,102739000,1210
23539,102740210,102739000,1210
23540,102789569,102769223,20346
23541,102789569,102769223,20346
23542,102790007,102789928,79
23543,102789569,102769223,20346
23544,102920759,102898908,21851
23545,102920913,102920599,314
23546,102920913,102920599,314
23547,102949706,102949572,134
23548,102952798,102952646,152
23549,102955133,102952718,2415
23550,102969958,102969499,459
23551,102952175,102952174,1
23552,102982401,102960249,22152
23553,102985320,102985069,251
23554,102985320,102985069,251
23555,102985320,102960249,25071
23556,102985320,102985069,251
23557,103002914,103002539,375
23558,103009842,103008501,1341
23559,103009842,103008501,1341
23560,103086624,103061961,24663
23561,103086624,103061961,24663
23562,103086624,103061961,24663
23563,103086624,103061961,24663
23564,103086624,103061961,24663
23565,103629963,103629803,160
23566,103629963,103629803,160
23567,103629963,103629803,160
23568,103848495,103848352,143
23569,103848495,103838217,10278
23570,103848495,103848352,143
23571,104549003,104546662,2341
23572,104549003,104485845,63158
23573,104730720,104730720,0
23574,104730720,104730720,0
23575,104732057,104731869,188
23576,104754532,104753780,752
23577,104754532,104753780,752
23578,104749105,104749029,76
23579,104730720,104730458,262
23580,104754532,104753780,752
23581,104751315,104751310,5
23582,104909524,104909290,234
23583,104939226,104909290,29936
23584,105029377,105029253,124
23585,105039798,104909290,130508
23586,105148967,105148959,8
23587,105162685,105148959,13726
23588,105162685,105148959,13726
23589,105162685,105148959,13726
23590,105208124,105207758,366
23591,105208124,105207758,366
23592,105221976,105221910,66
23593,105221976,105221910,66
23594,105319609,105305718,13891
23595,105517031,105517004,27
23596,105264714,105264590,124
23597,105318470,105283498,34972
23598,105318470,105305718,12752
23599,105517031,105517004,27
23600,105676877,105671266,5611
23601,105676877,105673143,3734
23602,105676877,105673143,3734
23603,105676877,105673143,3734
23604,105676877,105671266,5611
23605,105752791,105752654,137
23606,105753093,105752975,118
23607,105925638,105925330,308
23608,105925638,105925330,308
23609,105925638,105925330,308
23610,106301634,106301342,292
23611,106547592,106545832,1760
23612,106547592,106545832,1760
23613,106547592,106545832,1760
23614,106802256,106800027,2229
23615,106842974,106841876,1098
23616,106842974,106841876,1098
23617,106842974,106841876,1098
23618,106837567,106836600,967
23619,106841849,106840764,1085
23620,107204959,107204434,525
23621,107204959,107204434,525
23622,107204959,107204434,525
23623,107116125,107115807,318
23624,107115807,107115807,0
23625,107218968,107218005,963
23626,107218968,107218005,963
23627,107218968,107218005,963
23628,107218968,107218005,963
23629,107218968,107218005,963
23630,107218968,107218005,963
23631,107263762,107258808,4954
23632,107263762,107258808,4954
23633,107263762,107259050,4712
23634,107358252,107355891,2361
23635,107358252,107355891,2361
23636,107358252,107355891,2361
23637,107358252,107355891,2361
23638,107402083,107399623,2460
23639,107402083,107399623,2460
23640,107402083,107399623,2460
23641,107443678,107434954,8724
23642,107443678,107434899,8779
23643,107561643,107559704,1939
23644,107561643,107559704,1939
23645,107561643,107559704,1939
23646,107561643,107559704,1939
23647,107642448,107642287,161
23648,107643804,107643330,474
23649,107643804,107643330,474
23650,107643804,107643330,474
23651,107770801,107763609,7192
23652,107770801,107763609,7192
23653,107704430,107703407,1023
23654,107801440,107800935,505
23655,107816987,107816869,118
23656,107880614,107880508,106
23657,108096841,107880508,216333
23658,108096841,107880508,216333
23659,108096841,107880508,216333
23660,108096841,107880508,216333
23661,108156018,108155935,83
23662,108166762,108155935,10827
23663,108166762,108155935,10827
23664,108166762,108155635,11127
23665,108166762,108155935,10827
23666,108166762,108155935,10827
23667,108168605,108155635,12970
23668,108209897,108206420,3477
23669,108210167,108210013,154
23670,108215294,108213797,1497
23671,108524637,108524589,48
23672,109600270,109600097,173
23673,111202347,111161503,40844
23674,111202573,111161503,41070
23675,111202573,111161503,41070
23676,110765509,110764955,554
23677,110765509,110764955,554
23678,110765509,110764955,554
23679,110764955,110764955,0
23680,111380271,111379333,938
23681,111424535,111424456,79
23682,111429080,111428812,268
23683,111517242,111517152,90
23684,111846462,111846193,269
23685,111846462,111846193,269
23686,111846462,111846193,269
23687,111929008,111927133,1875
23688,111970517,111970343,174
23689,111983989,111982784,1205
23690,111983989,111982784,1205
23691,112117258,112115574,1684
23692,112117258,112115574,1684
23693,112098375,112097131,1244
23694,112117258,112115574,1684
23695,112117258,112115574,1684
23696,112117258,112115574,1684
23697,112130943,112130004,939
23698,112130943,112130004,939
23699,112430478,112424880,5598
23700,112430478,112424880,5598
23701,112430478,112415349,15129
23702,112579932,112579805,127
23703,112579932,112579805,127
23704,112726393,112724776,1617
23705,112726542,112724776,1766
23706,112727833,112724776,3057
23707,112727833,112724776,3057
23708,112724776,112724776,0
23709,112758637,112758579,58
23710,113559082,113559051,31
23711,114271760,114271759,1
23712,114269032,114268768,264
23713,114285885,114284848,1037
23714,114333827,114329981,3846
23715,114333827,114329981,3846
23716,114333827,114329981,3846
23717,114333827,114329981,3846
23718,114333827,114329981,3846
23719,114294198,114294097,101
23720,114294198,114294097,101
23721,114333827,114329981,3846
23722,114303574,114303574,0
23723,114563720,114563551,169
23724,114659970,114655989,3981
23725,115608367,115608304,63
23726,115670867,115624495,46372
23727,115670867,115624495,46372
23728,115670867,115624495,46372
23729,115799950,115750959,48991
23730,115890086,115889404,682
23731,115898837,115897536,1301
23732,115898837,115897536,1301
23733,115890086,115889404,682
23734,115898837,115897536,1301
23735,116146190,116146175,15
23736,116201239,116199341,1898
23737,116201239,116199341,1898
23738,116148595,116146175,2420
23739,116148595,116146213,2382
23740,116148595,116146175,2420
23741,116201239,116199341,1898
23742,116201239,116199341,1898
23743,116201239,116199341,1898
23744,116201239,116199341,1898
23745,116340338,116340338,0
23746,116371988,116371928,60
23747,116409963,116409920,43
23748,116438440,116436178,2262
23749,116438440,116436178,2262
23750,116364901,116364852,49
23751,116380166,116380165,1
23752,116381169,116381169,0
23753,116395578,116395573,5
23754,116397623,116397623,0
23755,116397886,116397886,0
23756,116397886,116397886,0
23757,116399652,116399652,0
23758,116403322,116403134,188
23759,116403373,116403373,0
23760,116438440,116436178,2262
23761,116559313,116557921,1392
23762,116594388,116593683,705
23763,116863961,116863034,927
23764,116863961,116863034,927
23765,116870075,116869911,164
23766,116599867,116599346,521
23767,116870075,116869911,164
23768,116870075,116869911,164
23769,116870075,116869911,164
23770,116838594,116838388,206
23771,116963343,116960706,2637
23772,116963343,116963043,300
23773,117067577,117067514,63
23774,117067577,117067514,63
23775,117067577,117024842,42735
23776,117308718,117307162,1556
23777,117308718,117307162,1556
23778,117513561,117513469,92
23779,117844093,117832056,12037
23780,117882784,117880015,2769
23781,120390387,120387912,2475
23782,120454214,120450603,3611
23783,120498177,120496817,1360
23784,120596299,120596225,74
23785,120597032,120595711,1321
23786,120597034,120596225,809
23787,120615711,120614898,813
23788,120615711,120614898,813
23789,120615711,120610970,4741
23790,120615711,120614898,813
23791,120937498,120935706,1792
23792,120776144,120776143,1
23793,120901972,120901727,245
23794,120901972,120901727,245
23795,120776144,120776143,1
23796,120981158,120979399,1759
23797,120981158,120979399,1759
23798,120981158,120979399,1759
23799,121036422,121023023,13399
23800,121036422,121023023,13399
23801,121702090,121701274,816
23802,121702090,121701274,816
23803,121702090,121701274,816
23804,121773876,121773780,96
23805,121784344,121773780,10564
23806,121784344,121738622,45722
23807,121944565,121944491,74
23808,121944565,121944491,74
23809,122261771,122261738,33
23810,122526813,122526391,422
23811,122526813,122526391,422
23812,122526813,122526391,422
23813,122526813,122526391,422
23814,122339208,122338972,236
23815,122343021,122342804,217
23816,122635754,122635688,66
23817,122840025,122840000,25
23818,122840025,122789617,50408
23819,123101670,123101416,254
23820,123173002,123152394,20608
23821,123174718,123152394,22324
23822,123173002,123152394,20608
23823,123174718,123152394,22324
23824,123197958,123197849,109
23825,123197958,123197849,109
23826,123277932,123277035,897
23827,123267335,123267333,2
23828,123277932,123277035,897
23829,123304147,123303799,348
23830,123389116,123388788,328
23831,123517531,123517209,322
23832,123517531,123516085,1446
23833,123600100,123600023,77
23834,123600100,123600023,77
23835,123611461,123610302,1159
23836,123600100,123600023,77
23837,123600100,123600023,77
23838,123610350,123610302,48
23839,123673523,123673057,466
23840,124406079,124405030,1049
23841,124430864,124430678,186
23842,124570037,124537227,32810
23843,124570037,124503556,66481
23844,126883569,126883258,311
23845,126892428,126883258,9170
23846,126752374,126544627,207747
23847,127026234,127017249,8985
23848,127032323,127031611,712
23849,127032767,127031611,1156
23850,127032767,127031611,1156
23851,127225654,127225236,418
23852,127230191,127229675,516
23853,127231759,127231353,406
23854,127236057,127236056,1
23855,127240453,127240419,34
23856,127241851,127240453,1398
23857,127241851,127240419,1432
23858,127255724,127255263,461
23859,127255780,127255574,206
23860,127255982,127255574,408
23861,127255724,127255263,461
23862,127732659,127732110,549
23863,127732659,127732110,549
23864,127640130,127638079,2051
23865,127671002,127670693,309
23866,127670693,127670693,0
23867,127897682,127894816,2866
23868,127894934,127894816,118
23869,127983962,127983847,115
23870,127983962,127983847,115
23871,127983933,127979804,4129
23872,128001739,128000045,1694
23873,128001739,128000045,1694
23874,128046024,128045918,106
23875,128046024,128045918,106
23876,128046024,128045918,106
23877,128050036,128049955,81
23878,128050036,128049365,671
23879,128050036,128049955,81
23880,128050036,128049955,81
23881,128050036,128049955,81
23882,128050036,128049955,81
23883,128098472,128097514,958
23884,128098472,128097514,958
23885,128097514,128097514,0
23886,128142978,128141970,1008
23887,128142978,128141970,1008
23888,128142978,128141970,1008
23889,128301052,128292355,8697
23890,128323309,128323213,96
23891,128323379,128323213,166
23892,128363480,128363385,95
23893,128365126,128364874,252
23894,128371797,128371167,630
23895,128371797,128371167,630
23896,128371797,128371167,630
23897,128413477,128409221,4256
23898,128413477,128409221,4256
23899,128413477,128409221,4256
23900,128413477,128409221,4256
23901,128413477,128409148,4329
23902,128413477,128409221,4256
23903,128413477,128409221,4256
23904,128413477,128409221,4256
23905,128413477,128409221,4256
23906,128415844,128415844,0
23907,128462187,128457913,4274
23908,128462187,128457913,4274
23909,128462187,128461963,224
23910,128462187,128461963,224
23911,128462187,128461963,224
23912,128499328,128498577,751
23913,128499328,128498577,751
23914,128505903,128505632,271
23915,128505903,128505632,271
23916,128512101,128508829,3272
23917,128550773,128550730,43
23918,128550773,128550730,43
23919,128587589,128587568,21
23920,128586996,128586620,376
23921,128587360,128587142,218
23922,128587589,128587568,21
23923,128590088,128588872,1216
23924,128590088,128588872,1216
23925,128590088,128588872,1216
23926,128590088,128588872,1216
23927,128587589,128587568,21
23928,128587589,128587101,488
23929,128590088,128588872,1216
23930,128587589,128587310,279
23931,128588175,128587568,607
23932,128624313,128624236,77
23933,128695227,128658133,37094
23934,128695227,128694824,403
23935,128695227,128694824,403
23936,128695227,128694824,403
23937,128768050,128767714,336
23938,128809534,128807715,1819
23939,128809534,128807715,1819
23940,128853385,128852292,1093
23941,128853385,128851733,1652
23942,129070052,129066886,3166
23943,129070052,129066886,3166
23944,129070052,129066886,3166
23945,129070052,129066886,3166
23946,129123475,129122910,565
23947,129128239,129125670,2569
23948,129128239,129125670,2569
23949,129152773,129152282,491
23950,129396922,129395021,1901
23951,129396922,129395021,1901
23952,129396922,129395021,1901
23953,129396922,129395021,1901
23954,129592783,129498776,94007
23955,129592800,129592395,405
23956,129592800,129592395,405
23957,129680941,129680860,81
23958,129691233,129691206,27
23959,129775560,129770586,4974
23960,129775560,129770586,4974
23961,129775560,129770586,4974
23962,129845338,129845215,123
23963,129845338,129845215,123
23964,129845338,129845215,123
23965,129856684,129856310,374
23966,129916872,129916650,222
23967,129929637,129929587,50
23968,129964020,129962516,1504
23969,129964020,129962516,1504
23970,129964020,129962516,1504
23971,130008571,130008438,133
23972,130008571,130008438,133
23973,130008571,130008424,147
23974,130008571,130008438,133
23975,130008571,130008438,133
23976,130023931,130023701,230
23977,130025764,130025763,1
23978,130027949,130027852,97
23979,130040987,130040590,397
23980,130081051,130080807,244
23981,130081051,130041754,39297
23982,130081051,130080807,244
23983,130081051,130080807,244
23984,130081051,130080807,244
23985,130146138,130144897,1241
23986,130146138,130144897,1241
23987,130146138,130144897,1241
23988,130146138,130144897,1241
23989,130146138,130144897,1241
23990,130146138,130144897,1241
23991,130353598,130353508,90
23992,130371406,130370048,1358
23993,130372268,130370048,2220
23994,130418888,130418860,28
23995,131181398,131172487,8911
23996,131163719,131163546,173
23997,131181398,131172487,8911
23998,131181398,131172487,8911
23999,131181398,131172422,8976
24000,131241376,131241118,258
24001,131241376,131241118,258
24002,131830097,131829957,140
24003,132261323,132193452,67871
24004,132261323,132193452,67871
24005,132333447,132193452,139995
24006,132766828,132766697,131
24007,132766828,132766697,131
24008,132766828,132766697,131
24009,133165805,133164900,905
24010,133168946,133168798,148
24011,133750513,133749281,1232
24012,133750513,133749281,1232
24013,133750513,133749281,1232
24014,133750513,133749281,1232
24015,133750513,133749281,1232
24016,133948933,133948727,206
24017,134001827,134001503,324
24018,134001827,133986798,15029
24019,134001827,134001503,324
24020,134143888,134143814,74
24021,134226166,134225841,325
24022,134264592,134264301,291
24023,134255226,134254287,939
24024,134364567,134363783,784
24025,134364567,134363783,784
24026,134647119,134644874,2245
24027,134655480,134653096,2384
24028,134655480,134653096,2384
24029,134655480,134653096,2384
24030,134655480,134653096,2384
24031,134655480,134653096,2384
24032,134655480,134653096,2384
24033,134655480,134653096,2384
24034,134653715,134653340,375
24035,134655480,134653096,2384
24036,134820530,134820013,517
24037,134855578,134853630,1948
24038,134850967,134849751,1216
24039,134849751,134849751,0
24040,134852835,134852609,226
24041,134854226,134853674,552
24042,134854226,134852531,1695
24043,134855276,134853674,1602
24044,134855578,134853674,1904
24045,134855578,134852531,3047
24046,134855578,134853674,1904
24047,134855578,134853674,1904
24048,134891954,134880906,11048
24049,134896316,134896254,62
24050,134943244,134943244,0
24051,135194875,135123079,71796
24052,135194875,135123079,71796
24053,135194875,135123079,71796
24054,135194875,135123079,71796
24055,135194875,135123079,71796
24056,135194875,135123079,71796
24057,135333499,135333304,195
24058,135361160,135358913,2247
24059,135412933,135412244,689
24060,135412933,135412244,689
24061,135433594,135433328,266
24062,135433594,135433328,266
24063,135662204,135661848,356
24064,136701771,136701013,758
24065,136701771,136701013,758
24066,136701771,136701013,758
24067,136701771,136701013,758
24068,136701771,136701013,758
24069,136701771,136701013,758
24070,136701771,136701013,758
24071,136701771,136701013,758
24072,136701771,136701013,758
24073,136701013,136701013,0
24074,137028546,136939720,88826
24075,137531609,137531608,1
24076,137531609,137304662,226947
24077,137617754,137613025,4729
24078,137686847,137686451,396
24079,137686847,137686451,396
24080,137620655,137613025,7630
24081,137686847,137686451,396
24082,137642712,137642571,141
24083,137790175,137790175,0
24084,137803050,137801408,1642
24085,137803050,137801408,1642
24086,137803050,137801383,1667
24087,138270332,138269696,636
24088,138270332,138269696,636
24089,138255748,138255748,0
24090,138348969,138347832,1137
24091,138363790,138363790,0
24092,138458782,138455992,2790
24093,138482941,138455992,26949
24094,138482941,138455992,26949
24095,138490769,138487814,2955
24096,138490769,138487814,2955
24097,138583965,138583899,66
24098,138583965,138583899,66
24099,138666064,138666015,49
24100,138666064,138666015,49
24101,138720775,138720763,12
24102,138794465,138794077,388
24103,138764013,138761111,2902
24104,138794465,138794077,388
24105,138846089,138845792,297
24106,138849980,138849979,1
24107,138853317,138853311,6
24108,138874550,138874178,372
24109,138874550,138874111,439
24110,138874550,138874178,372
24111,138874550,138874178,372
24112,138874550,138874178,372
24113,138874550,138874178,372
24114,138992982,138982582,10400
24115,138962460,138960897,1563
24116,139108203,139107086,1117
24117,139031065,139030450,615
24118,139108203,139107086,1117
24119,139108203,139107086,1117
24120,139108203,139107086,1117
24121,139097571,139097330,241
24122,139108203,139107086,1117
24123,139168457,139168388,69
24124,139168457,139168388,69
24125,139229731,139229088,643
24126,139477693,139477422,271
24127,139477693,139477422,271
24128,139720125,139719899,226
24129,139720125,139719899,226
24130,139716629,139716216,413
24131,139720125,139719899,226
24132,139720125,139719899,226
24133,139720125,139719899,226
24134,139720125,139719840,285
24135,139613828,139612986,842
24136,139763521,139762647,874
24137,139876741,139876737,4
24138,140098311,140082326,15985
24139,140098311,140082326,15985
24140,140098311,140082326,15985
24141,140098311,140082326,15985
24142,140098311,140082326,15985
24143,140126050,140125950,100
24144,140126050,140125950,100
24145,140174569,140171804,2765
24146,140179369,140179144,225
24147,140179369,140156639,22730
24148,140179369,140179144,225
24149,140179369,140171804,7565
24150,140302342,140302197,145
24151,140340576,140302197,38379
24152,140340576,140302197,38379
24153,140341286,140302197,39089
24154,140394908,140394603,305
24155,140395745,140395604,141
24156,140406446,140404734,1712
24157,140624564,140624503,61
24158,140714479,140710433,4046
24159,140714781,140710433,4348
24160,141180179,141170586,9593
24161,141354209,141352724,1485
24162,141401953,141401953,0
24163,141438030,141438018,12
24164,141431071,141430120,951
24165,141446326,141445461,865
24166,141450288,141450154,134
24167,141450288,141450154,134
24168,141450288,141450154,134
24169,141450288,141450154,134
24170,141450288,141450154,134
24171,141450288,141450154,134
24172,141464997,141464909,88
24173,141479188,141479188,0
24174,141491166,141491061,105
24175,141541221,141540849,372
24176,141541221,141540849,372
24177,141541221,141540842,379
24178,141541285,141537960,3325
24179,141619620,141619620,0
24180,141646112,141646092,20
24181,141646783,141646092,691
24182,141646783,141646092,691
24183,141646783,141646092,691
24184,141673573,141673489,84
24185,141806547,141805691,856
24186,141843783,141843700,83
24187,141957847,141957527,320
24188,141957878,141957527,351
24189,142211011,142211011,0
24190,142001248,142001247,1
24191,142008868,142008866,2
24192,142013487,142013487,0
24193,142021362,142021362,0
24194,142470314,142470314,0
24195,142032693,142032588,105
24196,142045814,142045814,0
24197,142099938,142099938,0
24198,142120350,142120321,29
24199,142120350,142120321,29
24200,142131921,142131877,44
24201,142139815,142139770,45
24202,142149474,142149392,82
24203,142162407,142162405,2
24204,142251152,142251137,15
24205,142169010,142168844,166
24206,142180999,142180992,7
24207,142251152,142251137,15
24208,142207007,142206960,47
24209,142224284,142224267,17
24210,142232120,142232022,98
24211,142240022,142240011,11
24212,142247590,142247565,25
24213,142251152,142251137,15
24214,142327044,142327044,0
24215,142334912,142334911,1
24216,142494579,142494578,1
24217,142364707,142364707,0
24218,142375525,142375137,388
24219,142379075,142379074,1
24220,142423934,142423791,143
24221,142428988,142428988,0
24222,142499111,142494570,4541
24223,142448741,142448739,2
24224,142448743,142448742,1
24225,142459859,142458856,1003
24226,142460927,142460871,56
24227,142460927,142460871,56
24228,142482399,142482364,35
24229,142511084,142510972,112
24230,142568847,142568657,190
24231,142568847,142568657,190
24232,142568847,142568657,190
24233,142568847,142568657,190
24234,142568847,142568657,190
24235,142568847,142568657,190
24236,142574345,142574280,65
24237,142575779,142574994,785
24238,142583490,142583261,229
24239,142630820,142630556,264
24240,142630820,142630556,264
24241,142637957,142637674,283
24242,142659503,142659293,210
24243,142724219,142724219,0
24244,142750379,142750379,0
24245,142760882,142760423,459
24246,142836834,142836735,99
24247,142881528,142881528,0
24248,142920143,142920143,0
24249,142966222,142965930,292
24250,142966222,142965930,292
24251,142966222,142965930,292
24252,142966222,142965930,292
24253,142985141,142983922,1219
24254,142985141,142983922,1219
24255,142985141,142983922,1219
24256,142985141,142983922,1219
24257,142985141,142983922,1219
24258,142985141,142983922,1219
24259,143004789,143002164,2625
24260,143004789,142991392,13397
24261,143004789,143002164,2625
24262,143004789,143000880,3909
24263,143004789,143002164,2625
24264,143049097,143049058,39
24265,143049097,143049058,39
24266,143056860,143056506,354
24267,143058892,143057186,1706
24268,143059173,143057186,1987
24269,143059840,143059696,144
24270,143059840,143056103,3737
24271,143088206,143087775,431
24272,143088206,143087775,431
24273,143088206,143087775,431
24274,143088206,143087775,431
24275,143088206,143087775,431
24276,143105985,143105898,87
24277,143220540,143216114,4426
24278,143141502,143141502,0
24279,143175889,143175889,0
24280,143271480,143271244,236
24281,143342767,143341113,1654
24282,143422176,143421823,353
24283,143422176,143421823,353
24284,143422176,143421823,353
24285,143342767,143341113,1654
24286,143422176,143421823,353
24287,143422176,143421823,353
24288,143512129,143512129,0
24289,143533304,143530962,2342
24290,143533810,143530962,2848
24291,143533810,143344519,189291
24292,143427173,143424760,2413
24293,143427173,143424760,2413
24294,143454843,143454751,92
24295,143533304,143530962,2342
24296,143533810,143530962,2848
24297,143582466,143560237,22229
24298,143599172,143573701,25471
24299,143599278,143573701,25577
24300,143633279,143633279,0
24301,143658108,143658017,91
24302,143702025,143702025,0
24303,143748430,143748430,0
24304,143772245,143772245,0
24305,143793133,143793133,0
24306,143807632,143807632,0
24307,143827138,143827138,0
24308,143840031,143840031,0
24309,143883173,143882930,243
24310,143892791,143885476,7315
24311,143885476,143885476,0
24312,143929936,143929936,0
24313,144052232,143948348,103884
24314,143948696,143948348,348
24315,143956721,143956721,0
24316,143966392,143966343,49
24317,143997832,143997398,434
24318,143997598,143997398,200
24319,144016150,144016150,0
24320,144073298,144072772,526
24321,144077725,144077149,576
24322,144077725,144077149,576
24323,144107320,144107320,0
24324,144421252,144380050,41202
24325,144533146,144532695,451
24326,144533146,144532695,451
24327,148118088,148112708,5380
24328,148118088,148112708,5380
24329,148312952,148312493,459
24330,148498202,148497674,528
24331,148498202,148497674,528
24332,148498202,148497674,528
24333,148498202,148497674,528
24334,148544397,148544390,7
24335,148580601,148544390,36211
24336,148581441,148544390,37051
24337,148581441,148544390,37051
24338,148581441,148544390,37051
24339,148581441,148544390,37051
24340,148581441,148544390,37051
24341,148725782,148725500,282
24342,148787869,148787732,137
24343,148787869,148777716,10153
24344,148787869,148771517,16352
24345,148823438,148823305,133
24346,148880118,148876893,3225
24347,148880118,148876893,3225
24348,148880118,148876893,3225
24349,148921755,148921372,383
24350,148923339,148921739,1600
24351,148911035,148910914,121
24352,148923264,148921422,1842
24353,148952700,148951506,1194
24354,148982085,148979434,2651
24355,148990914,148990673,241
24356,148994393,148992136,2257
24357,149158053,149153113,4940
24358,149194898,149194627,271
24359,149194898,149194627,271
24360,149431664,149431136,528
24361,149431664,149431136,528
24362,149470295,149468121,2174
24363,149470295,149468121,2174
24364,149531053,149530901,152
24365,149483311,149483310,1
24366,149564568,149561373,3195
24367,149577787,149575860,1927
24368,149577787,149576766,1021
24369,149577787,149576766,1021
24370,150000069,149992385,7684
24371,150020758,149992385,28373
24372,150035245,150023093,12152
24373,150035245,150034730,515
24374,150035245,150034730,515
24375,150029811,150028204,1607
24376,150034730,150034730,0
24377,150038763,150037698,1065
24378,150071133,150070034,1099
24379,150071133,150070034,1099
24380,150071133,150070034,1099
24381,150071133,150070034,1099
24382,150071133,150070034,1099
24383,150070033,150069665,368
24384,150095719,150095183,536
24385,150176483,150174868,1615
24386,150218161,150217965,196
24387,150217965,150217965,0
24388,150270308,150270148,160
24389,150271041,150270148,893
24390,150271041,150270148,893
24391,150329736,150327230,2506
24392,150329736,150327230,2506
24393,150329736,150327230,2506
24394,150329736,150325751,3985
24395,150390728,150390388,340
24396,150421368,150418013,3355
24397,150440737,150440151,586
24398,150440737,150440151,586
24399,150493783,150493657,126
24400,150497621,150493657,3964
24401,150497621,150493657,3964
24402,150498448,150493657,4791
24403,150502208,150501956,252
24404,150558379,150558297,82
24405,150558379,150558297,82
24406,150558379,150558297,82
24407,150652917,150652591,326
24408,150657964,150656843,1121
24409,150675402,150675001,401
24410,150652917,150652591,326
24411,150675402,150675001,401
24412,150711687,150711257,430
24413,150711687,150711257,430
24414,150701023,150700376,647
24415,150701023,150700783,240
24416,150701023,150700491,532
24417,150721586,150721510,76
24418,150733736,150733734,2
24419,150739195,150738276,919
24420,150744869,150742436,2433
24421,150744869,150742436,2433
24422,150744869,150742436,2433
24423,150744869,150742436,2433
24424,150744869,150742436,2433
24425,150749843,150749739,104
24426,150749843,150749773,70
24427,150749843,150749834,9
24428,150755052,150754935,117
24429,150755052,150754935,117
24430,150773614,150773454,160
24431,150773614,150773454,160
24432,150773614,150773454,160
24433,150773614,150773454,160
24434,150773617,150773444,173
24435,150777881,150775756,2125
24436,150777970,150777853,117
24437,150777970,150777853,117
24438,150777970,150777853,117
24439,150777881,150776989,892
24440,150779765,150779650,115
24441,150780413,150779650,763
24442,150780620,150779650,970
24443,150841523,150841030,493
24444,150820725,150819874,851
24445,150820725,150819874,851
24446,150841523,150841030,493
24447,150820725,150819874,851
24448,150841523,150841030,493
24449,150841523,150841030,493
24450,150864867,150864635,232
24451,150884478,150884217,261
24452,150884478,150884217,261
24453,150884919,150884809,110
24454,150924317,150923544,773
24455,150912320,150911987,333
24456,150924317,150923544,773
24457,150935905,150935767,138
24458,150935905,150935767,138
24459,150945749,150945648,101
24460,150973820,150972238,1582
24461,150974231,150972238,1993
24462,150945749,150945648,101
24463,150945749,150945648,101
24464,151049229,151049227,2
24465,151075548,151074311,1237
24466,151075548,151074311,1237
24467,151106892,151106014,878
24468,151107124,151106675,449
24469,151107124,151106675,449
24470,151107740,151093203,14537
24471,151110132,151109942,190
24472,151110132,151109121,1011
24473,151137099,151137003,96
24474,151137099,151137003,96
24475,151217010,151216597,413
24476,151329344,151329185,159
24477,151433349,151433079,270
24478,151511957,151483609,28348
24479,151574316,151573705,611
24480,151292537,151292511,26
24481,151574316,151573705,611
24482,151507545,151506346,1199
24483,151717019,151716886,133
24484,151717019,151716886,133
24485,151717019,151716886,133
24486,151819427,151818762,665
24487,151819427,151818762,665
24488,151819427,151818762,665
24489,151801974,151800386,1588
24490,151816795,151814493,2302
24491,151855010,151854989,21
24492,151875095,151875064,31
24493,151935989,151927358,8631
24494,152133090,152132871,219
24495,152373250,152373164,86
24496,152552464,152551638,826
24497,152552464,152551638,826
24498,152552464,152551638,826
24499,152552464,152551638,826
24500,154685995,154684190,1805
24501,154380340,154379794,546
24502,154685995,154684190,1805
24503,154172998,154172196,802
24504,154685995,154684190,1805
24505,154685995,154684190,1805
24506,154794682,154794639,43
24507,154794682,154794639,43
24508,154794682,154782774,11908
24509,154794682,154794639,43
24510,154775454,154775093,361
24511,154797413,154795940,1473
24512,154863267,154863013,254
24513,154863267,154863013,254
24514,154879102,154876197,2905
24515,155101945,155100068,1877
24516,155101945,155099980,1965
24517,155101945,155094539,7406
24518,155257526,155255382,2144
24519,155326539,155301732,24807
24520,155493871,155493706,165
24521,155574179,155567735,6444
24522,155559477,155559385,92
24523,155574179,155567735,6444
24524,155601766,155599443,2323
24525,155601766,155599443,2323
24526,155604967,155604816,151
24527,156433348,156433348,0
24528,156469820,156469349,471
24529,156469820,156469349,471
24530,156469814,156469069,745
24531,156469820,156469349,471
24532,156453044,156451580,1464
24533,156453044,156451580,1464
24534,156589186,156556456,32730
24535,156685902,156685687,215
24536,156685902,156685687,215
24537,156685902,156556456,129446
24538,156685902,156685697,205
24539,156765876,156762397,3479
24540,156802129,156802084,45
24541,156803347,156803044,303
24542,156802129,156801746,383
24543,156802129,156802084,45
24544,156803347,156803044,303
24545,156981988,156981655,333
24546,157009926,157009701,225
24547,157062066,157060449,1617
24548,157062066,157060449,1617
24549,157179018,157178340,678
24550,157210133,157208792,1341
24551,157210133,157208792,1341
24552,157210133,157208792,1341
24553,157210133,157208792,1341
24554,157179018,157178340,678
24555,158334468,158334298,170
24556,158380482,158380361,121
24557,158380482,158380361,121
24558,158380482,158380361,121
24559,158380482,158380361,121
24560,158459930,158457424,2506
24561,158482645,158482558,87
24562,158497520,158494590,2930
24563,158497520,158494590,2930
24564,158457461,158457424,37
24565,158497520,158494590,2930
24566,158536908,158536411,497
24567,158555856,158554231,1625
24568,158622319,158622253,66
24569,158611441,158590755,20686
24570,158622319,158622253,66
24571,158738883,158738470,413
24572,158738883,158738470,413
24573,158937649,158937463,186
24574,117024,117024,0
24575,182318,169394,12924
24576,197339,196362,977
24577,197339,196362,977
24578,197339,196362,977
24579,197339,196362,977
24580,419875,418804,1071
24581,419875,418804,1071
24582,419875,418804,1071
24583,419875,418804,1071
24584,427966,425027,2939
24585,494845,494757,88
24586,495781,494757,1024
24587,681226,681161,65
24588,624047,623787,260
24589,1087777,1087483,294
24590,1656642,1649572,7070
24591,1656642,1649572,7070
24592,1734736,1728733,6003
24593,1873570,1873570,0
24594,1906807,1905429,1378
24595,1906807,1905429,1378
24596,1819280,1817556,1724
24597,1852264,1851671,593
24598,1819280,1817556,1724
24599,1875670,1874704,966
24600,1906807,1905429,1378
24601,1955109,1951230,3879
24602,1951230,1951230,0
24603,2093380,2092905,475
24604,2093380,2092905,475
24605,2149988,2149031,957
24606,3045487,3019731,25756
24607,3267127,3265670,1457
24608,4852328,4851938,390
24609,3253903,3253779,124
24610,6304940,6303076,1864
24611,6304940,6303076,1864
24612,6501140,6500570,570
24613,6420784,6420455,329
24614,6420784,6420455,329
24615,6420784,6420455,329
24616,6420784,6420455,329
24617,6619021,6614909,4112
24618,6619021,6612658,6363
24619,6693166,6693015,151
24620,6693166,6681190,11976
24621,6699975,6699672,303
24622,6735529,6735379,150
24623,6783598,6783557,41
24624,6795786,6794421,1365
24625,6837614,6836156,1458
24626,6856724,6855273,1451
24627,6875823,6874372,1451
24628,6914259,6914219,40
24629,7177473,7177473,0
24630,7191501,7191501,0
24631,7196229,7196229,0
24632,7220490,7220468,22
24633,7274354,7274349,5
24634,7287870,7287652,218
24635,7321192,7321025,167
24636,7321192,7321025,167
24637,7309887,7309835,52
24638,7309887,7309835,52
24639,7321192,7321025,167
24640,7321192,7321025,167
24641,7321192,7321025,167
24642,7332604,7332590,14
24643,7343909,7343904,5
24644,7347073,7347073,0
24645,7366833,7366745,88
24646,7628835,7628835,0
24647,7673238,7673150,88
24648,7681360,7681360,0
24649,7686575,7686475,100
24650,7698764,7698716,48
24651,7707807,7707665,142
24652,7718464,7718355,109
24653,7718464,7718189,275
24654,7721319,7721057,262
24655,7721319,7721057,262
24656,7740180,7740090,90
24657,7754237,7754132,105
24658,7809935,7809913,22
24659,7830775,7830775,0
24660,7835507,7835507,0
24661,7855043,7855043,0
24662,8239257,8239257,0
24663,8561617,8560787,830
24664,8751131,8750568,563
24665,8890849,8887544,3305
24666,9008220,8999161,9059
24667,9009152,8999161,9991
24668,8999161,8999161,0
24669,9567919,9567835,84
24670,9639856,9634246,5610
24671,9639856,9634246,5610
24672,9760588,9760235,353
24673,10286401,10285822,579
24674,10286401,10285822,579
24675,10177873,10177547,326
24676,10286401,10285822,579
24677,10286401,10285822,579
24678,10396333,10396303,30
24679,10411676,10411542,134
24680,10512617,10480711,31906
24681,10558103,10557981,122
24682,10588022,10587943,79
24683,10697299,10697266,33
24684,10697299,10697266,33
24685,10697299,10697266,33
24686,11058875,11058848,27
24687,11185654,11180297,5357
24688,11185654,11180297,5357
24689,11185654,11180297,5357
24690,11189695,11189632,63
24691,11302878,11301920,958
24692,11324276,11301920,22356
24693,11422108,11421617,491
24694,11422108,11421617,491
24695,11566437,11566436,1
24696,11617509,11615984,1525
24697,11566437,11566436,1
24698,11617509,11615984,1525
24699,11617509,11615984,1525
24700,11620732,11619615,1117
24701,11644854,11643782,1072
24702,11644854,11643782,1072
24703,11644854,11643782,1072
24704,11644854,11643782,1072
24705,11696818,11696118,700
24706,11689179,11689179,0
24707,11696818,11696118,700
24708,11696818,11696118,700
24709,11696818,11696118,700
24710,11696818,11696118,700
24711,11696818,11696118,700
24712,11696818,11696118,700
24713,11696818,11696118,700
24714,11696818,11696118,700
24715,11696818,11696118,700
24716,11706212,11705918,294
24717,11725646,11710963,14683
24718,11725646,11710963,14683
24719,11725646,11710963,14683
24720,11725646,11710963,14683
24721,11725646,11710963,14683
24722,11725646,11708448,17198
24723,11725646,11710963,14683
24724,11707162,11706568,594
24725,11832108,11832108,0
24726,11842099,11842099,0
24727,11853760,11853760,0
24728,11874981,11873054,1927
24729,11929256,11929256,0
24730,11973025,11970667,2358
24731,11986806,11986806,0
24732,11991518,11991518,0
24733,11996269,11996269,0
24734,12034776,12033280,1496
24735,12051576,12047351,4225
24736,12051576,12044266,7310
24737,12051624,12051579,45
24738,12051624,12047351,4273
24739,12051624,12044266,7358
24740,12175825,12175825,0
24741,12219262,12216351,2911
24742,12275541,12274925,616
24743,12293464,12286352,7112
24744,12293852,12293852,0
24745,12293852,12289625,4227
24746,12293852,12286547,7305
24747,12523120,12517240,5880
24748,12594649,12594562,87
24749,12600791,12594562,6229
24750,12612992,12612929,63
24751,12889012,12888949,63
24752,12887284,12879553,7731
24753,12887284,12879553,7731
24754,12887284,12879553,7731
24755,12973753,12960331,13422
24756,12990809,12990489,320
24757,13134057,13133909,148
24758,13372429,13357580,14849
24759,13372429,13357580,14849
24760,13372429,13357580,14849
24761,13425797,13425460,337
24762,14412435,14412435,0
24763,15095792,15095132,660
24764,15624158,15615318,8840
24765,15624158,15621727,2431
24766,16043781,16043717,64
24767,16050300,16035497,14803
24768,16050300,16035497,14803
24769,16050300,16035497,14803
24770,16050300,16021712,28588
24771,16859674,16859541,133
24772,16859674,16859541,133
24773,16980148,16976284,3864
24774,17080241,17074721,5520
24775,17104104,17102661,1443
24776,17104387,17102661,1726
24777,17104387,17102661,1726
24778,17102756,17102661,95
24779,17155533,17143936,11597
24780,17155533,17143936,11597
24781,17155533,17143936,11597
24782,17169182,17169022,160
24783,17169182,17163390,5792
24784,17271040,17270801,239
24785,17206590,17198940,7650
24786,17428077,17422655,5422
24787,17428077,17422655,5422
24788,17428077,17422655,5422
24789,17500642,17500310,332
24790,17555246,17554886,360
24791,17579730,17579410,320
24792,17580084,17573294,6790
24793,17658426,17613316,45110
24794,17658426,17613316,45110
24795,17658426,17613316,45110
24796,17752913,17743063,9850
24797,17752913,17743063,9850
24798,17753047,17743063,9984
24799,17753047,17743063,9984
24800,17767874,17753740,14134
24801,17810695,17810694,1
24802,17813404,17813166,238
24803,17817674,17817672,2
24804,17887457,17885171,2286
24805,17887457,17885171,2286
24806,17887457,17885171,2286
24807,17887457,17885171,2286
24808,17887457,17885171,2286
24809,17887457,17885171,2286
24810,17887457,17885171,2286
24811,17887457,17885171,2286
24812,17941879,17941567,312
24813,17941879,17941567,312
24814,17942507,17942310,197
24815,17942507,17942310,197
24816,18081198,18080429,769
24817,18081198,18080429,769
24818,18081198,18080429,769
24819,18081198,18080429,769
24820,18081198,18080429,769
24821,18081198,18080429,769
24822,18081198,18080429,769
24823,18081198,18080429,769
24824,18081198,18080429,769
24825,18258723,18258386,337
24826,18258386,18258386,0
24827,18541586,18541442,144
24828,18666405,18666296,109
24829,18666405,18623033,43372
24830,18871196,18871093,103
24831,19253729,19252153,1576
24832,19253729,19252153,1576
24833,19253729,19252153,1576
24834,19460056,19363345,96711
24835,19540094,19363345,176749
24836,19615382,19363345,252037
24837,19709586,19709316,270
24838,19709586,19709316,270
24839,19824770,19822821,1949
24840,20040717,20038475,2242
24841,20040717,20038475,2242
24842,20040717,20038475,2242
24843,20040717,20038475,2242
24844,20079207,20077913,1294
24845,20112803,20112692,111
24846,20112803,20112692,111
24847,21646346,21645671,675
24848,21646346,21645671,675
24849,21646346,21645671,675
24850,21771205,21771112,93
24851,21771205,21771112,93
24852,21771205,21768339,2866
24853,21771205,21768339,2866
24854,21864096,21862599,1497
24855,21894408,21894193,215
24856,21894408,21894193,215
24857,21894408,21894193,215
24858,21894408,21894015,393
24859,21906319,21905760,559
24860,21906319,21905760,559
24861,21906319,21905760,559
24862,21940036,21938637,1399
24863,21937971,21937970,1
24864,21940036,21938637,1399
24865,21940036,21938637,1399
24866,21940036,21938637,1399
24867,21940036,21938637,1399
24868,21940036,21938637,1399
24869,21940036,21938974,1062
24870,21940036,21938974,1062
24871,21940036,21938974,1062
24872,21954556,21952124,2432
24873,21961891,21960442,1449
24874,21961891,21960442,1449
24875,21967456,21966813,643
24876,21967456,21967362,94
24877,21988565,21986683,1882
24878,21988565,21986683,1882
24879,21988565,21986683,1882
24880,21999448,21998995,453
24881,21999448,21998995,453
24882,21999448,21998995,453
24883,22014344,22014055,289
24884,22014344,22014055,289
24885,22021991,22021970,21
24886,22021991,22021554,437
24887,22021991,22021554,437
24888,22021991,22021554,437
24889,22021482,22021482,0
24890,22059441,22058716,725
24891,22059441,22058716,725
24892,22059441,22058716,725
24893,22069840,22069241,599
24894,22069840,22069241,599
24895,22089851,22085870,3981
24896,22089851,22085870,3981
24897,22108680,22108031,649
24898,22108680,22108031,649
24899,22213584,22213018,566
24900,22213584,22213018,566
24901,22213584,22213018,566
24902,22213584,22213018,566
24903,22280249,22277211,3038
24904,22280249,22277211,3038
24905,22291640,22291517,123
24906,22280249,22277211,3038
24907,22380326,22380300,26
24908,22398657,22398315,342
24909,22398657,22398315,342
24910,22398657,22398315,342
24911,22398657,22398315,342
24912,22433008,22432241,767
24913,22433008,22432241,767
24914,22446894,22446894,0
24915,22451810,22451423,387
24916,22451810,22451319,491
24917,22455538,22452162,3376
24918,22461662,22460819,843
24919,22461662,22460819,843
24920,22461662,22460731,931
24921,22477983,22477195,788
24922,22477983,22477195,788
24923,22477981,22476913,1068
24924,22526661,22526564,97
24925,22526661,22488089,38572
24926,22549902,22549854,48
24927,22550093,22548987,1106
24928,22550815,22550457,358
24929,22785421,22785227,194
24930,22877710,22874982,2728
24931,22877710,22874982,2728
24932,22877710,22874982,2728
24933,22885412,22885309,103
24934,22926700,22926407,293
24935,22926700,22887145,39555
24936,22926700,22926407,293
24937,22926700,22888340,38360
24938,22926700,22887145,39555
24939,22974950,22974544,406
24940,23021543,23021448,95
24941,23082680,23082574,106
24942,23119512,23118112,1400
24943,23119512,23118112,1400
24944,23119512,23118101,1411
24945,23153792,23153610,182
24946,23153792,23153610,182
24947,23177565,23177484,81
24948,23261722,23225864,35858
24949,23315244,23307413,7831
24950,23315244,23307413,7831
24951,23315244,23307413,7831
24952,23315244,23307413,7831
24953,23306452,23306358,94
24954,23425338,23423878,1460
24955,23430063,23429368,695
24956,23432976,23431469,1507
24957,23540402,23540402,0
24958,23540450,23540402,48
24959,23564111,23564111,0
24960,23712320,23712036,284
24961,24193612,24193210,402
24962,24193612,24193210,402
24963,24212726,24211917,809
24964,24212726,24211917,809
24965,24263526,24262811,715
24966,24263526,24262811,715
24967,24263526,24262811,715
24968,24325151,24324555,596
24969,24367077,24366059,1018
24970,24384483,24384294,189
24971,24772230,24772067,163
24972,24776489,24776119,370
24973,24776606,24776119,487
24974,24776606,24776119,487
24975,24814383,24814029,354
24976,25162809,25161847,962
24977,25270619,25268814,1805
24978,25234375,25232311,2064
24979,25253456,25253376,80
24980,26230195,26227929,2266
24981,25282556,25280846,1710
24982,25282556,25280858,1698
24983,25315984,25315762,222
24984,25365425,25365254,171
24985,25365425,25364071,1354
24986,25365425,25365254,171
24987,25365425,25365254,171
24988,25902640,25902375,265
24989,25902640,25902375,265
24990,26230195,26227929,2266
24991,26230195,26227929,2266
24992,26270644,26267928,2716
24993,26270644,26267928,2716
24994,26270644,26267928,2716
24995,26270644,26267928,2716
24996,26371483,26366271,5212
24997,26366271,26366271,0
24998,26515693,26513222,2471
24999,26501120,26501115,5
25000,26515693,26513222,2471
25001,26515693,26513222,2471
25002,26722922,26722486,436
25003,26722922,26722486,436
25004,26722922,26722486,436
25005,26722922,26722486,436
25006,26722922,26722486,436
25007,26722922,26722486,436
25008,26722993,26722486,507
25009,27115903,27101240,14663
25010,27115903,27101240,14663
25011,27115903,27099995,15908
25012,27115903,27101240,14663
25013,27115903,27101240,14663
25014,27115903,27101240,14663
25015,27168834,27168752,82
25016,27168834,27168752,82
25017,27316908,27316026,882
25018,27316908,27316026,882
25019,27316908,27316026,882
25020,27316908,27316026,882
25021,27293865,27293865,0
25022,27301788,27301788,0
25023,27310076,27309157,919
25024,27336813,27328575,8238
25025,27336813,27328575,8238
25026,27336813,27321365,15448
25027,27396772,27396322,450
25028,27402439,27402039,400
25029,27402439,27402039,400
25030,27402439,27402039,400
25031,27402439,27402039,400
25032,27375589,27375589,0
25033,27468874,27468088,786
25034,27468954,27468088,866
25035,27469268,27469121,147
25036,27472328,27468088,4240
25037,27530537,27528868,1669
25038,27534286,27534117,169
25039,27630170,27630057,113
25040,27630170,27610068,20102
25041,27662424,27660955,1469
25042,27636034,27634710,1324
25043,27695349,27690630,4719
25044,27695572,27690630,4942
25045,27850369,27845132,5237
25046,27850369,27845132,5237
25047,27845147,27845132,15
25048,27850369,27845132,5237
25049,27941388,27931927,9461
25050,28048669,28047242,1427
25051,28048669,28047242,1427
25052,28048669,28047242,1427
25053,28048669,28047242,1427
25054,28048669,28047242,1427
25055,28048669,28047242,1427
25056,28197725,28196961,764
25057,28200868,28196961,3907
25058,28197725,28196961,764
25059,28243590,28218641,24949
25060,28243977,28218641,25336
25061,28243977,28218641,25336
25062,28347835,28218641,129194
25063,28347835,28340963,6872
25064,28347835,28340963,6872
25065,28431785,28420528,11257
25066,28431785,28420528,11257
25067,28611207,28608383,2824
25068,28611207,28608383,2824
25069,28747432,28717017,30415
25070,28747698,28747399,299
25071,28747698,28747399,299
25072,28747698,28695233,52465
25073,28906838,28906631,207
25074,28910242,28908672,1570
25075,28910242,28908672,1570
25076,28910242,28908672,1570
25077,28910242,28906902,3340
25078,28910242,28908672,1570
25079,28956758,28950339,6419
25080,29120610,29120551,59
25081,29120610,29102869,17741
25082,29120610,29048544,72066
25083,29120610,29120551,59
25084,29206322,29203046,3276
25085,29208267,29207795,472
25086,29940649,29940465,184
25087,29940649,29927341,13308
25088,29965587,29963378,2209
25089,29995222,29995018,204
25090,30002200,30002117,83
25091,30041155,30040689,466
25092,30242917,30242777,140
25093,30403108,30402288,820
25094,30405029,30404940,89
25095,30429734,30416466,13268
25096,30429734,30416404,13330
25097,30429734,30416466,13268
25098,30403108,30402288,820
25099,30515738,30511115,4623
25100,30503469,30503114,355
25101,30503114,30503114,0
25102,30585486,30585352,134
25103,30585486,30585352,134
25104,30585486,30585352,134
25105,30585486,30585352,134
25106,30624520,30623910,610
25107,30624520,30620846,3674
25108,30670352,30669937,415
25109,30706533,30706533,0
25110,30746222,30746154,68
25111,30891231,30890298,933
25112,30890317,30890298,19
25113,31031277,31030618,659
25114,30942762,30942762,0
25115,30948048,30948047,1
25116,31031277,31030618,659
25117,32622558,32621920,638
25118,32600770,32600286,484
25119,32586136,32585600,536
25120,32586136,32585600,536
25121,32586136,32585600,536
25122,32600770,32600286,484
25123,32600770,32600286,484
25124,32618507,32617928,579
25125,32622558,32620856,1702
25126,32622558,32621920,638
25127,32622558,32621920,638
25128,32622558,32620856,1702
25129,32622558,32621920,638
25130,32622558,32621920,638
25131,32622558,32621920,638
25132,32622558,32621920,638
25133,32622558,32621920,638
25134,32600770,32600236,534
25135,32600770,32600286,484
25136,32622558,32620856,1702
25137,32622558,32621920,638
25138,32622558,32621920,638
25139,33313413,33313389,24
25140,33319243,33311025,8218
25141,33330664,33318970,11694
25142,33330664,33319160,11504
25143,33319243,33310885,8358
25144,33319243,33311025,8218
25145,33330664,33318970,11694
25146,33330664,33318970,11694
25147,33358778,33356147,2631
25148,33370703,33370131,572
25149,33370703,33370131,572
25150,33370703,33370131,572
25151,33424643,33424241,402
25152,33457439,33455033,2406
25153,33457439,33455033,2406
25154,35652181,35648081,4100
25155,35652181,35648081,4100
25156,35585589,35584058,1531
25157,35652181,35648081,4100
25158,36793643,36793438,205
25159,37556396,37556192,204
25160,37594944,37594015,929
25161,37604071,37603121,950
25162,37604071,37602411,1660
25163,37615319,37611633,3686
25164,37604071,37603121,950
25165,37604071,37602411,1660
25166,37605564,37605522,42
25167,37637286,37635622,1664
25168,37687244,37687081,163
25169,37701504,37699873,1631
25170,37701504,37699873,1631
25171,37707431,37707301,130
25172,37730796,37730306,490
25173,37757015,37756959,56
25174,37757015,37756959,56
25175,37730697,37730306,391
25176,37735635,37734984,651
25177,37797647,37797547,100
25178,37824184,37823987,197
25179,37917883,37917453,430
25180,37997598,37996589,1009
25181,37997598,37996589,1009
25182,37997598,37996589,1009
25183,37997598,37996589,1009
25184,38008600,38008336,264
25185,38034248,38033838,410
25186,38070819,38068011,2808
25187,38070819,38068011,2808
25188,38096610,38095789,821
25189,38120287,38117639,2648
25190,38120287,38117639,2648
25191,38107321,38107321,0
25192,38120287,38117639,2648
25193,38126658,38126459,199
25194,38126738,38126717,21
25195,38126738,38126717,21
25196,38126738,38126717,21
25197,38137728,38137154,574
25198,38239790,38205689,34101
25199,38239790,38205689,34101
25200,38239790,38205689,34101
25201,38239790,38205689,34101
25202,38251951,38250534,1417
25203,38262351,38262069,282
25204,38266062,38265792,270
25205,38266062,38265792,270
25206,38266062,38265792,270
25207,38266062,38265792,270
25208,38325363,38318624,6739
25209,38325363,38314964,10399
25210,38325363,38314964,10399
25211,38326352,38297890,28462
25212,38326352,38314964,11388
25213,38326352,38314964,11388
25214,38326352,38314964,11388
25215,38326352,38314964,11388
25216,38326352,38314964,11388
25217,38315052,38285579,29473
25218,38315052,38314964,88
25219,38315052,38314964,88
25220,38326352,38314964,11388
25221,38326352,38314964,11388
25222,38386180,38386155,25
25223,38458775,38458718,57
25224,38696064,38696062,2
25225,38710546,38705541,5005
25226,38710546,38705541,5005
25227,38710546,38705541,5005
25228,38710546,38705541,5005
25229,38710546,38705541,5005
25230,38688695,38688695,0
25231,38688695,38688695,0
25232,38698136,38697856,280
25233,38710546,38705541,5005
25234,38710546,38705541,5005
25235,38710546,38705541,5005
25236,38710546,38705541,5005
25237,38685585,38684946,639
25238,38710546,38705541,5005
25239,38710546,38705541,5005
25240,38831430,38827302,4128
25241,38831430,38827271,4159
25242,38846181,38845617,564
25243,38854041,38853958,83
25244,38854041,38853022,1019
25245,38854041,38853022,1019
25246,38854041,38853022,1019
25247,38873537,38871616,1921
25248,38962779,38961219,1560
25249,39142436,39142318,118
25250,39142436,39142318,118
25251,39142436,39142318,118
25252,39142436,39142318,118
25253,39380508,39335238,45270
25254,39380508,39335238,45270
25255,39380508,39349514,30994
25256,39469094,39468252,842
25257,39587583,39587459,124
25258,39587583,39587459,124
25259,39695808,39695704,104
25260,39695808,39695704,104
25261,39695808,39695704,104
25262,39695808,39695704,104
25263,39786309,39785704,605
25264,39873910,39873121,789
25265,39873910,39873121,789
25266,39873910,39873121,789
25267,40012827,40011372,1455
25268,40755343,40683195,72148
25269,40755343,40683195,72148
25270,41166990,41166678,312
25271,41368499,41364625,3874
25272,41368499,41364611,3888
25273,41368499,41364625,3874
25274,41402565,41399606,2959
25275,41402565,41399606,2959
25276,41482520,41478520,4000
25277,41504875,41504874,1
25278,41643385,41504874,138511
25279,41522804,41522541,263
25280,41522804,41522541,263
25281,41522804,41522541,263
25282,41522804,41522541,263
25283,41563759,41563681,78
25284,41655140,41655056,84
25285,41655140,41655056,84
25286,41655140,41655056,84
25287,41655140,41655056,84
25288,41754280,41753998,282
25289,41909505,41906495,3010
25290,41909505,41906495,3010
25291,41909505,41906495,3010
25292,41909505,41906495,3010
25293,42028701,42026579,2122
25294,42028701,42026579,2122
25295,42023297,42023082,215
25296,42050729,42050703,26
25297,42050729,42050703,26
25298,42065194,42050703,14491
25299,42065194,42050703,14491
25300,42065194,42050703,14491
25301,42065194,42050703,14491
25302,42174729,42174560,169
25303,42178362,42177022,1340
25304,42190171,42188497,1674
25305,42190171,42188497,1674
25306,42190171,42188497,1674
25307,42190171,42188497,1674
25308,42190171,42188497,1674
25309,42190171,42188497,1674
25310,42229331,42229175,156
25311,42229331,42229245,86
25312,42229331,42229175,156
25313,42229331,42229245,86
25314,42234674,42234563,111
25315,42263455,42262980,475
25316,42263455,42262980,475
25317,42317561,42317432,129
25318,42358978,42329908,29070
25319,42396655,42329908,66747
25320,42397356,42329908,67448
25321,42408140,42407751,389
25322,42408140,42407751,389
25323,42408140,42407751,389
25324,42408140,42407751,389
25325,42592209,42591761,448
25326,42623929,42623573,356
25327,42623929,42623573,356
25328,42698474,42698237,237
25329,42698474,42698237,237
25330,42751866,42743007,8859
25331,42751866,42725216,26650
25332,42751866,42743007,8859
25333,42751866,42743007,8859
25334,42751866,42725254,26612
25335,42751866,42725254,26612
25336,42751866,42743007,8859
25337,42853299,42852894,405
25338,42885682,42873641,12041
25339,42940932,42940425,507
25340,42940932,42940425,507
25341,42978323,42978020,303
25342,42978323,42978020,303
25343,43057970,43054712,3258
25344,43218328,43212038,6290
25345,43218328,43212038,6290
25346,48625749,48625460,289
25347,48625749,48625460,289
25348,48648563,48648012,551
25349,48648563,48648012,551
25350,48648563,48648074,489
25351,48648563,48648012,551
25352,48625749,48625460,289
25353,48648563,48647881,682
25354,48648563,48648012,551
25355,48614426,48614426,0
25356,48648563,48648012,551
25357,48650726,48650682,44
25358,48872743,48872686,57
25359,48872743,48872686,57
25360,48890719,48889338,1381
25361,48890719,48889338,1381
25362,48890719,48889338,1381
25363,48974454,48973388,1066
25364,49647870,49647710,160
25365,49647870,49647710,160
25366,49833999,49833824,175
25367,49988642,49987732,910
25368,49988642,49987732,910
25369,49988642,49987090,1552
25370,49988642,49987806,836
25371,51705427,51705389,38
25372,51705427,51705389,38
25373,51705427,51705389,38
25374,52722005,52721904,101
25375,52746284,52746269,15
25376,52811735,52773711,38024
25377,52811735,52746095,65640
25378,52811735,52811671,64
25379,52773806,52773711,95
25380,52859733,52859534,199
25381,52862694,52861169,1525
25382,53130461,53084138,46323
25383,53130461,53092853,37608
25384,53130461,53126817,3644
25385,53130461,53085135,45326
25386,53322439,53126817,195622
25387,53322439,53126817,195622
25388,53478021,53477816,205
25389,53478021,53477816,205
25390,53627026,53598029,28997
25391,53627026,53598029,28997
25392,53853454,53853454,0
25393,54163645,54147568,16077
25394,54163972,54163597,375
25395,54164194,54163597,597
25396,54164194,54147661,16533
25397,54752521,54745639,6882
25398,54755602,54754250,1352
25399,54755871,54754250,1621
25400,54755871,54754250,1621
25401,54755871,54742069,13802
25402,54755871,54745567,10304
25403,54871863,54871018,845
25404,54871863,54871018,845
25405,54871863,54871018,845
25406,54871863,54871018,845
25407,54871863,54871018,845
25408,54871863,54871018,845
25409,54935008,54934685,323
25410,54935008,54934685,323
25411,54935008,54934685,323
25412,55014577,55014383,194
25413,55014577,55014368,209
25414,55014577,55014368,209
25415,55014577,55014368,209
25416,55061074,55060279,795
25417,55373456,55372555,901
25418,55543394,55542913,481
25419,55682531,55682373,158
25420,56438710,56436786,1924
25421,56675587,56675518,69
25422,56685885,56675518,10367
25423,56685885,56675518,10367
25424,56738005,56737262,743
25425,56738005,56737152,853
25426,56925006,56922669,2337
25427,56925006,56922669,2337
25428,56987140,56986942,198
25429,56987140,56986942,198
25430,57026541,57026541,0
25431,57083983,57080828,3155
25432,57123859,57080828,43031
25433,57123859,57080828,43031
25434,57123859,57080058,43801
25435,57080058,57080058,0
25436,57131176,57129994,1182
25437,57131176,57129064,2112
25438,57131176,57129994,1182
25439,57131176,57129064,2112
25440,57131176,57129994,1182
25441,57131176,57129064,2112
25442,57233241,57228906,4335
25443,57233241,57228906,4335
25444,57233241,57228906,4335
25445,57358593,57358512,81
25446,57359282,57358512,770
25447,57359282,57358512,770
25448,57906430,57906144,286
25449,59062277,59059902,2375
25450,59059902,59059902,0
25451,59364060,59360110,3950
25452,59412720,59412657,63
25453,59495419,59494299,1120
25454,59495419,59494299,1120
25455,59495419,59494299,1120
25456,59495419,59494299,1120
25457,59495419,59494299,1120
25458,59495419,59494299,1120
25459,59495419,59494299,1120
25460,59571966,59571905,61
25461,59572404,59572190,214
25462,59573985,59572183,1802
25463,60031767,60031546,221
25464,61193954,61193706,248
25465,61193954,61193706,248
25466,61193954,61193706,248
25467,61536203,61533328,2875
25468,61536203,61533328,2875
25469,61780586,61778492,2094
25470,61780586,61778492,2094
25471,61737973,61736614,1359
25472,61880307,61880304,3
25473,62290934,62289216,1718
25474,62414204,62412101,2103
25475,62602408,62602247,161
25476,62627199,62626930,269
25477,62627199,62626930,269
25478,62602408,62602247,161
25479,62602408,62602247,161
25480,62602408,62602247,161
25481,62602408,62602247,161
25482,62627199,62626930,269
25483,62627199,62626930,269
25484,62627199,62626930,269
25485,62602408,62602247,161
25486,62602408,62602247,161
25487,62627199,62626930,269
25488,63903628,63902788,840
25489,63897460,63890679,6781
25490,63951610,63951327,283
25491,63998612,63998580,32
25492,64125346,64122264,3082
25493,64125346,64122264,3082
25494,64125346,64122264,3082
25495,64125346,64122264,3082
25496,64125346,64122264,3082
25497,64125346,64122264,3082
25498,64125346,64122264,3082
25499,65291386,65290788,598
25500,65496191,65494493,1698
25501,65711348,65711144,204
25502,66546452,66539633,6819
25503,66546452,66539517,6935
25504,66620573,66620360,213
25505,66622798,66621279,1519
25506,66622798,66621279,1519
25507,66701329,66701176,153
25508,66753969,66753743,226
25509,66753969,66753743,226
25510,67012755,67012266,489
25511,67087718,67086716,1002
25512,67087718,67086828,890
25513,67087718,67086828,890
25514,67087718,67086828,890
25515,67090846,67089712,1134
25516,67089712,67089712,0
25517,67341212,67338279,2933
25518,67342968,67342464,504
25519,67381044,67380587,457
25520,67381044,67380587,457
25521,67381044,67380587,457
25522,67430759,67428311,2448
25523,67430759,67428154,2605
25524,67430759,67428311,2448
25525,67525480,67525073,407
25526,67525480,67525073,407
25527,67525480,67525073,407
25528,67579452,67579193,259
25529,67593377,67592189,1188
25530,67774257,67771816,2441
25531,67593377,67592189,1188
25532,67774257,67771816,2441
25533,67680240,67680240,0
25534,67774257,67771816,2441
25535,67774257,67771816,2441
25536,67796854,67796263,591
25537,67814014,67813587,427
25538,67834283,67831404,2879
25539,67834283,67831404,2879
25540,67834283,67831404,2879
25541,67817599,67817590,9
25542,67874825,67874000,825
25543,67940786,67929982,10804
25544,67974259,67971631,2628
25545,67974562,67974231,331
25546,67974571,67974398,173
25547,67974562,67974231,331
25548,68070831,68070831,0
25549,68108849,68107828,1021
25550,68108849,68107828,1021
25551,68108849,68107828,1021
25552,68108849,68107655,1194
25553,68179677,68179611,66
25554,68117397,68117082,315
25555,68152525,68151056,1469
25556,68255912,68255522,390
25557,68114040,68113754,286
25558,68658620,68658364,256
25559,68658620,68421841,236779
25560,68658620,68658364,256
25561,68867384,68864938,2446
25562,69017654,69017597,57
25563,69023324,69023170,154
25564,69143897,69143613,284
25565,69243726,69243722,4
25566,69360245,69358736,1509
25567,69448062,69445401,2661
25568,69731258,69730481,777
25569,69731258,69730481,777
25570,70573147,70570770,2377
25571,70573147,70570770,2377
25572,70573147,70570770,2377
25573,70573147,70570770,2377
25574,70573147,70570770,2377
25575,70573147,70571557,1590
25576,70573147,70571557,1590
25577,70745404,70744908,496
25578,70745625,70744908,717
25579,70747299,70744908,2391
25580,70746244,70744908,1336
25581,70983562,70982095,1467
25582,71060718,71060583,135
25583,71316020,71128980,187040
25584,71520622,71520341,281
25585,71520694,71520434,260
25586,71575513,71573429,2084
25587,71581447,71581355,92
25588,71648177,71646659,1518
25589,71648177,71646659,1518
25590,71648177,71646659,1518
25591,72268979,72267140,1839
25592,72268979,72268721,258
25593,72268979,72267140,1839
25594,72268979,72234167,34812
25595,72274467,72267140,7327
25596,72274467,72267140,7327
25597,72274467,72234035,40432
25598,72756731,72756413,318
25599,72987819,72987644,175
25600,73850584,73850326,258
25601,73959987,73958372,1615
25602,73959987,73958372,1615
25603,74005507,74005302,205
25604,74171737,74171693,44
25605,74171737,74171693,44
25606,74171737,74171693,44
25607,74205869,74205847,22
25608,74237520,74235271,2249
25609,74237520,74235271,2249
25610,74353753,74351289,2464
25611,74659162,74585439,73723
25612,74659162,74650536,8626
25613,74659162,74621380,37782
25614,74659162,74529580,129582
25615,74650584,74621380,29204
25616,74659162,74527927,131235
25617,74659162,74650536,8626
25618,74659162,74601048,58114
25619,74659943,74650536,9407
25620,74659943,74529580,130363
25621,74659162,74650536,8626
25622,74659162,74601048,58114
25623,74791145,74791144,1
25624,74791145,74791144,1
25625,74791145,74791144,1
25626,74884143,74872003,12140
25627,74884143,74872003,12140
25628,74884522,74872003,12519
25629,74884522,74872003,12519
25630,74884522,74872003,12519
25631,74884522,74872003,12519
25632,74884522,74872003,12519
25633,74884522,74868245,16277
25634,74884522,74868245,16277
25635,74895018,74891104,3914
25636,74895018,74893856,1162
25637,74941307,74941289,18
25638,74941307,74941289,18
25639,75233562,75233522,40
25640,75233562,75233522,40
25641,75233562,75227826,5736
25642,75279335,75276602,2733
25643,75279335,75276602,2733
25644,75279335,75276602,2733
25645,75767264,75761488,5776
25646,75767264,75761488,5776
25647,75946793,75944477,2316
25648,75946793,75944477,2316
25649,75946793,75944477,2316
25650,76459916,76459915,1
25651,76479061,76476331,2730
25652,76479061,76476331,2730
25653,77620493,77620418,75
25654,77779521,77776801,2720
25655,77768544,77768544,0
25656,77912524,77896414,16110
25657,77912524,77896414,16110
25658,77913280,77896414,16866
25659,77913280,77896414,16866
25660,77896414,77896414,0
25661,79517502,79514056,3446
25662,79517502,79514056,3446
25663,79517502,79514056,3446
25664,79631997,79629728,2269
25665,79717758,79717157,601
25666,79717758,79717157,601
25667,79717758,79717157,601
25668,79717758,79717157,601
25669,80578410,80577051,1359
25670,80578410,80577109,1301
25671,80678728,80677980,748
25672,80680098,80679898,200
25673,80680098,80679898,200
25674,80942506,80942483,23
25675,80993010,80992688,322
25676,80993010,80992688,322
25677,80993010,80992688,322
25678,80993010,80992688,322
25679,81083836,81083678,158
25680,81083836,81083678,158
25681,81438500,81431763,6737
25682,81438500,81431763,6737
25683,81438500,81431763,6737
25684,81438500,81431763,6737
25685,81787016,81733829,53187
25686,82024303,81905462,118841
25687,82197012,82196802,210
25688,82359719,82359621,98
25689,82373758,82373758,0
25690,82395473,82395402,71
25691,82443550,82443550,0
25692,82598589,82598150,439
25693,82598589,82593795,4794
25694,82598589,82593795,4794
25695,82607207,82607207,0
25696,82633539,82633516,23
25697,82633539,82633516,23
25698,82633539,82627075,6464
25699,82633539,82627075,6464
25700,82633539,82633516,23
25701,82633539,82627075,6464
25702,82671748,82670779,969
25703,82754521,82752221,2300
25704,82754521,82752221,2300
25705,82754521,82752221,2300
25706,85834078,85833146,932
25707,85834078,85833146,932
25708,85834078,85833146,932
25709,85834078,85833146,932
25710,85834078,85833146,932
25711,85834078,85833146,932
25712,86050478,86050476,2
25713,86050478,86050476,2
25714,86058314,86057746,568
25715,86058314,86057746,568
25716,86126753,86126097,656
25717,86126753,86126097,656
25718,86126753,86126097,656
25719,86132643,86129728,2915
25720,86132643,86129728,2915
25721,86132643,86129728,2915
25722,86132643,86129728,2915
25723,86196302,86193578,2724
25724,86253943,86253864,79
25725,86290342,86253864,36478
25726,86290342,86253864,36478
25727,86290342,86253864,36478
25728,86290342,86253864,36478
25729,86361267,86360382,885
25730,86393721,86393018,703
25731,86567905,86567818,87
25732,86575726,86575726,0
25733,86749604,86728116,21488
25734,86757761,86757674,87
25735,86789306,86789306,0
25736,87081851,87081851,0
25737,87166454,87165206,1248
25738,87242604,87242506,98
25739,87242609,87242506,103
25740,87480178,87479122,1056
25741,87460726,87460535,191
25742,87521009,87520849,160
25743,87521009,87520849,160
25744,87521009,87520849,160
25745,87573726,87570638,3088
25746,87573726,87570638,3088
25747,87683326,87683250,76
25748,87755903,87755855,48
25749,88394955,88394855,100
25750,88886296,88886199,97
25751,89046790,89046731,59
25752,89339717,89339435,282
25753,90803292,90802644,648
25754,90803292,90802644,648
25755,90940095,90937760,2335
25756,90940095,90937760,2335
25757,90996899,90996789,110
25758,90996899,90993676,3223
25759,90996899,90996789,110
25760,91064227,91064125,102
25761,91064227,91064125,102
25762,91093700,91090660,3040
25763,91095107,91094925,182
25764,91658133,91658133,0
25765,91658133,91658133,0
25766,91803859,91715633,88226
25767,91971630,91967740,3890
25768,91971630,91967740,3890
25769,91997485,91992663,4822
25770,92053203,92052977,226
25771,92099323,92097096,2227
25772,92099323,92097096,2227
25773,92231464,92231228,236
25774,92231464,92231228,236
25775,92231464,92219040,12424
25776,92410378,92407325,3053
25777,92406946,92406502,444
25778,92410378,92407325,3053
25779,93004117,92992158,11959
25780,93029908,93029568,340
25781,93075191,93074780,411
25782,93107490,93074780,32710
25783,93107490,93029568,77922
25784,93107490,93088280,19210
25785,93107490,93088280,19210
25786,93107882,93074780,33102
25787,93107882,93107695,187
25788,93107882,93088280,19602
25789,93107882,93088280,19602
25790,93107882,93088280,19602
25791,93107882,93107695,187
25792,93111916,93088280,23636
25793,93115454,93115112,342
25794,93115454,93088280,27174
25795,93029908,93029568,340
25796,93029908,93029568,340
25797,93798288,93798237,51
25798,93977817,93929217,48600
25799,93978265,93929217,49048
25800,93978372,93929217,49155
25801,93978372,93929217,49155
25802,93978372,93929217,49155
25803,93978372,93929217,49155
25804,93978372,93929217,49155
25805,94029901,93929217,100684
25806,94179079,94178996,83
25807,94740671,94722092,18579
25808,94740671,94740525,146
25809,94740671,94740525,146
25810,94753224,94748638,4586
25811,94748638,94748638,0
25812,94769330,94768130,1200
25813,94771695,94770815,880
25814,94800177,94800177,0
25815,94822199,94822126,73
25816,94830347,94828680,1667
25817,94830347,94828680,1667
25818,94830347,94828680,1667
25819,94938296,94935901,2395
25820,94938296,94935901,2395
25821,94938296,94935901,2395
25822,94938296,94935901,2395
25823,94938296,94935901,2395
25824,94935901,94935901,0
25825,95220815,95206913,13902
25826,95220815,95206913,13902
25827,95229531,95206913,22618
25828,95274547,95272731,1816
25829,95274547,95272731,1816
25830,95449180,95419895,29285
25831,95487343,95479767,7576
25832,95449180,95449096,84
25833,95487343,95479767,7576
25834,95565746,95565675,71
25835,95565746,95565675,71
25836,95651695,95651544,151
25837,95719694,95709154,10540
25838,95719694,95709154,10540
25839,95719694,95718173,1521
25840,95719694,95718159,1535
25841,95719694,95718159,1535
25842,95719694,95718173,1521
25843,95719694,95709170,10524
25844,95806076,95802138,3938
25845,95757312,95756761,551
25846,95872524,95871875,649
25847,95892721,95892462,259
25848,95892721,95892462,259
25849,95907482,95906449,1033
25850,95907482,95906449,1033
25851,95961615,95953169,8446
25852,95961615,95953169,8446
25853,96070944,96070165,779
25854,96070944,96070165,779
25855,96168913,96167022,1891
25856,96167022,96167022,0
25857,96281462,96281417,45
25858,96822371,96812877,9494
25859,97173020,97172920,100
25860,97247862,97244163,3699
25861,97247862,97247758,104
25862,97247862,97247758,104
25863,97269503,97269313,190
25864,97273796,97270918,2878
25865,97273796,97270918,2878
25866,97346774,97345794,980
25867,97346774,97345794,980
25868,97624037,97621776,2261
25869,97624037,97621776,2261
25870,98155722,98155411,311
25871,97978571,97978297,274
25872,98290176,98290072,104
25873,98742488,98736898,5590
25874,98864830,98863702,1128
25875,98864830,98863702,1128
25876,99016514,99016040,474
25877,99045887,99045886,1
25878,99048946,99047940,1006
25879,99048946,99047940,1006
25880,99045887,99045886,1
25881,99045887,99045886,1
25882,99057818,99057595,223
25883,99057818,99057595,223
25884,99105838,99105561,277
25885,99105838,99105561,277
25886,99129418,99129324,94
25887,99172069,99170499,1570
25888,99172069,99170499,1570
25889,99172069,99170499,1570
25890,99263982,99224675,39307
25891,99306621,99306365,256
25892,99306621,99306365,256
25893,99443023,99441641,1382
25894,99441641,99441641,0
25895,99837909,99837768,141
25896,99837909,99837768,141
25897,99954799,99895984,58815
25898,99963250,99963094,156
25899,99964326,99963929,397
25900,99964326,99963903,423
25901,99964326,99963929,397
25902,100133987,100133715,272
25903,100133987,100133715,272
25904,100222015,100221896,119
25905,100520139,100520057,82
25906,100889814,100887894,1920
25907,100889814,100887894,1920
25908,100523740,100523739,1
25909,100906242,100904249,1993
25910,101054195,101054134,61
25911,101117847,101092412,25435
25912,101118344,101118149,195
25913,101118344,101118149,195
25914,101092583,101092412,171
25915,101158099,101154379,3720
25916,101158099,101157363,736
25917,101158099,101157363,736
25918,101166230,101165544,686
25919,101206908,101206651,257
25920,101254132,101253250,882
25921,101254132,101253250,882
25922,101315487,101300402,15085
25923,101322379,101300402,21977
25924,101315487,101300402,15085
25925,101572014,101542061,29953
25926,101571939,101542061,29878
25927,101572014,101542061,29953
25928,101572014,101542061,29953
25929,101624322,101620787,3535
25930,101630621,101630582,39
25931,101661893,101661742,151
25932,101734220,101733811,409
25933,101734315,101733811,504
25934,101734315,101733676,639
25935,101734315,101733811,504
25936,101962799,101961117,1682
25937,101963560,101961117,2443
25938,101963560,101961117,2443
25939,101964357,101961117,3240
25940,101964357,101960886,3471
25941,101964357,101937201,27156
25942,101965221,101961117,4104
25943,101965623,101961117,4506
25944,102217960,102213969,3991
25945,102217960,102213969,3991
25946,102217960,102213969,3991
25947,102218292,102213969,4323
25948,102381823,102381545,278
25949,102556298,102555787,511
25950,102586239,102586076,163
25951,102681952,102678931,3021
25952,102803439,102731857,71582
25953,103136562,102731857,404705
25954,103136562,102731857,404705
25955,103136562,102731857,404705
25956,103136562,102731857,404705
25957,103136562,102731857,404705
25958,103136562,102731857,404705
25959,103137135,102731857,405278
25960,103251059,103251050,9
25961,103251346,103251102,244
25962,103251346,103251102,244
25963,103251346,103251102,244
25964,103279729,103277461,2268
25965,103424917,103424462,455
25966,103424917,103424462,455
25967,103573245,103573112,133
25968,103666168,103665700,468
25969,103666168,103665700,468
25970,103667983,103667829,154
25971,103876397,103855880,20517
25972,103876397,103855880,20517
25973,104085285,104080975,4310
25974,104085285,104080975,4310
25975,104085285,104080975,4310
25976,104085285,104080975,4310
25977,104153570,104145572,7998
25978,104242533,104240327,2206
25979,104242533,104240221,2312
25980,104345094,104343737,1357
25981,104345094,104343737,1357
25982,104345094,104343737,1357
25983,104345094,104343737,1357
25984,104345094,104343737,1357
25985,104388664,104388259,405
25986,104395232,104394828,404
25987,104395232,104394828,404
25988,104427563,104415547,12016
25989,104427563,104427165,398
25990,104427563,104415547,12016
25991,104452499,104452499,0
25992,104455680,104455110,570
25993,105266656,105264048,2608
25994,105263391,105263391,0
25995,105266656,105264048,2608
25996,105266656,105264048,2608
25997,105266656,105264048,2608
25998,104988481,104987738,743
25999,104930881,104930804,77
26000,104934236,104934057,179
26001,105368917,105368426,491
26002,105368917,105368376,541
26003,105479277,105479148,129
26004,105431082,105405164,25918
26005,105508370,105503698,4672
26006,105601252,105601125,127
26007,105601252,105601125,127
26008,105601252,105601125,127
26009,106816767,106815766,1001
26010,106816767,106815766,1001
26011,107764921,107763169,1752
26012,107764921,107763169,1752
26013,107764921,107763169,1752
26014,107719918,107719462,456
26015,107764921,107763169,1752
26016,107719373,107719372,1
26017,107764921,107763169,1752
26018,107764921,107763169,1752
26019,107764921,107763169,1752
26020,107782472,107782418,54
26021,108348743,108334331,14412
26022,108510254,108509786,468
26023,108510254,108509786,468
26024,108334356,108334331,25
26025,109094167,109001365,92802
26026,109095431,109094866,565
26027,109095913,109094866,1047
26028,109255062,109254085,977
26029,109260959,109260931,28
26030,109260959,109260931,28
26031,109499136,109498827,309
26032,109799770,109797327,2443
26033,109797327,109797327,0
26034,110131812,110131684,128
26035,110342162,110342064,98
26036,110346350,110346239,111
26037,110346350,110326037,20313
26038,110342162,110326037,16125
26039,110358189,110355710,2479
26040,110358189,110355710,2479
26041,110543500,110542319,1181
26042,110577391,110576788,603
26043,110577391,110576788,603
26044,110592766,110592143,623
26045,110620221,110620176,45
26046,110655419,110655176,243
26047,110657051,110631140,25911
26048,110657051,110656888,163
26049,110657051,110656888,163
26050,110657822,110656888,934
26051,110657822,110656888,934
26052,110661132,110656888,4244
26053,110661132,110631140,29992
26054,110661132,110656888,4244
26055,110661132,110656888,4244
26056,110661132,110656888,4244
26057,110693234,110631140,62094
26058,110693234,110656888,36346
26059,110704020,110656888,47132
26060,110704020,110703586,434
26061,110704020,110656888,47132
26062,110660313,110657576,2737
26063,110987421,110986617,804
26064,110988076,110986617,1459
26065,113702279,113697932,4347
26066,114389382,114389024,358
26067,114449242,114449083,159
26068,114449242,114449083,159
26069,113349960,113349032,928
26070,114449242,114449083,159
26071,114449242,114449083,159
26072,116680234,116680110,124
26073,116681228,116635864,45364
26074,116681228,116632285,48943
26075,116681228,116632285,48943
26076,117768062,117768036,26
26077,117778494,117768232,10262
26078,117768062,117768036,26
26079,117786921,117784081,2840
26080,117887105,117878968,8137
26081,117889107,117887844,1263
26082,117956239,117954940,1299
26083,118188953,118184920,4033
26084,118188953,118184920,4033
26085,118188953,118184920,4033
26086,118188953,118184920,4033
26087,118188953,118184920,4033
26088,118552501,118552217,284
26089,118552501,118552217,284
26090,119124058,119123285,773
26091,119634184,119634055,129
26092,119634184,119634055,129
26093,119964383,119964060,323
26094,120119202,120118430,772
26095,120257914,120255728,2186
26096,120436678,120435372,1306
26097,120596289,120596207,82
26098,120605248,120602868,2380
26099,120651106,120651020,86
26100,120651106,120651020,86
26101,120651106,120651020,86
26102,120845074,120844804,270
26103,120868170,120868035,135
26104,121063157,121061943,1214
26105,121063157,121061943,1214
26106,121384273,121383470,803
26107,121228729,121228729,0
26108,121279231,121279142,89
26109,121383155,121382606,549
26110,121457647,121457334,313
26111,121465069,121463629,1440
26112,121535875,121535576,299
26113,121824309,121824083,226
26114,121824309,121824083,226
26115,122653630,122641580,12050
26116,123986755,123966264,20491
26117,123966264,123966264,0
26118,124054663,124054362,301
26119,124054663,124054362,301
26120,124054663,124054362,301
26121,124054663,124054362,301
26122,124113325,124113265,60
26123,124164392,124164179,213
26124,124164392,124164179,213
26125,124164392,124164179,213
26126,124164392,124164179,213
26127,124164392,124164179,213
26128,124221207,124219928,1279
26129,124222318,124221736,582
26130,124221207,124219928,1279
26131,124222314,124221775,539
26132,124222318,124221736,582
26133,124253638,124253586,52
26134,124286727,124279533,7194
26135,124286727,124268186,18541
26136,124286727,124268186,18541
26137,124287781,124268186,19595
26138,124268186,124268186,0
26139,124408619,124383489,25130
26140,124408705,124408597,108
26141,124408705,124408597,108
26142,124454260,124453655,605
26143,124454260,124453655,605
26144,124544383,124526510,17873
26145,124553493,124553254,239
26146,124553493,124553254,239
26147,124665190,124665166,24
26148,124749647,124749574,73
26149,124749647,124749574,73
26150,124822719,124822630,89
26151,124827690,124824944,2746
26152,124827690,124824944,2746
26153,125132302,125132031,271
26154,125384940,125384398,542
26155,125465266,125464515,751
26156,125500859,125499885,974
26157,125551329,125551287,42
26158,125551329,125531119,20210
26159,125562227,125562133,94
26160,125580751,125580145,606
26161,125568813,125568496,317
26162,125578000,125577928,72
26163,125581045,125580907,138
26164,125581062,125580637,425
26165,125740730,125740196,534
26166,125740730,125740196,534
26167,125740730,125740196,534
26168,125991630,125990100,1530
26169,126034525,126034187,338
26170,126104061,126096140,7921
26171,126104061,126093976,10085
26172,126379367,126379127,240
26173,126450644,126448713,1931
26174,126450644,126448713,1931
26175,126450644,126448713,1931
26176,127570711,127569634,1077
26177,127569634,127569634,0
26178,128429441,128429191,250
26179,128751018,128751018,0
26180,128752723,128752660,63
26181,128753680,128753204,476
26182,128960969,128960628,341
26183,130799134,130789833,9301
26184,130952118,130891707,60411
26185,130952118,130891707,60411
26186,130952118,130891707,60411
26187,131028897,130891707,137190
26188,131028897,130891707,137190
26189,131028897,130891707,137190
26190,131193126,131193080,46
26191,131455906,131373953,81953
26192,131455906,131414189,41717
26193,131308779,131308670,109
26194,132052835,132052579,256
26195,132052835,132052579,256
26196,133025886,133023142,2744
26197,133062116,133062116,0
26198,133071627,133067273,4354
26199,133093351,133092460,891
26200,133117512,133117512,0
26201,133459509,133459473,36
26202,133493004,133492779,225
26203,133493004,133492779,225
26204,133687863,133687739,124
26205,133687863,133687739,124
26206,133759360,133740182,19178
26207,133772914,133771125,1789
26208,133772914,133771125,1789
26209,133825439,133823379,2060
26210,133825439,133823379,2060
26211,133861052,133858168,2884
26212,133861052,133858168,2884
26213,133837586,133837365,221
26214,133825439,133823379,2060
26215,134147143,134147038,105
26216,134147143,134147038,105
26217,134147143,134147038,105
26218,133980215,133980214,1
26219,134147143,134147038,105
26220,134072603,134072525,78
26221,134115310,134072405,42905
26222,134115310,134114807,503
26223,134115310,134060102,55208
26224,134115310,134114807,503
26225,134087204,134072405,14799
26226,134087375,134072405,14970
26227,134243932,134239953,3979
26228,134243932,134239953,3979
26229,134243932,134239953,3979
26230,134243932,134239772,4160
26231,134243932,134239953,3979
26232,134256746,134251293,5453
26233,134268471,134266808,1663
26234,134309547,134296554,12993
26235,134309547,134296554,12993
26236,134309547,134274372,35175
26237,134309547,134276796,32751
26238,134309547,134269040,40507
26239,134309547,134296554,12993
26240,134584183,134488267,95916
26241,134584183,134488267,95916
26242,135577914,135577908,6
26243,135708801,135669963,38838
26244,135708801,135669963,38838
26245,135708801,135669963,38838
26246,135725292,135725106,186
26247,135725292,135725106,186
26248,135725292,135669963,55329
26249,135708801,135669963,38838
26250,136308995,136306063,2932
26251,136659848,136659327,521
26252,136659848,136657310,2538
26253,136659848,136659340,508
26254,139489699,139269002,220697
26255,139509065,139380226,128839
26256,139165459,139165403,56
26257,139165459,139165403,56
26258,139772530,139749805,22725
26259,139926236,139895415,30821
26260,140715299,140715235,64
26261,140715299,140715235,64
26262,141467861,141461472,6389
26263,141468678,141468663,15
26264,141301350,141301208,142
26265,141461482,141461472,10
26266,141527252,141525346,1906
26267,141645646,141645605,41
26268,141645646,141645605,41
26269,141645646,141583015,62631
26270,141728460,141727762,698
26271,141774522,141774450,72
26272,141810675,141810633,42
26273,141810675,141810633,42
26274,141856421,141756954,99467
26275,141889736,141889628,108
26276,141900868,141900836,32
26277,142011412,141900836,110576
26278,142011412,141900836,110576
26279,142011412,141994210,17202
26280,142011412,141900664,110748
26281,142152610,142151427,1183
26282,142153105,142152418,687
26283,142205900,142204332,1568
26284,142205900,142204332,1568
26285,142186365,142185720,645
26286,142205906,142203017,2889
26287,142205900,142204332,1568
26288,142238673,142238365,308
26289,142238673,142238365,308
26290,142264225,142264169,56
26291,142377365,142368023,9342
26292,142368023,142368023,0
26293,142441620,142441144,476
26294,142441620,142441144,476
26295,142441620,142441178,442
26296,142517330,142517249,81
26297,143436124,143436085,39
26298,143436124,143436085,39
26299,143484543,143436085,48458
26300,143484543,143436085,48458
26301,143626368,143625778,590
26302,143695833,143695632,201
26303,143695632,143695632,0
26304,143751401,143747477,3924
26305,143751401,143747477,3924
26306,143764145,143763962,183
26307,143764145,143763550,595
26308,143785584,143784789,795
26309,143785584,143784407,1177
26310,143785584,143784641,943
26311,143818350,143816857,1493
26312,143818350,143816857,1493
26313,143823829,143823803,26
26314,143833952,143833869,83
26315,143851246,143851224,22
26316,143859640,143857375,2265
26317,143858437,143857375,1062
26318,143858744,143857375,1369
26319,143859640,143857375,2265
26320,143868008,143867932,76
26321,143928262,143928106,156
26322,143957294,143957276,18
26323,143957763,143957396,367
26324,143961236,143961229,7
26325,143961236,143961229,7
26326,143961236,143961229,7
26327,143999259,143999256,3
26328,144099807,144099792,15
26329,144103827,144103206,621
26330,144103827,144103206,621
26331,144135720,144130669,5051
26332,144241457,144241065,392
26333,144241755,144241616,139
26334,144241755,144240520,1235
26335,144242053,144241616,437
26336,144299044,144297393,1651
26337,144335761,144332610,3151
26338,144344875,144332610,12265
26339,144332610,144332610,0
26340,144359101,144358974,127
26341,144382120,144378970,3150
26342,144417061,144417031,30
26343,144442147,144411585,30562
26344,144442147,144411585,30562
26345,144407648,144407571,77
26346,144417061,144407571,9490
26347,144450805,144450581,224
26348,144466390,144464821,1569
26349,144512602,144512576,26
26350,144623620,144623591,29
26351,144645231,144645074,157
26352,144645231,144645074,157
26353,144643593,144643193,400
26354,144645231,144645074,157
26355,144645231,144645074,157
26356,144654928,144654884,44
26357,144654928,144654884,44
26358,144660513,144660488,25
26359,144660513,144660488,25
26360,144660513,144660488,25
26361,144660513,144660488,25
26362,144672251,144672251,0
26363,144672630,144672401,229
26364,144679558,144669015,10543
26365,144679845,144669015,10830
26366,144679845,144669015,10830
26367,144679845,144672251,7594
26368,144679845,144672251,7594
26369,144679845,144669015,10830
26370,144679845,144669015,10830
26371,144679845,144669015,10830
26372,144682485,144682002,483
26373,144691784,144691754,30
26374,144691784,144691754,30
26375,144699622,144698882,740
26376,144699732,144698882,850
26377,144699732,144698882,850
26378,144735900,144733653,2247
26379,144735900,144733653,2247
26380,144735900,144733653,2247
26381,144777555,144776700,855
26382,144777555,144776700,855
26383,144777555,144776700,855
26384,144777555,144776700,855
26385,144777555,144776700,855
26386,144790279,144790279,0
26387,144804633,144804421,212
26388,144815914,144812752,3162
26389,144813070,144812752,318
26390,144828507,144826130,2377
26391,144828506,144825273,3233
26392,144886326,144876105,10221
26393,144897549,144897542,7
26394,144897549,144897542,7
26395,144911279,144904065,7214
26396,144911279,144904065,7214
26397,144911556,144911473,83
26398,144911556,144911473,83
26399,144911556,144911473,83
26400,144911556,144911473,83
26401,144911556,144911473,83
26402,144911556,144911473,83
26403,144905452,144904733,719
26404,144920246,144920143,103
26405,144920246,144920143,103
26406,144922401,144921069,1332
26407,144923146,144923006,140
26408,144924200,144921069,3131
26409,144922202,144921069,1133
26410,144919346,144919327,19
26411,144947434,144947421,13
26412,145013758,145013629,129
26413,145016692,145016683,9
26414,145018110,145018058,52
26415,145018905,145018831,74
26416,145025044,145024874,170
26417,145028088,145027939,149
26418,145047697,145047640,57
26419,145050913,145049537,1376
26420,145059496,145059287,209
26421,145060564,145060439,125
26422,145060635,145060527,108
26423,145060635,145060527,108
26424,145060635,145060527,108
26425,145067583,145067009,574
26426,145067583,145067009,574
26427,145067583,145067009,574
26428,145102015,145101857,158
26429,145102015,145101547,468
26430,145115584,145114935,649
26431,145110092,145110087,5
26432,145113594,145113515,79
26433,145135551,145135504,47
26434,145139778,145139778,0
26435,145139778,145139778,0
26436,145141119,145141028,91
26437,145152428,145152239,189
26438,145152428,145152239,189
26439,145159140,145158656,484
26440,145162515,145162012,503
26441,145166389,145165894,495
26442,145173218,145171196,2022
26443,145195620,145194455,1165
26444,145195620,145194455,1165
26445,145248176,145247493,683
26446,145268368,145268024,344
26447,145268368,145268024,344
26448,145307571,145305312,2259
26449,145316843,145316643,200
26450,145316843,145316643,200
26451,145316843,145316612,231
26452,145331180,145331153,27
26453,145323045,145323045,0
26454,145440828,145439663,1165
26455,145440828,145439663,1165
26456,145485882,145485665,217
26457,145485887,145485628,259
26458,145515120,145515052,68
26459,145492131,145492131,0
26460,145538385,145537993,392
26461,145550567,145550299,268
26462,145559943,145559831,112
26463,145578574,145578427,147
26464,145578574,145578427,147
26465,145579269,145578427,842
26466,145581633,145580527,1106
26467,145582183,145582107,76
26468,145582183,145582107,76
26469,145583036,145580703,2333
26470,145584948,145584675,273
26471,145584948,145584675,273
26472,145584948,145584675,273
26473,145584948,145584675,273
26474,145584948,145584675,273
26475,145618453,145618289,164
26476,145618453,145618289,164
26477,145634733,145634542,191
26478,145628620,145626895,1725
26479,145634575,145634542,33
26480,145634556,145634542,14
26481,145640758,145640256,502
26482,145641917,145641592,325
26483,145642273,145642173,100
26484,145653927,145652328,1599
26485,145653927,145652328,1599
26486,145669812,145669797,15
26487,145690479,145690284,195
26488,145690849,145690284,565
26489,145690871,145690284,587
26490,145691031,145690284,747
26491,145699499,145698833,666
26492,145699499,145698833,666
26493,145701718,145701139,579
26494,145727504,145727286,218
26495,145724363,145723113,1250
26496,145727504,145727286,218
26497,145730872,145730871,1
26498,145731788,145731649,139
26499,145732555,145732383,172
26500,145736589,145736547,42
26501,145743210,145743168,42
26502,145750559,145746862,3697
26503,145750559,145746862,3697
26504,145752416,145750358,2058
26505,145754458,145754300,158
26506,145754458,145753352,1106
26507,145838888,145830999,7889
26508,145838888,145830999,7889
26509,145911194,145830999,80195
26510,145980970,145980113,857
26511,146005665,146003456,2209
26512,146012725,146005625,7100
26513,146012725,146003856,8869
26514,146017729,146017514,215
26515,146017805,146017514,291
26516,146034529,146033780,749
26517,146034529,146033780,749
26518,146033871,146033780,91
26519,146036554,146035645,909
26520,146068606,146068553,53
26521,146068606,146068553,53
26522,146068606,146068553,53
26523,146072894,146071563,1331
26524,146068606,146068553,53
26525,146078451,146076723,1728
26526,146078452,146076723,1729
26527,146079029,146076723,2306
26528,146126846,146076723,50123
26529,146076723,146076723,0
26530,146126846,146115734,11112
26531,146126846,146115734,11112
26532,146126846,146115734,11112
26533,146126846,146115734,11112
26534,146176274,146171592,4682
26535,146176274,146171592,4682
26536,146228285,146203910,24375
26537,146228285,146225022,3263
26538,146224283,146220871,3412
26539,146231432,146229008,2424
26540,146281416,146279543,1873
26541,29739,24999,4740
26542,19872,19213,659
26543,118417,118119,298
26544,179075,177768,1307
26545,179075,178969,106
26546,179075,178969,106
26547,179075,177768,1307
26548,179075,178969,106
26549,215893,215396,497
26550,340620,340325,295
26551,465259,464219,1040
26552,312941,312502,439
26553,340620,340325,295
26554,465259,464219,1040
26555,465259,464219,1040
26556,465259,464219,1040
26557,405097,405097,0
26558,465259,464219,1040
26559,746106,745235,871
26560,734110,730289,3821
26561,746106,745235,871
26562,746106,745235,871
26563,713464,713463,1
26564,713464,713463,1
26565,713464,713463,1
26566,713464,713463,1
26567,746106,745235,871
26568,746106,745235,871
26569,746106,745235,871
26570,746104,744688,1416
26571,894985,894201,784
26572,969090,968139,951
26573,991732,991005,727
26574,1057554,1055774,1780
26575,1057554,1057273,281
26576,1057554,1055774,1780
26577,1057554,1055774,1780
26578,1057554,1057273,281
26579,1057554,1057273,281
26580,2193623,2192739,884
26581,2193623,2192739,884
26582,2193623,2192739,884
26583,2193623,2192739,884
26584,2193623,2192739,884
26585,2193623,2192739,884
26586,2193623,2192739,884
26587,2654485,2653868,617
26588,2654485,2653868,617
26589,2730037,2729727,310
26590,2844130,2838507,5623
26591,2844130,2838507,5623
26592,3525983,3395588,130395
26593,3525983,3395588,130395
26594,3525983,3395588,130395
26595,3489428,3395588,93840
26596,3525983,3395588,130395
26597,3937189,3932848,4341
26598,4152183,4125864,26319
26599,4300035,4286425,13610
26600,4118881,4118811,70
26601,4118881,4118811,70
26602,4145193,4125861,19332
26603,4145193,4118811,26382
26604,4286996,4286425,571
26605,4298496,4286425,12071
26606,4298496,4298396,100
26607,4298496,4118811,179685
26608,4298496,4298400,96
26609,4300035,4118811,181224
26610,4300035,4118811,181224
26611,4300035,4125861,174174
26612,4300035,4286425,13610
26613,4587469,4585558,1911
26614,4666449,4626485,39964
26615,4666674,4666250,424
26616,4666449,4666250,199
26617,4665272,4663263,2009
26618,4706594,4706112,482
26619,4726227,4722566,3661
26620,4741309,4741087,222
26621,4741309,4741087,222
26622,4741799,4722566,19233
26623,4742043,4722566,19477
26624,4861064,4860275,789
26625,4861064,4860275,789
26626,5128183,5126791,1392
26627,5128183,5126791,1392
26628,5185618,5185602,16
26629,5233967,5233877,90
26630,5304611,5304580,31
26631,5304611,5304580,31
26632,5339873,5339746,127
26633,5437937,5431977,5960
26634,5630071,5431977,198094
26635,5466014,5463082,2932
26636,5470567,5467862,2705
26637,5470567,5467862,2705
26638,5571282,5569959,1323
26639,5571282,5569985,1297
26640,5571282,5569985,1297
26641,5563211,5563210,1
26642,5563211,5563211,0
26643,5769454,5769330,124
26644,5776556,5774246,2310
26645,5776556,5774246,2310
26646,5769452,5769434,18
26647,5833081,5833027,54
26648,5833081,5811279,21802
26649,5833081,5833027,54
26650,5909822,5908708,1114
26651,5954095,5929066,25029
26652,6008003,6007787,216
26653,6015640,6015607,33
26654,6015640,6015607,33
26655,6015640,6015607,33
26656,6257983,6256168,1815
26657,6257983,6256168,1815
26658,6257983,6256168,1815
26659,6257983,6256168,1815
26660,6330918,6330213,705
26661,6330918,6329018,1900
26662,6331900,6331019,881
26663,6507051,6506179,872
26664,6495998,6493969,2029
26665,6645692,6645499,193
26666,7077264,7076451,813
26667,6893266,6893265,1
26668,7077264,7076451,813
26669,7170920,7170040,880
26670,7175648,7174729,919
26671,7175648,7174729,919
26672,7175648,7174729,919
26673,7799767,7799734,33
26674,7799778,7799734,44
26675,7799799,7799734,65
26676,10612723,8733843,1878880
26677,8733946,8733843,103
26678,8733946,8733843,103
26679,8733946,8733843,103
26680,8733946,8733843,103
26681,8733946,8733843,103
26682,10612723,8733843,1878880
26683,12710266,12709182,1084
26684,12823059,12821759,1300
26685,13120649,13119674,975
26686,13136181,13136159,22
26687,13140038,13140021,17
26688,13162794,13162724,70
26689,13165446,13162724,2722
26690,13175891,13140067,35824
26691,13279563,13250314,29249
26692,13279563,13250314,29249
26693,13279563,13250314,29249
26694,13250371,13250314,57
26695,13431328,13431217,111
26696,14180797,14150193,30604
26697,14314045,14313510,535
26698,14314045,14313510,535
26699,14314045,14313510,535
26700,14398982,14398630,352
26701,14314045,14313510,535
26702,14693480,14693400,80
26703,14693480,14674338,19142
26704,14722715,14722670,45
26705,14779531,14776251,3280
26706,14910993,14868975,42018
26707,15188130,15185442,2688
26708,15232442,15225994,6448
26709,15250198,15211382,38816
26710,15307358,15307321,37
26711,15307358,15307321,37
26712,15307358,15307321,37
26713,15307358,15307321,37
26714,15307358,15307321,37
26715,15232442,15211382,21060
26716,15273702,15225994,47708
26717,15453203,15453050,153
26718,15461627,15459864,1763
26719,15511003,15510186,817
26720,15511003,15510186,817
26721,15510324,15510186,138
26722,15511003,15510186,817
26723,15511003,15510186,817
26724,15660144,15657256,2888
26725,15744775,15744774,1
26726,15971897,15971834,63
26727,15971897,15971834,63
26728,15971897,15971834,63
26729,15876081,15874673,1408
26730,16253105,16253099,6
26731,16276311,16215866,60445
26732,16437522,16437486,36
26733,16437522,16437486,36
26734,16575354,16552674,22680
26735,16870786,16870646,140
26736,16870786,16832286,38500
26737,16870786,16870646,140
26738,16437522,16437486,36
26739,16728163,16727890,273
26740,16870786,16832286,38500
26741,16870786,16870646,140
26742,16870786,16870646,140
26743,16870786,16727890,142896
26744,17167372,17166978,394
26745,17302049,17298380,3669
26746,17488010,17487178,832
26747,17503917,17502650,1267
26748,17503917,17495003,8914
26749,17797122,17795741,1381
26750,17790395,17789602,793
26751,17797122,17795741,1381
26752,18681481,18680544,937
26753,18684952,18684802,150
26754,18910947,18908546,2401
26755,18910947,18908546,2401
26756,18909659,18907029,2630
26757,19033256,19032906,350
26758,19033256,18928898,104358
26759,19051021,19050599,422
26760,19094402,19093196,1206
26761,19102940,19102649,291
26762,19102940,19102649,291
26763,19093301,19093196,105
26764,19083041,19083005,36
26765,19127604,19126424,1180
26766,19127604,19126253,1351
26767,19127604,19126424,1180
26768,19374137,19372171,1966
26769,19374137,19372171,1966
26770,19374137,19372171,1966
26771,19374137,19372171,1966
26772,19374137,19369989,4148
26773,19374137,19372044,2093
26774,19357693,19357207,486
26775,19380235,19380193,42
26776,19379616,19379529,87
26777,19452500,19450634,1866
26778,19452500,19450634,1866
26779,19787017,19786864,153
26780,19787017,19786864,153
26781,20621160,20620749,411
26782,20621872,20621774,98
26783,20622514,20622255,259
26784,20622514,20414246,208268
26785,20995954,20995628,326
26786,20995954,20995628,326
26787,21031635,21031589,46
26788,21031635,21031589,46
26789,21077943,21077868,75
26790,21142144,21141569,575
26791,21166659,21166611,48
26792,21187598,21187530,68
26793,21202204,21202164,40
26794,21207142,21207096,46
26795,21217310,21217304,6
26796,21228221,21228172,49
26797,21239978,21239934,44
26798,21305312,21305255,57
26799,21335429,21334858,571
26800,21350886,21350886,0
26801,21368075,21368009,66
26802,21385396,21385328,68
26803,21410184,21409745,439
26804,21441315,21441076,239
26805,21482312,21481693,619
26806,21865969,21862013,3956
26807,21931198,21931198,0
26808,21931198,21931198,0
26809,21941040,21939188,1852
26810,21941040,21941029,11
26811,21941040,21941029,11
26812,21941040,21939188,1852
26813,22029593,22029516,77
26814,21865969,21862013,3956
26815,21865969,21862013,3956
26816,21967753,21967438,315
26817,21974826,21974826,0
26818,21975132,21974826,306
26819,21975132,21974826,306
26820,21994490,21994330,160
26821,22009312,22008952,360
26822,22009312,22008952,360
26823,22008952,22008952,0
26824,22452472,22451910,562
26825,23821478,23762232,59246
26826,23821843,23762232,59611
26827,23826063,23762232,63831
26828,23826063,23762232,63831
26829,23826063,23762232,63831
26830,24545674,24545647,27
26831,25678856,25678319,537
26832,26118406,26116853,1553
26833,26892826,26887379,5447
26834,26892826,26892713,113
26835,26947468,26947043,425
26836,26947468,26947043,425
26837,27062931,27062734,197
26838,27062931,27062734,197
26839,27036796,27036512,284
26840,27062931,27062734,197
26841,27005691,26999692,5999
26842,27173360,27173359,1
26843,27183608,27183520,88
26844,27230172,27229230,942
26845,27230172,27229230,942
26846,27230172,27229230,942
26847,27209229,27209228,1
26848,27297137,27297053,84
26849,27297137,27297053,84
26850,27297137,27297053,84
26851,27529850,27455548,74302
26852,27526496,27524958,1538
26853,27524958,27524958,0
26854,27573491,27567118,6373
26855,27573864,27567118,6746
26856,27573864,27567118,6746
26857,28476023,27950669,525354
26858,28719303,27950669,768634
26859,29212998,27950669,1262329
26860,27950669,27950669,0
26861,32436395,32436140,255
26862,32450832,32450109,723
26863,32450832,32450109,723
26864,32445852,32445840,12
26865,32502734,32498337,4397
26866,32526322,32526164,158
26867,32526322,32526164,158
26868,32526322,32491380,34942
26869,32552626,32552434,192
26870,32552626,32552434,192
26871,32553015,32552911,104
26872,32573182,32573058,124
26873,32573182,32573058,124
26874,32573182,32573058,124
26875,32635667,32635577,90
26876,32789199,32784889,4310
26877,32784889,32784889,0
26878,32989893,32989889,4
26879,32990086,32989889,197
26880,32990086,32987760,2326
26881,32990086,32985974,4112
26882,32990086,32985974,4112
26883,32997346,32987760,9586
26884,33001574,32989889,11685
26885,33001574,32987760,13814
26886,33001610,32989889,11721
26887,33001610,32987760,13850
26888,33001639,32989889,11750
26889,33001639,32985974,15665
26890,33001639,33001602,37
26891,33001639,33001602,37
26892,33001639,32989889,11750
26893,33001639,33001602,37
26894,33001639,33001602,37
26895,33001639,33001602,37
26896,33001639,32987760,13879
26897,32990086,32989889,197
26898,33039062,33038901,161
26899,33039062,33038901,161
26900,33037306,33037134,172
26901,33076714,33076606,108
26902,33076714,33068839,7875
26903,33167356,33167167,189
26904,33248565,33248469,96
26905,33264648,33264258,390
26906,33264759,33264672,87
26907,33282067,33280857,1210
26908,33282067,33280826,1241
26909,33347735,33347735,0
26910,33348721,33347738,983
26911,33365168,33364808,360
26912,33365168,33364808,360
26913,33371155,33369976,1179
26914,33371155,33369976,1179
26915,33402517,33401260,1257
26916,33402517,33387063,15454
26917,33394174,33386531,7643
26918,33395511,33386531,8980
26919,33402517,33401260,1257
26920,33402517,33395216,7301
26921,33402517,33386531,15986
26922,33402517,33386531,15986
26923,33402517,33386531,15986
26924,33447631,33447528,103
26925,33447631,33447528,103
26926,33447631,33447528,103
26927,33465192,33464100,1092
26928,33473941,33473840,101
26929,33473941,33473840,101
26930,33473941,33473840,101
26931,33473941,33473840,101
26932,33473941,33473840,101
26933,33573001,33572358,643
26934,33625532,33625291,241
26935,33677418,33676547,871
26936,33799229,33799178,51
26937,33799229,33799178,51
26938,33799229,33799178,51
26939,33799229,33799178,51
26940,33920401,33917235,3166
26941,33928833,33927882,951
26942,33934357,33927882,6475
26943,33935189,33927882,7307
26944,34048885,33998847,50038
26945,34048885,33963735,85150
26946,34048885,33998847,50038
26947,34048947,34017146,31801
26948,34048885,33998847,50038
26949,34048947,34017143,31804
26950,34048885,33998847,50038
26951,33948964,33948540,424
26952,34048885,34017143,31742
26953,34126771,34126429,342
26954,34251097,34250883,214
26955,34252521,34251530,991
26956,34252521,34251530,991
26957,34252521,34251530,991
26958,34252521,34251530,991
26959,34252521,34251530,991
26960,34252521,34251530,991
26961,34329198,34319505,9693
26962,34252521,34251530,991
26963,34329198,34311344,17854
26964,34343711,34343438,273
26965,34343711,34343438,273
26966,34343711,34343438,273
26967,34343711,34343438,273
26968,34376894,34372941,3953
26969,34381598,34381433,165
26970,34381598,34381433,165
26971,34381598,34381433,165
26972,34397849,34397631,218
26973,34381598,34381433,165
26974,34458568,34458261,307
26975,34458568,34458261,307
26976,34458568,34458261,307
26977,34458568,34458261,307
26978,34458568,34458261,307
26979,34458568,34458261,307
26980,34458568,34458261,307
26981,34488890,34488189,701
26982,34520982,34520754,228
26983,34523037,34521693,1344
26984,34521693,34521693,0
26985,34589735,34568979,20756
26986,34589735,34568979,20756
26987,34590138,34568979,21159
26988,34612110,34611293,817
26989,34612110,34611293,817
26990,34611293,34611293,0
26991,34620496,34620461,35
26992,34620496,34620461,35
26993,34628011,34628011,0
26994,34637722,34637694,28
26995,34637729,34637301,428
26996,34637768,34637694,74
26997,34637768,34637694,74
26998,34637768,34637694,74
26999,34650595,34650446,149
27000,34650595,34650446,149
27001,34649127,34648908,219
27002,34661898,34661495,403
27003,34661898,34661495,403
27004,34661898,34661495,403
27005,34661898,34661495,403
27006,34660633,34660601,32
27007,34662689,34662630,59
27008,34691274,34691136,138
27009,34710164,34710063,101
27010,34729535,34729424,111
27011,34838583,34835479,3104
27012,34982541,34978108,4433
27013,34982541,34978108,4433
27014,34998430,34997256,1174
27015,34998430,34997256,1174
27016,34998430,34997256,1174
27017,35045988,35045866,122
27018,35045988,35045866,122
27019,35045988,35045866,122
27020,35045988,35045866,122
27021,35072739,35072350,389
27022,35072739,35062087,10652
27023,35071974,35068054,3920
27024,35080013,35079521,492
27025,35080013,35076970,3043
27026,35079898,35079521,377
27027,35096546,35095562,984
27028,35096546,35095562,984
27029,35096598,35095562,1036
27030,35096547,35095562,985
27031,35096598,35092572,4026
27032,35103154,35103091,63
27033,35103154,35103091,63
27034,35111371,35108271,3100
27035,35111571,35108271,3300
27036,35115875,35106867,9008
27037,35115893,35108271,7622
27038,35115875,35108271,7604
27039,35108272,35108271,1
27040,35370393,35370391,2
27041,35405332,35404030,1302
27042,35405332,35404030,1302
27043,35561895,35561379,516
27044,35561895,35561379,516
27045,35563896,35563825,71
27046,35563896,35563825,71
27047,35563896,35563825,71
27048,35563896,35563825,71
27049,35610038,35609739,299
27050,35610038,35609739,299
27051,35618410,35615982,2428
27052,35618424,35618300,124
27053,35618424,35618300,124
27054,35618424,35618300,124
27055,35650947,35650850,97
27056,35650947,35650850,97
27057,35650700,35650300,400
27058,35659414,35658745,669
27059,35661500,35661184,316
27060,35661500,35660820,680
27061,35661500,35660780,720
27062,35661500,35661184,316
27063,35665278,35665166,112
27064,35665278,35665166,112
27065,35681154,35681022,132
27066,35690053,35689814,239
27067,35690053,35689814,239
27068,35690053,35689814,239
27069,35690053,35689814,239
27070,35732392,35725691,6701
27071,35732392,35725691,6701
27072,35737005,35736723,282
27073,35737005,35736723,282
27074,35749225,35748701,524
27075,35749983,35748701,1282
27076,35738629,35738231,398
27077,35748924,35748701,223
27078,35749225,35748701,524
27079,35742026,35740986,1040
27080,35753264,35752871,393
27081,35754274,35754126,148
27082,35809728,35809442,286
27083,35809728,35809442,286
27084,35812259,35812144,115
27085,35812259,35812144,115
27086,35815042,35814976,66
27087,35828744,35826158,2586
27088,35828744,35826158,2586
27089,35847232,35847190,42
27090,35854844,35853837,1007
27091,35847232,35847156,76
27092,35854844,35853837,1007
27093,35870398,35870398,0
27094,35907138,35906632,506
27095,35911617,35910688,929
27096,35958151,35958095,56
27097,36085961,36085924,37
27098,36086182,36085212,970
27099,36124452,36123042,1410
27100,36124452,36123042,1410
27101,36151768,36151032,736
27102,36162773,36162239,534
27103,36163902,36162923,979
27104,36163903,36162519,1384
27105,36171331,36171266,65
27106,36212059,36211771,288
27107,36212059,36211771,288
27108,36212059,36211771,288
27109,36212059,36211771,288
27110,36212059,36211626,433
27111,36212059,36211771,288
27112,36258496,36249352,9144
27113,36258496,36249352,9144
27114,36258496,36246466,12030
27115,36277053,36276941,112
27116,36277053,36277039,14
27117,36400296,36400105,191
27118,36400296,36400105,191
27119,36400920,36376037,24883
27120,36400920,36376037,24883
27121,36400920,36375960,24960
27122,36401195,36376037,25158
27123,36677680,36677334,346
27124,36677680,36677334,346
27125,36677680,36677334,346
27126,36677680,36677334,346
27127,36677680,36677334,346
27128,36677680,36677334,346
27129,36677680,36677334,346
27130,36677680,36677334,346
27131,36677680,36677334,346
27132,36677680,36677334,346
27133,37002773,36966656,36117
27134,37034476,37034028,448
27135,37034476,37034028,448
27136,37034476,37034028,448
27137,37034476,37015079,19397
27138,37034476,37034028,448
27139,37034476,37034028,448
27140,37034476,37015079,19397
27141,37034476,37034028,448
27142,37034476,37034028,448
27143,37034476,37034028,448
27144,37034476,37034028,448
27145,37026572,37026572,0
27146,37358145,37357265,880
27147,37358145,37357265,880
27148,37358145,37357265,880
27149,37187051,37186719,332
27150,37358145,37357265,880
27151,37358145,37357265,880
27152,37431144,37431097,47
27153,37436986,37436779,207
27154,37436986,37436779,207
27155,37431144,37431097,47
27156,37436986,37436779,207
27157,37465407,37442548,22859
27158,37442548,37442548,0
27159,37495983,37495964,19
27160,37503693,37503199,494
27161,37503693,37503199,494
27162,37503693,37503199,494
27163,37576250,37541765,34485
27164,37588871,37588791,80
27165,37588929,37588878,51
27166,37592636,37592529,107
27167,37592636,37592529,107
27168,37592636,37592529,107
27169,37592529,37592529,0
27170,37746901,37746766,135
27171,37746901,37746766,135
27172,37741313,37740964,349
27173,37741313,37740964,349
27174,37778433,37777704,729
27175,37778433,37777704,729
27176,37778433,37777704,729
27177,37778969,37777704,1265
27178,37778969,37777704,1265
27179,37785089,37785041,48
27180,37785089,37785041,48
27181,37867665,37861505,6160
27182,37867665,37861505,6160
27183,37867665,37861505,6160
27184,37904350,37888547,15803
27185,37888547,37888547,0
27186,38069210,38068642,568
27187,38398662,38397299,1363
27188,38397299,38397299,0
27189,38424444,38424421,23
27190,38577261,38577153,108
27191,38596400,38596367,33
27192,38620360,38620282,78
27193,38620360,38620282,78
27194,38623277,38622120,1157
27195,39288300,39288061,239
27196,39288300,39288061,239
27197,39288300,39288061,239
27198,39288300,39288061,239
27199,39361959,39361806,153
27200,39464526,39446956,17570
27201,39508888,39446956,61932
27202,39447188,39446956,232
27203,39891210,39891057,153
27204,39907240,39906159,1081
27205,40633261,40582376,50885
27206,40706537,40706387,150
27207,40836415,40789279,47136
27208,40792112,40789279,2833
27209,40792112,40789279,2833
27210,41327397,41327335,62
27211,41506925,41506772,153
27212,41609544,41591975,17569
27213,41592207,41591975,232
27214,41955076,41954873,203
27215,41955076,41954873,203
27216,41955076,41954873,203
27217,42019584,42019409,175
27218,42020413,42019518,895
27219,42411863,42410483,1380
27220,42411863,42410483,1380
27221,42720342,42719316,1026
27222,43133544,43133432,112
27223,43133544,43133432,112
27224,43630730,43630701,29
27225,43922473,43920370,2103
27226,43922473,43920370,2103
27227,45563563,45563207,356
27228,47314222,47314197,25
27229,65509610,65509581,29
27230,65664071,65661972,2099
27231,66500030,66499910,120
27232,66555595,66554548,1047
27233,67970293,67968913,1380
27234,67970293,67968913,1380
27235,69202204,69201612,592
27236,69262593,69262487,106
27237,69262593,69262487,106
27238,69425109,69424176,933
27239,70178815,70177983,832
27240,70429731,70428899,832
27241,70490177,70490068,109
27242,70490177,70490068,109
27243,70490177,70490068,109
27244,70490177,70490068,109
27245,70862773,70862629,144
27246,70914932,70914503,429
27247,70914932,70914503,429
27248,70914932,70914503,429
27249,70920000,70919121,879
27250,71145977,71144572,1405
27251,71155783,71155730,53
27252,71624092,71623365,727
27253,71624092,71623369,723
27254,71398609,71395944,2665
27255,71629039,71629008,31
27256,71693993,71687628,6365
27257,71693993,71687678,6315
27258,71715094,71714850,244
27259,71870124,71869290,834
27260,71836412,71836411,1
27261,71861706,71861706,0
27262,71864662,71863242,1420
27263,71870124,71869290,834
27264,71870124,71869290,834
27265,71870124,71869290,834
27266,71870124,71869290,834
27267,71870118,71867820,2298
27268,72007370,72006720,650
27269,72007370,72006720,650
27270,72007370,72006674,696
27271,72287275,72132126,155149
27272,72374876,72374854,22
27273,72374876,72374854,22
27274,72521148,72521052,96
27275,72521148,72520900,248
27276,72521148,72521052,96
27277,72521148,72520900,248
27278,72841888,72840948,940
27279,72969789,72967247,2542
27280,72969789,72967247,2542
27281,73029573,73028279,1294
27282,73461507,73461459,48
27283,73461507,73461459,48
27284,73483974,73477826,6148
27285,73483974,73477826,6148
27286,73483974,73477826,6148
27287,73483974,73477826,6148
27288,73483974,73477826,6148
27289,73483974,73477826,6148
27290,73736514,73736270,244
27291,73736514,73736270,244
27292,73736514,73736270,244
27293,73483974,73477826,6148
27294,73483974,73477826,6148
27295,73483974,73477826,6148
27296,74061820,74061751,69
27297,74313157,74312999,158
27298,74319743,74319683,60
27299,74383800,74365289,18511
27300,74383800,74365289,18511
27301,74526148,74489996,36152
27302,74526148,74489996,36152
27303,74588371,74587758,613
27304,74675521,74675425,96
27305,74687734,74687637,97
27306,74867140,74863258,3882
27307,74867140,74865720,1420
27308,74867140,74863258,3882
27309,74867140,74863258,3882
27310,74868476,74865720,2756
27311,74844087,74842960,1127
27312,74975270,74974391,879
27313,74978657,74975694,2963
27314,74979508,74975694,3814
27315,74979508,74975694,3814
27316,74979508,74975694,3814
27317,74980163,74975694,4469
27318,74980163,74975694,4469
27319,74980163,74975694,4469
27320,75451267,75450889,378
27321,75445445,75445445,0
27322,75451267,75450889,378
27323,75451267,75451007,260
27324,75540528,75540510,18
27325,75568233,75567916,317
27326,75695358,75545869,149489
27327,75782928,75782504,424
27328,75785307,75785023,284
27329,75785307,75785023,284
27330,77302117,77300534,1583
27331,77302117,77300534,1583
27332,77391165,77391069,96
27333,77502263,77502164,99
27334,77502636,77502564,72
27335,77503010,77502772,238
27336,77503010,77502772,238
27337,77503010,77502772,238
27338,77503010,77502772,238
27339,77503010,77502772,238
27340,77567802,77567527,275
27341,77643310,77643157,153
27342,77703133,77693282,9851
27343,77703133,77698031,5102
27344,77703133,77698031,5102
27345,77762114,77761657,457
27346,77762114,77761657,457
27347,78790478,78790218,260
27348,78808346,78808268,78
27349,78977255,78973838,3417
27350,78808346,78808268,78
27351,79009444,79009087,357
27352,79014954,79014142,812
27353,79122332,79118584,3748
27354,79122332,79118584,3748
27355,79122332,79118584,3748
27356,79122332,79118584,3748
27357,79122332,79118584,3748
27358,79122332,79118584,3748
27359,79118584,79118584,0
27360,79307113,79302566,4547
27361,79307113,79307057,56
27362,79307113,79307057,56
27363,79319015,79318887,128
27364,79521003,79520879,124
27365,79319015,79318887,128
27366,79521003,79441622,79381
27367,79521003,79520879,124
27368,79635869,79635869,0
27369,79997921,79997215,706
27370,80000106,79999599,507
27371,80032399,80030922,1477
27372,80032399,80030922,1477
27373,79934589,79934589,0
27374,79954098,79952468,1630
27375,80263232,80262709,523
27376,80437915,80409507,28408
27377,80646219,80646151,68
27378,80881619,80881618,1
27379,80881983,80881678,305
27380,80881983,80881678,305
27381,80865369,80863833,1536
27382,80886799,80885767,1032
27383,80945009,80944002,1007
27384,80945009,80944002,1007
27385,82341656,82340059,1597
27386,82341656,82340059,1597
27387,82341656,82340059,1597
27388,82341656,82340059,1597
27389,82341656,82340059,1597
27390,82341656,82340059,1597
27391,82341656,82340059,1597
27392,84303596,84303155,441
27393,84303596,84303155,441
27394,84303596,84303155,441
27395,84303596,84303155,441
27396,84303596,84303155,441
27397,84534842,84531192,3650
27398,84549913,84547830,2083
27399,84565009,84562922,2087
27400,84610171,84610116,55
27401,85678043,85677782,261
27402,85678043,85677782,261
27403,85882202,85882092,110
27404,85946876,85946780,96
27405,86153348,86153146,202
27406,86082657,86082547,110
27407,86153348,86153146,202
27408,86259045,86258695,350
27409,86259045,86258695,350
27410,86259045,86258695,350
27411,86323168,86322594,574
27412,86323168,86322594,574
27413,86328293,86327910,383
27414,86432752,86421432,11320
27415,86432752,86421432,11320
27416,86536380,86530506,5874
27417,86536380,86530506,5874
27418,86536380,86530506,5874
27419,86571663,86571415,248
27420,86571901,86570469,1432
27421,86590713,86587029,3684
27422,86590713,86587029,3684
27423,86595184,86593167,2017
27424,86595184,86593167,2017
27425,86595184,86593167,2017
27426,86595184,86593167,2017
27427,86595569,86593167,2402
27428,86595569,86593167,2402
27429,86618987,86617779,1208
27430,86618987,86617779,1208
27431,86618987,86617779,1208
27432,86618987,86617779,1208
27433,86617779,86617779,0
27434,86955694,86924578,31116
27435,86955694,86955548,146
27436,86983413,86955548,27865
27437,86955694,86924578,31116
27438,87430621,87425494,5127
27439,87573178,87570516,2662
27440,87638505,87636352,2153
27441,87638505,87636352,2153
27442,87430621,87425494,5127
27443,87492813,87486732,6081
27444,87492813,87486732,6081
27445,87430621,87425494,5127
27446,87492813,87486732,6081
27447,88258258,88257921,337
27448,88296250,88296233,17
27449,88327481,88327448,33
27450,88356944,88327448,29496
27451,88356944,88356877,67
27452,88637217,88636875,342
27453,88637217,88636875,342
27454,88601956,88601395,561
27455,88714510,88694235,20275
27456,88715116,88694235,20881
27457,88870948,88844518,26430
27458,88874572,88844518,30054
27459,88874572,88844518,30054
27460,88844544,88844518,26
27461,88897490,88897373,117
27462,88934585,88933902,683
27463,88969402,88968114,1288
27464,88969402,88968114,1288
27465,88969402,88968114,1288
27466,88969402,88968114,1288
27467,88969402,88968114,1288
27468,88969402,88968114,1288
27469,89562104,89561694,410
27470,89657041,89656978,63
27471,89774641,89771685,2956
27472,89880410,89880372,38
27473,90323549,90322279,1270
27474,90265426,90265072,354
27475,90323549,90322279,1270
27476,90323549,90322279,1270
27477,90323549,90322279,1270
27478,90297915,90296669,1246
27479,90322887,90322785,102
27480,90346384,90346022,362
27481,90346384,90346022,362
27482,90346384,90346022,362
27483,90346384,90346022,362
27484,90346384,90346022,362
27485,90401799,90401799,0
27486,90473971,90473860,111
27487,90502163,90502162,1
27488,90503814,90503740,74
27489,90538572,90538389,183
27490,90538572,90538389,183
27491,90589695,90589361,334
27492,90589695,90589361,334
27493,90589695,90589361,334
27494,90589695,90589361,334
27495,90589695,90589361,334
27496,90589695,90585646,4049
27497,90749900,90749871,29
27498,91093622,91090192,3430
27499,91093622,91090192,3430
27500,91093622,91090192,3430
27501,91093622,91090192,3430
27502,91159462,91159462,0
27503,91190704,91186107,4597
27504,91267075,91266942,133
27505,91611057,91606903,4154
27506,91611057,91606903,4154
27507,91620069,91617252,2817
27508,91617252,91617252,0
27509,91793682,91793375,307
27510,91931618,91931340,278
27511,91953495,91953495,0
27512,91953495,91953495,0
27513,91974561,91973739,822
27514,91974561,91973739,822
27515,91974561,91973739,822
27516,91974561,91973739,822
27517,91974561,91973739,822
27518,92094611,92020371,74240
27519,92094611,92020371,74240
27520,92112888,92020371,92517
27521,92221469,92220994,475
27522,93345028,93268016,77012
27523,93405108,93376109,28999
27524,93376109,93376109,0
27525,93660842,93657882,2960
27526,93660842,93657882,2960
27527,93660842,93657882,2960
27528,93660842,93657882,2960
27529,94124206,94124171,35
27530,94124206,94124171,35
27531,94124206,94124171,35
27532,94186144,94173016,13128
27533,94173016,94173016,0
27534,94711162,94519596,191566
27535,94712444,94712245,199
27536,94712444,94712245,199
27537,94877690,94877652,38
27538,94877690,94877652,38
27539,94877690,94877652,38
27540,94877690,94877652,38
27541,95051708,95048831,2877
27542,95056038,95051701,4337
27543,95056038,95051701,4337
27544,95056038,95050138,5900
27545,95056038,95050550,5488
27546,95005510,95004705,805
27547,95087876,95084026,3850
27548,95087876,95086443,1433
27549,95087633,95086443,1190
27550,95377437,95375431,2006
27551,95377437,95375431,2006
27552,95166937,95165689,1248
27553,95166937,95165689,1248
27554,95166937,95166837,100
27555,95186836,95179840,6996
27556,95244844,95237179,7665
27557,95244844,95237179,7665
27558,95298374,95285148,13226
27559,95268731,95263205,5526
27560,95298374,95285148,13226
27561,95298374,95285148,13226
27562,95285175,95285148,27
27563,95298904,95285148,13756
27564,95377437,95375431,2006
27565,95398430,95397603,827
27566,95432547,95432270,277
27567,95382817,95380894,1923
27568,95527083,95527026,57
27569,95527083,95527026,57
27570,95588920,95584546,4374
27571,95640320,95618507,21813
27572,95640320,95618507,21813
27573,95640320,95637311,3009
27574,95640320,95640122,198
27575,95640320,95618507,21813
27576,95640320,95618507,21813
27577,95798518,95797871,647
27578,95798518,95797871,647
27579,95798518,95797871,647
27580,95782902,95782862,40
27581,95798518,95797871,647
27582,95847415,95847029,386
27583,95847415,95847029,386
27584,95875565,95875389,176
27585,95896570,95896499,71
27586,96021896,96021896,0
27587,96080309,96080309,0
27588,96081486,96080356,1130
27589,96082854,96082674,180
27590,96010116,96010115,1
27591,96081488,96080131,1357
27592,96061543,96061542,1
27593,96108696,96098235,10461
27594,96215874,96214991,883
27595,96293688,96292015,1673
27596,96328397,96326822,1575
27597,96294871,96294658,213
27598,96328397,96326822,1575
27599,96328397,96326822,1575
27600,96328397,96326822,1575
27601,96441869,96439958,1911
27602,96439037,96439037,0
27603,96441866,96441662,204
27604,96715713,96715230,483
27605,96717608,96717428,180
27606,96872138,96870226,1912
27607,96872138,96870226,1912
27608,96861209,96860954,255
27609,96872138,96870226,1912
27610,96872138,96870226,1912
27611,97065291,97063652,1639
27612,97056723,97055476,1247
27613,97058128,97055803,2325
27614,97063649,97063649,0
27615,97090926,97090905,21
27616,97223202,97221694,1508
27617,97223202,97220706,2496
27618,97356075,97356008,67
27619,97401923,97401592,331
27620,97402531,97401592,939
27621,97695955,97694036,1919
27622,97849500,97844997,4503
27623,97843176,97843098,78
27624,97849500,97844997,4503
27625,97695955,97694036,1919
27626,97845950,97844997,953
27627,97845950,97844997,953
27628,98079536,98011573,67963
27629,98079991,98011573,68418
27630,98079991,98011573,68418
27631,97886342,97885960,382
27632,98212218,98211530,688
27633,98269481,98248097,21384
27634,98269699,98248097,21602
27635,98270322,98248097,22225
27636,98270322,98248097,22225
27637,98270831,98270643,188
27638,98279247,98279102,145
27639,98279247,98278753,494
27640,98242870,98242776,94
27641,98279247,98278753,494
27642,98731122,98729002,2120
27643,98731122,98729002,2120
27644,98735370,98735369,1
27645,98731122,98729002,2120
27646,98767137,98767020,117
27647,98776846,98775485,1361
27648,98801358,98801212,146
27649,98878693,98876950,1743
27650,99064434,99064386,48
27651,99064434,99064386,48
27652,99145992,99145916,76
27653,99145992,99145916,76
27654,99180669,99180314,355
27655,99180669,99180314,355
27656,99253618,99252320,1298
27657,99253618,99252320,1298
27658,99329203,99329098,105
27659,99382112,99381660,452
27660,99382112,99381660,452
27661,99417599,99417563,36
27662,99540328,99538351,1977
27663,99540338,99538351,1987
27664,99616389,99614243,2146
27665,99637856,99581908,55948
27666,99701700,99701431,269
27667,99704572,99701878,2694
27668,99775862,99775648,214
27669,99801592,99800325,1267
27670,99802085,99800325,1760
27671,99822167,99799858,22309
27672,99801592,99799858,1734
27673,99801592,99799858,1734
27674,99961852,99961793,59
27675,100139577,100139176,401
27676,100139577,100139176,401
27677,100139577,100139176,401
27678,100054275,100053858,417
27679,100105925,100105849,76
27680,100093049,100093049,0
27681,100139577,100139176,401
27682,100258405,100258165,240
27683,100258405,100258165,240
27684,100245633,100245631,2
27685,100258405,100258165,240
27686,100364025,100361980,2045
27687,100364025,100361980,2045
27688,100395962,100389844,6118
27689,100395962,100373906,22056
27690,100389046,100373906,15140
27691,100436029,100433481,2548
27692,100459691,100459574,117
27693,100618997,100617318,1679
27694,100684852,100684775,77
27695,100684852,100673299,11553
27696,100684852,100673299,11553
27697,100684852,100684775,77
27698,100700675,100700418,257
27699,100707197,100700418,6779
27700,100778224,100777713,511
27701,100845365,100845337,28
27702,100881488,100881470,18
27703,100844448,100843418,1030
27704,100854843,100854806,37
27705,100854843,100854822,21
27706,100881488,100881470,18
27707,100881488,100881470,18
27708,100889558,100889217,341
27709,100935174,100919942,15232
27710,100954956,100919942,35014
27711,100954956,100919942,35014
27712,100975833,100975494,339
27713,101018003,101017823,180
27714,101018003,101017823,180
27715,101018003,100995824,22179
27716,101471479,101471019,460
27717,101539736,101539689,47
27718,101547422,101547117,305
27719,101558794,101558773,21
27720,101612363,101611374,989
27721,101833074,101832168,906
27722,101916473,101911587,4886
27723,101916473,101911587,4886
27724,101916473,101911587,4886
27725,101916473,101911587,4886
27726,101984246,101983329,917
27727,101984246,101984176,70
27728,101992901,101992706,195
27729,102596341,102595814,527
27730,102629173,102626149,3024
27731,102629173,102626149,3024
27732,102715317,102713584,1733
27733,102736818,102730955,5863
27734,102861330,102861122,208
27735,103046885,103046884,1
27736,103060590,103060456,134
27737,103063426,103062956,470
27738,103063426,103062956,470
27739,103063426,103062956,470
27740,103063426,103062956,470
27741,103063426,103062956,470
27742,103109688,103109673,15
27743,103114853,103114703,150
27744,103115259,103111645,3614
27745,103115259,103109673,5586
27746,103214016,103207512,6504
27747,103214016,103213248,768
27748,103214016,103213248,768
27749,103214016,103213248,768
27750,103339918,103338882,1036
27751,103339918,103338882,1036
27752,103350173,103348733,1440
27753,104087417,104086339,1078
27754,104087417,104086339,1078
27755,104087417,104086339,1078
27756,104087417,104086339,1078
27757,104145801,104133686,12115
27758,104147287,104133686,13601
27759,104160919,104160874,45
27760,104160919,104160874,45
27761,104172942,104171931,1011
27762,104172942,104170229,2713
27763,104172942,104171931,1011
27764,104172942,104171931,1011
27765,104172942,104171931,1011
27766,104172942,104171931,1011
27767,104172942,104171931,1011
27768,104198062,104193169,4893
27769,104249475,104239374,10101
27770,104239374,104239374,0
27771,104325626,104324704,922
27772,104348200,104341633,6567
27773,104500862,104500261,601
27774,104500862,104500261,601
27775,104357283,104357212,71
27776,105780770,105767960,12810
27777,106885539,106885539,0
27778,106903700,106901596,2104
27779,106903700,106901596,2104
27780,106903700,106901596,2104
27781,106874095,106874095,0
27782,106875756,106875755,1
27783,106903700,106901596,2104
27784,107267503,107267503,0
27785,107289490,107289490,0
27786,107299094,107299094,0
27787,107332411,107332411,0
27788,107361694,107361694,0
27789,107367908,107367908,0
27790,107380485,107380485,0
27791,107457743,107457743,0
27792,107521695,107521469,226
27793,107522403,107521619,784
27794,107535189,107535188,1
27795,107536291,107535354,937
27796,107690527,107665960,24567
27797,107690527,107646829,43698
27798,108153682,108151337,2345
27799,108200782,108200576,206
27800,108234416,108234379,37
27801,108311385,108308764,2621
27802,108311385,108308764,2621
27803,108311385,108308764,2621
27804,108403399,108402404,995
27805,108403399,108397545,5854
27806,108403399,108397545,5854
27807,108403399,108397367,6032
27808,108403399,108397545,5854
27809,108425385,108425104,281
27810,108538892,108536361,2531
27811,108538892,108536146,2746
27812,109773796,109773311,485
27813,109773796,109773311,485
27814,109773796,109773311,485
27815,109773796,109773311,485
27816,109737250,109736643,607
27817,110087594,110087381,213
27818,110094475,110091937,2538
27819,110094475,110091937,2538
27820,110094475,110091937,2538
27821,110250728,110250524,204
27822,110251331,110251309,22
27823,110252047,110251453,594
27824,110252047,110251309,738
27825,110252047,110251309,738
27826,111618275,111618210,65
27827,111626035,111625910,125
27828,111654722,111653654,1068
27829,111680629,111674685,5944
27830,111696608,111693426,3182
27831,111696608,111689694,6914
27832,111696608,111674685,21923
27833,111703237,111701966,1271
27834,111745595,111745532,63
27835,111775764,111775722,42
27836,111775764,111775722,42
27837,111849622,111843223,6399
27838,111882225,111882193,32
27839,111929571,111929571,0
27840,111923757,111923577,180
27841,112083021,112082726,295
27842,112083021,112082726,295
27843,112180063,112170639,9424
27844,112191323,112189369,1954
27845,112191323,112189369,1954
27846,112213664,112211110,2554
27847,112213664,112211110,2554
27848,112260593,112225714,34879
27849,112260593,112225714,34879
27850,112260593,112219493,41100
27851,112260593,112225714,34879
27852,112713756,112705705,8051
27853,112713756,112705705,8051
27854,112900819,112900818,1
27855,112934791,112930777,4014
27856,112934791,112930777,4014
27857,112900819,112900818,1
27858,112934791,112930777,4014
27859,112934791,112930777,4014
27860,112900819,112900818,1
27861,112934791,112930777,4014
27862,112934791,112930701,4090
27863,112970413,112969859,554
27864,113018920,113018715,205
27865,113018920,113018715,205
27866,113100125,113100076,49
27867,113100125,113100076,49
27868,113191614,113173768,17846
27869,113342160,113341823,337
27870,113342160,113341823,337
27871,113342160,113341823,337
27872,113312384,113308544,3840
27873,113563278,113530257,33021
27874,113563278,113563268,10
27875,113563278,113563268,10
27876,113563278,113563268,10
27877,113761746,113734397,27349
27878,113761746,113761720,26
27879,113800365,113734397,65968
27880,113800365,113734397,65968
27881,113800365,113704439,95926
27882,113800981,113800979,2
27883,113801526,113734397,67129
27884,114090713,114090713,0
27885,114247025,114247025,0
27886,114245842,114235198,10644
27887,114290300,114290212,88
27888,114302043,114301739,304
27889,114306712,114305450,1262
27890,114340124,114338694,1430
27891,114362135,114359702,2433
27892,114361711,114359702,2009
27893,114362135,114359702,2433
27894,114362135,114348285,13850
27895,114362135,114359702,2433
27896,114416631,114415502,1129
27897,114416631,114415502,1129
27898,114432526,114429220,3306
27899,114432526,114429220,3306
27900,114432526,114429220,3306
27901,114521813,114521568,245
27902,114521813,114521568,245
27903,114545779,114543274,2505
27904,114557223,114553698,3525
27905,114695433,114695277,156
27906,114937556,114937515,41
27907,114937556,114937515,41
27908,114937556,114937515,41
27909,115095306,115095123,183
27910,115095944,115095757,187
27911,115095944,115095757,187
27912,115095944,115060145,35799
27913,115095944,115060145,35799
27914,115095944,115060114,35830
27915,115234685,115232824,1861
27916,115234685,115232824,1861
27917,115234685,115232824,1861
27918,115234685,115232824,1861
27919,115234685,115232824,1861
27920,115422706,115422349,357
27921,115422706,115422349,357
27922,115480387,115478765,1622
27923,115637267,115631123,6144
27924,115637267,115631123,6144
27925,115653193,115652961,232
27926,115774472,115760539,13933
27927,115818996,115818968,28
27928,115818996,115818968,28
27929,115818996,115818968,28
27930,115924515,115924123,392
27931,115926422,115925197,1225
27932,115946679,115946628,51
27933,115950327,115950198,129
27934,115983676,115983523,153
27935,115983676,115969541,14135
27936,115983676,115965243,18433
27937,116037869,115985537,52332
27938,115983676,115983523,153
27939,116026772,116022753,4019
27940,116029217,116028674,543
27941,116037869,116034787,3082
27942,116055185,116053940,1245
27943,116055185,116053940,1245
27944,116061320,116060464,856
27945,116065551,116060464,5087
27946,116060464,116060464,0
27947,116102620,116094302,8318
27948,116102620,116094302,8318
27949,116102620,116085384,17236
27950,116133513,116132422,1091
27951,116133513,116131920,1593
27952,116138341,116136634,1707
27953,116139233,116136634,2599
27954,116136634,116136634,0
27955,116163400,116155839,7561
27956,116163618,116155839,7779
27957,116163618,116155760,7858
27958,116172955,116172573,382
27959,116173029,116172573,456
27960,116173029,116172573,456
27961,116191879,116191666,213
27962,116191879,116191666,213
27963,116360023,116359233,790
27964,116304371,116303707,664
27965,116360023,116359233,790
27966,116360023,116359233,790
27967,116360023,116359233,790
27968,116304371,116303707,664
27969,116360023,116359233,790
27970,116355283,116353747,1536
27971,116360023,116359233,790
27972,116360023,116359233,790
27973,116360023,116359233,790
27974,116355283,116353747,1536
27975,116360023,116359233,790
27976,116360023,116359233,790
27977,116360023,116359233,790
27978,116781589,116779162,2427
27979,116818875,116812447,6428
27980,116818875,116812447,6428
27981,116818875,116812447,6428
27982,116818875,116812447,6428
27983,116818875,116812447,6428
27984,116840752,116840489,263
27985,116839888,116838960,928
27986,116861337,116859982,1355
27987,117072975,117072975,0
27988,116980859,116980139,720
27989,117072975,117072975,0
27990,117088759,117088637,122
27991,117095536,117095414,122
27992,117095536,117095414,122
27993,117122378,117122207,171
27994,117139340,117129930,9410
27995,117139915,117139843,72
27996,117143748,117143613,135
27997,117150243,117143613,6630
27998,117156685,117143613,13072
27999,117156685,117139729,16956
28000,117143726,117139309,4417
28001,117150243,117143613,6630
28002,117160752,117143613,17139
28003,117187839,117187417,422
28004,117265495,117188507,76988
28005,117267736,117267081,655
28006,117267736,117267081,655
28007,117267736,117267081,655
28008,117361152,117360023,1129
28009,117408703,117405593,3110
28010,117408703,117405593,3110
28011,117408703,117405593,3110
28012,117444369,117434003,10366
28013,117554810,117554810,0
28014,117568408,117568292,116
28015,117692875,117692583,292
28016,117692875,117692583,292
28017,117875036,117853297,21739
28018,117880536,117853297,27239
28019,117853433,117853297,136
28020,118164923,118164404,519
28021,119164600,119158895,5705
28022,119097353,119097351,2
28023,119164600,119158895,5705
28024,119449494,119449084,410
28025,119449542,119414034,35508
28026,119449542,119414034,35508
28027,119449542,119414034,35508
28028,119449542,119414034,35508
28029,119977021,119903719,73302
28030,119977021,119903719,73302
28031,120177317,120177216,101
28032,119449542,119414034,35508
28033,119463579,119461983,1596
28034,119463579,119461983,1596
28035,119461983,119461983,0
28036,120479769,120476926,2843
28037,120479769,120476926,2843
28038,120479769,120476926,2843
28039,122131739,122075633,56106
28040,122131739,122075633,56106
28041,123210404,123210347,57
28042,123234156,123230194,3962
28043,123342448,123220897,121551
28044,123342448,123342256,192
28045,123342448,123220897,121551
28046,123342448,123220897,121551
28047,123342448,123342256,192
28048,123342448,123342256,192
28049,123298804,123298708,96
28050,123476765,123476636,129
28051,123476765,123476612,153
28052,123476765,123476612,153
28053,123555669,123550149,5520
28054,123555669,123550536,5133
28055,123555669,123555240,429
28056,123555740,123550536,5204
28057,123555740,123550536,5204
28058,123605299,123605187,112
28059,123605299,123605187,112
28060,123631159,123629230,1929
28061,123639606,123637019,2587
28062,123639606,123637019,2587
28063,123676850,123675944,906
28064,123689173,123688353,820
28065,123691451,123688353,3098
28066,123812554,123812524,30
28067,123812554,123812524,30
28068,123812554,123812524,30
28069,123876002,123876001,1
28070,123939886,123939464,422
28071,123912934,123912839,95
28072,123903894,123903893,1
28073,123920158,123920156,2
28074,123922580,123922579,1
28075,123939886,123939464,422
28076,123939886,123939464,422
28077,123964365,123955690,8675
28078,124095120,124094881,239
28079,124095120,124094881,239
28080,124095120,124094881,239
28081,124095120,124094881,239
28082,124095120,124094881,239
28083,124095120,124094881,239
28084,124095120,124094881,239
28085,124095120,124094881,239
28086,124095120,124094881,239
28087,124095120,124094881,239
28088,124095120,124094881,239
28089,124095120,124094881,239
28090,124094168,124093812,356
28091,124132582,124118342,14240
28092,124132582,124132465,117
28093,124132582,124132465,117
28094,124132582,124132465,117
28095,124132582,124132465,117
28096,124262306,124241469,20837
28097,124262306,124230200,32106
28098,124547809,124545824,1985
28099,124544932,124544777,155
28100,124547809,124545824,1985
28101,124855885,124855697,188
28102,124801647,124752043,49604
28103,124855885,124855697,188
28104,124855885,124855697,188
28105,124922098,124921956,142
28106,124937972,124936995,977
28107,124962367,124962210,157
28108,124962367,124936870,25497
28109,124984019,124979380,4639
28110,124989865,124989756,109
28111,124990707,124990636,71
28112,124991091,124991019,72
28113,124991091,124991019,72
28114,125027143,125023771,3372
28115,125048225,125047584,641
28116,125085742,125084896,846
28117,125085742,125084896,846
28118,125085742,125084873,869
28119,125157982,125154823,3159
28120,125157982,125154823,3159
28121,125157982,125154823,3159
28122,125157982,125154823,3159
28123,125157982,125154823,3159
28124,125157982,125154823,3159
28125,125157982,125154823,3159
28126,125157982,125154823,3159
28127,125276376,125274022,2354
28128,125240205,125240205,0
28129,125274022,125274022,0
28130,125282361,125282361,0
28131,125289572,125289572,0
28132,125316441,125316441,0
28133,125330756,125330756,0
28134,125377961,125377961,0
28135,125391814,125391814,0
28136,125424927,125424927,0
28137,125438383,125438383,0
28138,125487204,125487204,0
28139,125513062,125513062,0
28140,125552174,125552174,0
28141,125563352,125563352,0
28142,125590935,125589066,1869
28143,125667562,125659788,7774
28144,125660389,125659788,601
28145,125667562,125659788,7774
28146,125643080,125643043,37
28147,125667562,125659788,7774
28148,125659855,125659788,67
28149,125675607,125674351,1256
28150,125674351,125674351,0
28151,125693544,125682213,11331
28152,125693779,125682213,11566
28153,125682213,125682213,0
28154,125867147,125865492,1655
28155,125753048,125751783,1265
28156,125797944,125797895,49
28157,125867147,125865492,1655
28158,125877756,125877735,21
28159,126030855,125923336,107519
28160,126030855,125941467,89388
28161,126030855,125946413,84442
28162,126030855,125946413,84442
28163,126136378,126136341,37
28164,126141032,126139341,1691
28165,126202803,126146032,56771
28166,126414402,126414360,42
28167,126560794,126414360,146434
28168,126692417,126692184,233
28169,126692417,126692203,214
28170,126692417,126692184,233
28171,126692417,126641271,51146
28172,126692417,126641271,51146
28173,126771627,126770364,1263
28174,126795442,126794986,456
28175,126795442,126794986,456
28176,127114719,127113226,1493
28177,127114719,127113226,1493
28178,127114719,127113226,1493
28179,127114719,127113226,1493
28180,127114719,127113226,1493
28181,127114719,127113226,1493
28182,127114719,127113226,1493
28183,127177752,127177704,48
28184,127177752,127177704,48
28185,127239379,127239379,0
28186,127240868,127238970,1898
28187,127254130,127253672,458
28188,127265689,127265674,15
28189,127269699,127265674,4025
28190,127533576,127533398,178
28191,127533576,127533398,178
28192,127533576,127533398,178
28193,127566621,127566620,1
28194,127577159,127572691,4468
28195,127577159,127572691,4468
28196,127620170,127619909,261
28197,127620170,127619909,261
28198,127620170,127619909,261
28199,127620170,127619909,261
28200,127624240,127624191,49
28201,127639696,127639219,477
28202,127703386,127700990,2396
28203,127701145,127700990,155
28204,127905838,127905716,122
28205,127905838,127905716,122
28206,127807307,127807279,28
28207,127952218,127951997,221
28208,127952218,127951997,221
28209,127952218,127951997,221
28210,127952218,127916202,36016
28211,127984665,127982847,1818
28212,127996438,127996259,179
28213,127996438,127996259,179
28214,127996438,127996259,179
28215,128003666,128003405,261
28216,128071579,128070212,1367
28217,128104578,128104577,1
28218,128127290,128125025,2265
28219,128127290,128125025,2265
28220,128127290,128125025,2265
28221,128127290,128125025,2265
28222,128127290,128125025,2265
28223,128104578,128104577,1
28224,128127290,128125025,2265
28225,128357925,128347913,10012
28226,128412740,128347928,64812
28227,128420078,128347913,72165
28228,128469513,128434853,34660
28229,128469513,128347928,121585
28230,128469513,128347928,121585
28231,128469513,128434853,34660
28232,128469513,128434853,34660
28233,128412740,128347913,64827
28234,128469513,128434853,34660
28235,128420078,128414509,5569
28236,128729655,128728202,1453
28237,128729655,128728202,1453
28238,128729655,128725337,4318
28239,128729655,128728202,1453
28240,128729655,128725337,4318
28241,128729655,128728202,1453
28242,129159912,129157980,1932
28243,129269320,129265542,3778
28244,129269320,129265542,3778
28245,129159912,129157980,1932
28246,129269320,129265542,3778
28247,129463311,129458730,4581
28248,129463311,129458730,4581
28249,129463311,129458730,4581
28250,129600487,129596192,4295
28251,129600487,129596192,4295
28252,129596192,129596192,0
28253,129648156,129643193,4963
28254,129643193,129643193,0
28255,129940810,129940183,627
28256,129946603,129946390,213
28257,129979724,129979280,444
28258,129985445,129981048,4397
28259,129979724,129979280,444
28260,129885044,129871010,14034
28261,129885044,129856116,28928
28262,130155828,130155533,295
28263,130155828,130155533,295
28264,130107617,130106657,960
28265,130155828,130155533,295
28266,130170170,130169528,642
28267,130170170,130169476,694
28268,130170170,130169528,642
28269,130170170,130169528,642
28270,130207651,130207476,175
28271,130207651,130207476,175
28272,130207651,130207476,175
28273,130213711,130213596,115
28274,130213711,130213596,115
28275,130265780,130265178,602
28276,130265780,130265178,602
28277,130265780,130265178,602
28278,130265780,130265178,602
28279,130265780,130265178,602
28280,130265780,130265178,602
28281,130331355,130331153,202
28282,130341268,130341216,52
28283,130331355,130331153,202
28284,130454995,130446756,8239
28285,130454995,130453136,1859
28286,130477924,130477918,6
28287,130476303,130476184,119
28288,130479238,130477918,1320
28289,130479238,130477957,1281
28290,130487152,130477918,9234
28291,130493879,130493684,195
28292,130493879,130493684,195
28293,130493879,130492992,887
28294,130493879,130493684,195
28295,130497628,130497549,79
28296,130497628,130497549,79
28297,130497628,130497549,79
28298,130497628,130495770,1858
28299,130497628,130495770,1858
28300,130497628,130497549,79
28301,130497628,130497549,79
28302,130517561,130517438,123
28303,130517583,130517438,145
28304,130524697,130511566,13131
28305,130524719,130511566,13153
28306,130533648,130529490,4158
28307,130533648,130533508,140
28308,130541048,130540906,142
28309,130540974,130536615,4359
28310,130553052,130551822,1230
28311,130576556,130575883,673
28312,130576556,130575883,673
28313,130576556,130575883,673
28314,130576556,130575883,673
28315,130579336,130578436,900
28316,130609446,130588116,21330
28317,130617052,130616634,418
28318,130617052,130616634,418
28319,130640022,130636896,3126
28320,130659687,130658535,1152
28321,130659687,130656894,2793
28322,130661871,130660260,1611
28323,130661871,130660260,1611
28324,130661871,130658535,3336
28325,130667627,130658535,9092
28326,130679305,130678698,607
28327,130679305,130674905,4400
28328,130689770,130689472,298
28329,130693076,130693031,45
28330,130700763,130700099,664
28331,130712993,130710681,2312
28332,130742812,130742416,396
28333,130710504,130707746,2758
28334,130829599,130829380,219
28335,130871537,130869723,1814
28336,130871537,130869723,1814
28337,130871537,130869723,1814
28338,130871537,130869723,1814
28339,130871537,130869723,1814
28340,130890467,130886093,4374
28341,130890741,130886093,4648
28342,130890741,130889996,745
28343,130892913,130891481,1432
28344,130915022,130914583,439
28345,130915734,130915398,336
28346,130926207,130925894,313
28347,130953141,130953136,5
28348,130953141,130953136,5
28349,130953868,130953136,732
28350,130953868,130953136,732
28351,130953868,130953136,732
28352,130953868,130950196,3672
28353,130954383,130954218,165
28354,130966662,130953136,13526
28355,130966662,130953136,13526
28356,130953868,130953136,732
28357,131002058,131002058,0
28358,131015416,131015401,15
28359,131017527,131004542,12985
28360,131017527,131004542,12985
28361,131017527,131016993,534
28362,131013523,131013223,300
28363,131017527,131015401,2126
28364,131038268,131038255,13
28365,131038268,131038219,49
28366,131023081,131022839,242
28367,131036251,131030713,5538
28368,131030803,131030713,90
28369,131048813,131048320,493
28370,131051268,131050995,273
28371,131084697,131084687,10
28372,131088758,131088214,544
28373,131096351,131095924,427
28374,131096351,131095924,427
28375,131123749,131122770,979
28376,131123749,131122770,979
28377,131154295,131152013,2282
28378,131154295,131151792,2503
28379,131154295,131150180,4115
28380,131198184,131198184,0
28381,131199630,131198184,1446
28382,131199630,131198184,1446
28383,131196892,131196890,2
28384,131257119,131257010,109
28385,131247312,131247204,108
28386,131257119,131257010,109
28387,131257119,131257010,109
28388,131257119,131257010,109
28389,131263571,131262534,1037
28390,131263571,131262534,1037
28391,131263571,131262534,1037
28392,131263571,131262534,1037
28393,131247753,131247751,2
28394,131257119,131257010,109
28395,131263571,131262534,1037
28396,131257119,131257010,109
28397,131263571,131262534,1037
28398,131302156,131301993,163
28399,131304580,131303449,1131
28400,131304580,131303449,1131
28401,131361966,131361313,653
28402,131367457,131367457,0
28403,131395944,131395613,331
28404,131395944,131395613,331
28405,131395944,131395613,331
28406,131390304,131389875,429
28407,131391322,131390483,839
28408,131395944,131395613,331
28409,131419129,131419005,124
28410,131403218,131403053,165
28411,131458675,131456943,1732
28412,131458675,131456943,1732
28413,131458675,131456943,1732
28414,131458675,131456943,1732
28415,131483199,131482885,314
28416,131483199,131482761,438
28417,131486408,131486372,36
28418,131486408,131486372,36
28419,131534213,131517844,16369
28420,131572711,131570158,2553
28421,131572711,131570158,2553
28422,131572711,131570158,2553
28423,131584955,131584889,66
28424,131592100,131592059,41
28425,131644354,131607684,36670
28426,131644354,131607684,36670
28427,131644354,131607684,36670
28428,131644354,131609807,34547
28429,131680317,131678650,1667
28430,131680317,131678650,1667
28431,131680317,131678650,1667
28432,131704320,131703992,328
28433,131704320,131704032,288
28434,131704320,131703992,328
28435,131710012,131709582,430
28436,131769375,131768957,418
28437,131766259,131765895,364
28438,131790579,131790433,146
28439,131790579,131790433,146
28440,131831254,131830812,442
28441,131834351,131832732,1619
28442,131834351,131832732,1619
28443,131852717,131851286,1431
28444,131852717,131851286,1431
28445,131873070,131870320,2750
28446,131873070,131872788,282
28447,131871556,131871071,485
28448,131911225,131909743,1482
28449,131905584,131905085,499
28450,131911225,131909743,1482
28451,131911225,131909743,1482
28452,131911225,131909743,1482
28453,131911225,131909743,1482
28454,131911225,131909743,1482
28455,131905734,131905179,555
28456,131911225,131909743,1482
28457,131905734,131905179,555
28458,131940540,131940331,209
28459,132084882,132084791,91
28460,132383055,132382853,202
28461,132383055,132382853,202
28462,132397879,132397743,136
28463,132397879,132397594,285
28464,132397879,132396447,1432
28465,132403805,132402889,916
28466,132404448,132404278,170
28467,132404448,132404278,170
28468,132404448,132404278,170
28469,132404448,132404223,225
28470,132484951,132484631,320
28471,132515344,132515291,53
28472,132573560,132571862,1698
28473,132586441,132586364,77
28474,132586441,132586364,77
28475,132595796,132595766,30
28476,132597572,132597500,72
28477,132596826,132595829,997
28478,132644117,132642552,1565
28479,132644117,132642552,1565
28480,132644117,132642552,1565
28481,132681589,132681491,98
28482,132805473,132805254,219
28483,132805473,132805254,219
28484,132805473,132805254,219
28485,132805473,132805254,219
28486,132757237,132740851,16386
28487,132757237,132740851,16386
28488,132805473,132805254,219
28489,132892303,132891044,1259
28490,132902448,132897400,5048
28491,132902448,132897400,5048
28492,132902448,132897400,5048
28493,132899179,132897594,1585
28494,132999583,132988766,10817
28495,132999583,132988766,10817
28496,133294969,133294571,398
28497,133282639,133281641,998
28498,133309510,133309080,430
28499,133376661,133376408,253
28500,133376661,133376408,253
28501,133376661,133376408,253
28502,133499098,133499098,0
28503,133513739,133512409,1330
28504,133558384,133557056,1328
28505,133580452,133579161,1291
28506,133580452,133579161,1291
28507,133763062,133761070,1992
28508,133763062,133761070,1992
28509,133769225,133769225,0
28510,133814239,133813994,245
28511,133814455,133813994,461
28512,133814455,133813994,461
28513,133968446,133967174,1272
28514,133968446,133967174,1272
28515,133998539,133995709,2830
28516,133998539,133995636,2903
28517,133998539,133995709,2830
28518,133998539,133995709,2830
28519,134053797,134053795,2
28520,134109091,134108874,217
28521,134109091,134108874,217
28522,134071045,134070758,287
28523,134109091,134108874,217
28524,134074402,134074401,1
28525,134074402,134074401,1
28526,134109091,134108874,217
28527,134074402,134074401,1
28528,134145880,134145810,70
28529,134151906,134151566,340
28530,134184649,134183674,975
28531,134322593,134322591,2
28532,134375575,134371261,4314
28533,134351922,134351920,2
28534,134375575,134371169,4406
28535,134375575,134371261,4314
28536,134375575,134371261,4314
28537,134385802,134385143,659
28538,134399193,134398493,700
28539,134399193,134398493,700
28540,134399193,134398493,700
28541,134399193,134398493,700
28542,134399193,134398493,700
28543,134399193,134398493,700
28544,134399193,134398493,700
28545,134399193,134398493,700
28546,134406662,134406561,101
28547,134406662,134406561,101
28548,134406662,134406561,101
28549,134406662,134406561,101
28550,134585229,134585070,159
28551,134612925,134612801,124
28552,134615217,134615181,36
28553,134615217,134615181,36
28554,134497385,134497374,11
28555,134497385,134497374,11
28556,134497385,134497374,11
28557,134497385,134497374,11
28558,134497385,134497374,11
28559,134497385,134497374,11
28560,134955274,134955231,43
28561,134955274,134955231,43
28562,134955274,134955231,43
28563,134955274,134955231,43
28564,134955274,134955231,43
28565,135118220,135117498,722
28566,135205886,135205841,45
28567,135205886,135205841,45
28568,135230372,135224815,5557
28569,135282238,135278208,4030
28570,135282238,135275467,6771
28571,135448675,135447897,778
28572,135448675,135447897,778
28573,135465640,135464909,731
28574,135545788,135545636,152
28575,135545788,135545636,152
28576,135545788,135545636,152
28577,135545788,135545636,152
28578,135565470,135564332,1138
28579,135754198,135753642,556
28580,135754198,135702733,51465
28581,135754198,135702385,51813
28582,135753674,135753642,32
28583,135765421,135763998,1423
28584,135765418,135765355,63
28585,135765421,135763998,1423
28586,135820020,135804259,15761
28587,135820020,135804259,15761
28588,135820020,135804259,15761
28589,135820020,135798879,21141
28590,135820020,135798879,21141
28591,135820020,135804259,15761
28592,135820020,135804259,15761
28593,135867084,135866437,647
28594,135867084,135866437,647
28595,135931148,135930777,371
28596,135933890,135933367,523
28597,135933890,135933367,523
28598,135947250,135947151,99
28599,135962478,135961813,665
28600,135977304,135976924,380
28601,135996637,135996541,96
28602,135996637,135996541,96
28603,136004788,136004705,83
28604,136006544,136006470,74
28605,136024607,136024367,240
28606,136039301,136037799,1502
28607,135984253,135984144,109
28608,135984253,135984144,109
28609,136039301,136037799,1502
28610,136039301,136037799,1502
28611,136039301,136037799,1502
28612,136039301,136029599,9702
28613,136039301,136037799,1502
28614,136084628,136084586,42
28615,136084628,136084516,112
28616,136150630,136150605,25
28617,136150630,136131694,18936
28618,136150630,136131694,18936
28619,136150630,136131694,18936
28620,136203047,136202969,78
28621,136214972,136213517,1455
28622,136214972,136213517,1455
28623,136218280,136218221,59
28624,136223361,136223329,32
28625,136228040,136228015,25
28626,136239529,136237772,1757
28627,136242433,136237797,4636
28628,136242970,136242840,130
28629,136242970,136234240,8730
28630,136242970,136234240,8730
28631,136242970,136242840,130
28632,136271220,136270545,675
28633,136283130,136279945,3185
28634,136283164,136282964,200
28635,136283164,136279945,3219
28636,136283164,136277581,5583
28637,136324508,136324178,330
28638,136295301,136295030,271
28639,136310940,136310939,1
28640,136324404,136324302,102
28641,136324404,136324302,102
28642,136324508,136324302,206
28643,136324508,136324302,206
28644,136324508,136324302,206
28645,136324508,136324302,206
28646,136323677,136322170,1507
28647,136324508,136324302,206
28648,136335909,136333833,2076
28649,136335909,136333775,2134
28650,136335909,136333833,2076
28651,136335909,136333775,2134
28652,136344276,136344181,95
28653,136344276,136344181,95
28654,136344276,136344181,95
28655,136344276,136344181,95
28656,136390068,136389966,102
28657,136440641,136439986,655
28658,136440641,136439986,655
28659,136440641,136439986,655
28660,136445368,136445345,23
28661,136524466,136523569,897
28662,136522530,136522380,150
28663,136568823,136561435,7388
28664,136603479,136599295,4184
28665,136605077,136599295,5782
28666,136605077,136597550,7527
28667,136605077,136599295,5782
28668,136857446,136857400,46
28669,136857446,136857400,46
28670,136655349,136653514,1835
28671,136933141,136918599,14542
28672,136933655,136918599,15056
28673,137025094,137023115,1979
28674,137025094,137023115,1979
28675,137298240,137293829,4411
28676,137332431,137328460,3971
28677,137332431,137328460,3971
28678,137319016,137314289,4727
28679,137736688,137734149,2539
28680,137736688,137734149,2539
28681,137779366,137779261,105
28682,137779366,137779261,105
28683,137809806,137809717,89
28684,137969237,137969065,172
28685,137989952,137989632,320
28686,138013030,138012024,1006
28687,138013030,138012024,1006
28688,138013030,138012024,1006
28689,138238404,138236253,2151
28690,138372564,138363639,8925
28691,138380739,138379986,753
28692,138379986,138379986,0
28693,138391761,138391697,64
28694,138391761,138391697,64
28695,138396519,138395979,540
28696,138396519,138395979,540
28697,138396519,138395979,540
28698,138396519,138395979,540
28699,138396519,138395979,540
28700,138418386,138418363,23
28701,138418386,138417003,1383
28702,138418386,138417003,1383
28703,138418386,138418363,23
28704,138441815,138441176,639
28705,138441815,138441790,25
28706,138441815,138441176,639
28707,138455184,138454786,398
28708,138456986,138456159,827
28709,138457647,138457647,0
28710,138458622,138457647,975
28711,138458622,138457647,975
28712,138458622,138457647,975
28713,138458622,138457647,975
28714,138458622,138457647,975
28715,138531386,138531033,353
28716,138557754,138557753,1
28717,138557949,138557949,0
28718,138591374,138591313,61
28719,138591374,138591313,61
28720,138684993,138684007,986
28721,138684993,138684007,986
28722,138684993,138684007,986
28723,138678245,138677353,892
28724,138774924,138774721,203
28725,138774924,138742281,32643
28726,138799005,138799005,0
28727,138853226,138853008,218
28728,138987131,138942367,44764
28729,138987131,138905783,81348
28730,139010277,139008746,1531
28731,139010731,139008746,1985
28732,139008746,139008746,0
28733,139085482,139085443,39
28734,139095004,139094885,119
28735,139095004,139091578,3426
28736,139096955,139096858,97
28737,139137687,139137649,38
28738,139221779,139221778,1
28739,139236288,139235617,671
28740,139254057,139252672,1385
28741,139254057,139252672,1385
28742,139254057,139252672,1385
28743,139254057,139252672,1385
28744,139258263,139258166,97
28745,139268133,139266530,1603
28746,139266546,139266530,16
28747,139268133,139266530,1603
28748,139268133,139265785,2348
28749,139268133,139266530,1603
28750,139292889,139292880,9
28751,139305054,139304849,205
28752,139305054,139304849,205
28753,139305054,139304849,205
28754,139311356,139310984,372
28755,139318213,139317716,497
28756,139318213,139317716,497
28757,139318213,139317716,497
28758,139315385,139313654,1731
28759,139318212,139316712,1500
28760,139334256,139333871,385
28761,139334256,139333871,385
28762,139342132,139342102,30
28763,139342361,139342102,259
28764,139343294,139343031,263
28765,139347962,139342102,5860
28766,139348779,139348729,50
28767,139352036,139352000,36
28768,139370948,139370948,0
28769,139372136,139372067,69
28770,139377507,139372067,5440
28771,139378211,139372067,6144
28772,139377507,139372067,5440
28773,139380519,139379512,1007
28774,139440238,139440238,0
28775,139408003,139407886,117
28776,139567130,139566738,392
28777,139567130,139566738,392
28778,139567130,139566738,392
28779,139567130,139566738,392
28780,139567130,139566738,392
28781,139567130,139566738,392
28782,139581911,139581809,102
28783,139581911,139581809,102
28784,139619170,139618226,944
28785,139619170,139618226,944
28786,139637414,139637355,59
28787,139637414,139637355,59
28788,139637414,139637355,59
28789,139634561,139634546,15
28790,139640474,139640341,133
28791,139642980,139642935,45
28792,139652731,139652382,349
28793,139652731,139652382,349
28794,139658965,139658940,25
28795,139686818,139686818,0
28796,139687769,139687284,485
28797,139702193,139702142,51
28798,139728792,139726891,1901
28799,139728928,139728411,517
28800,139735639,139734974,665
28801,139735639,139734974,665
28802,139735639,139734974,665
28803,139734664,139734664,0
28804,139741797,139741797,0
28805,139745490,139745241,249
28806,139745490,139745299,191
28807,139755251,139755055,196
28808,139755251,139755055,196
28809,139760738,139760710,28
28810,139760738,139760710,28
28811,139760738,139760710,28
28812,139821067,139820353,714
28813,139804446,139804446,0
28814,139821067,139820353,714
28815,139821067,139820353,714
28816,139821067,139820353,714
28817,139839206,139838535,671
28818,139839206,139836837,2369
28819,139839206,139836837,2369
28820,139841426,139841233,193
28821,139847830,139847484,346
28822,139849949,139849851,98
28823,139849949,139849225,724
28824,139876194,139875307,887
28825,139880210,139879463,747
28826,139888428,139888257,171
28827,139891024,139890995,29
28828,139922740,139917457,5283
28829,139922740,139922592,148
28830,139922740,139922592,148
28831,139922740,139917457,5283
28832,139923374,139923324,50
28833,139903320,139903248,72
28834,139917512,139916348,1164
28835,139918292,139917457,835
28836,139931234,139929506,1728
28837,139927292,139926443,849
28838,139938544,139937871,673
28839,139940676,139940441,235
28840,139944065,139943743,322
28841,139944717,139944396,321
28842,139948503,139948449,54
28843,139948503,139948449,54
28844,139965028,139964912,116
28845,139978990,139977181,1809
28846,139978990,139977181,1809
28847,139981269,139981160,109
28848,139996695,139996694,1
28849,140003635,140002414,1221
28850,140003639,140003043,596
28851,140003639,140003043,596
28852,140003639,140003043,596
28853,140009195,140009165,30
28854,140009168,140009165,3
28855,140059874,140058497,1377
28856,140059874,140058497,1377
28857,140063214,140062294,920
28858,140063214,140062294,920
28859,140063214,140061979,1235
28860,140063214,140062294,920
28861,140063214,140061979,1235
28862,140064491,140064395,96
28863,140082555,140082249,306
28864,140083057,140082984,73
28865,140083057,140082984,73
28866,140084822,140084366,456
28867,140095163,140095163,0
28868,140095163,140095163,0
28869,140100090,140099866,224
28870,140113813,140110868,2945
28871,140113813,140110868,2945
28872,140113813,140110868,2945
28873,140113813,140110764,3049
28874,140115775,140115664,111
28875,140120763,140120508,255
28876,140120508,140120508,0
28877,140124090,140123538,552
28878,140128684,140128662,22
28879,140131006,140130868,138
28880,140131006,140130868,138
28881,140131006,140130868,138
28882,140138158,140138008,150
28883,140138159,140138008,151
28884,140142222,140142167,55
28885,140147935,140147915,20
28886,140147935,140147697,238
28887,140147935,140147915,20
28888,140147935,140147697,238
28889,140168000,140167380,620
28890,140177093,140174413,2680
28891,140174413,140174413,0
28892,140196703,140196380,323
28893,140261084,140247148,13936
28894,140317714,140289809,27905
28895,140289856,140267988,21868
28896,140317714,140267988,49726
28897,140317714,140289809,27905
28898,140328858,140328812,46
28899,140328858,140328812,46
28900,140328858,140328812,46
28901,140335901,140332737,3164
28902,140335901,140332737,3164
28903,140335901,140332737,3164
28904,140349159,140349159,0
28905,140350938,140350870,68
28906,140353786,140353554,232
28907,140353786,140353554,232
28908,140353786,140353554,232
28909,140353786,140353554,232
28910,140353786,140353554,232
28911,140353786,140353554,232
28912,140382080,140379108,2972
28913,140382080,140379108,2972
28914,140417309,140416162,1147
28915,140444986,140444649,337
28916,140444986,140444649,337
28917,140447007,140446947,60
28918,140446947,140446947,0
28919,140459451,140459021,430
28920,140473387,140473229,158
28921,140473387,140459403,13984
28922,140459606,140459403,203
28923,140473387,140468730,4657
28924,140484937,140484715,222
28925,140509812,140509590,222
28926,140510657,140509544,1113
28927,140510657,140509544,1113
28928,140513308,140510651,2657
28929,140678845,140678602,243
28930,140686705,140686572,133
28931,140730578,140729405,1173
28932,140730578,140729405,1173
28933,141019076,141016451,2625
28934,141019076,141016332,2744
28935,141019076,141016451,2625
28936,141019076,141016332,2744
28937,140954189,140954189,0
28938,141019076,141016451,2625
28939,141006957,141006956,1
28940,141071885,141070755,1130
28941,141134172,141124256,9916
28942,220022,216002,4020
28943,230887,230886,1
28944,230887,230826,61
28945,302254,301653,601
28946,347690,347426,264
28947,347690,322166,25524
28948,607558,605371,2187
28949,620146,619564,582
28950,1331529,1331527,2
28951,1331529,1325338,6191
28952,1331643,1331527,116
28953,1656037,1331527,324510
28954,1424711,1424628,83
28955,1428828,1428372,456
28956,1428828,1424394,4434
28957,1428828,1428372,456
28958,1428828,1428372,456
28959,1428828,1428372,456
28960,1428828,1428482,346
28961,1428828,1428372,456
28962,1428828,1424394,4434
28963,1501582,1501358,224
28964,1501582,1501358,224
28965,1511039,1510902,137
28966,1571870,1571733,137
28967,1571870,1571733,137
28968,1571870,1561140,10730
28969,1572655,1561129,11526
28970,1656037,1585451,70586
28971,1585451,1585451,0
28972,1719196,1718514,682
28973,1721411,1720487,924
28974,1761974,1761907,67
28975,1761974,1761907,67
28976,1761974,1761907,67
28977,2419015,2418966,49
28978,2418580,2408760,9820
28979,2419015,2408760,10255
28980,2419015,2408760,10255
28981,2408760,2408760,0
28982,2659350,2651405,7945
28983,2659350,2658845,505
28984,2659350,2658845,505
28985,2734541,2732421,2120
28986,2734541,2732421,2120
28987,2800861,2799254,1607
28988,2800861,2799254,1607
28989,2800861,2799254,1607
28990,2800861,2799254,1607
28991,2800861,2799254,1607
28992,2800861,2799254,1607
28993,2800861,2799254,1607
28994,2847416,2847316,100
28995,2847416,2847316,100
28996,2882494,2878441,4053
28997,2882494,2877741,4753
28998,2886286,2878441,7845
28999,2951426,2951426,0
29000,3030770,3030597,173
29001,3030770,3030597,173
29002,3030770,3030597,173
29003,3264684,3261874,2810
29004,3631675,3631294,381
29005,3781615,3781606,9
29006,3820041,3820032,9
29007,6069812,6069507,305
29008,6145116,6069507,75609
29009,6145888,6069507,76381
29010,6145888,6069507,76381
29011,6146706,6069507,77199
29012,6146706,6069507,77199
29013,6453159,6452538,621
29014,6453159,6452538,621
29015,6452684,6452538,146
29016,7066231,7066154,77
29017,7066231,7066154,77
29018,7066231,7066154,77
29019,7066231,7066154,77
29020,7066231,7066154,77
29021,7272682,7268302,4380
29022,7812184,7812057,127
29023,7895475,7894160,1315
29024,7895780,7894160,1620
29025,7895780,7890058,5722
29026,8139308,8138684,624
29027,8434551,8434424,127
29028,8434346,8434346,0
29029,8700227,8700077,150
29030,8769378,8768212,1166
29031,8769424,8768212,1212
29032,9001116,9001027,89
29033,9001351,9001162,189
29034,9687780,9684286,3494
29035,9687780,9684286,3494
29036,9687780,9684286,3494
29037,9687780,9684286,3494
29038,9687780,9684286,3494
29039,9734005,9733857,148
29040,9917481,9914977,2504
29041,9917481,9914977,2504
29042,9917481,9914977,2504
29043,9917481,9914977,2504
29044,9936042,9936042,0
29045,10112518,10109541,2977
29046,10112518,10109541,2977
29047,10205699,10201624,4075
29048,10205699,10201624,4075
29049,10443201,10443147,54
29050,10443201,10443071,130
29051,10443201,10442783,418
29052,10474525,10469503,5022
29053,10533112,10450665,82447
29054,10544957,10535587,9370
29055,10588674,10535587,53087
29056,10588674,10535587,53087
29057,10645779,10535587,110192
29058,10851809,10535587,316222
29059,10851809,10535587,316222
29060,10443201,10443071,130
29061,10535643,10535587,56
29062,10535643,10535587,56
29063,10535643,10535587,56
29064,10474684,10469503,5181
29065,10475321,10469503,5818
29066,10475321,10469503,5818
29067,10475321,10450665,24656
29068,10533112,10450665,82447
29069,10533112,10469503,63609
29070,10535643,10535587,56
29071,10535643,10535587,56
29072,10535643,10535587,56
29073,10535643,10535587,56
29074,10535643,10535587,56
29075,10535643,10535587,56
29076,10535643,10535587,56
29077,10535643,10535587,56
29078,10535643,10535587,56
29079,10535643,10535587,56
29080,10535643,10535587,56
29081,10557983,10535587,22396
29082,11141204,11139930,1274
29083,11141204,11139930,1274
29084,11141204,11139930,1274
29085,11284095,11272806,11289
29086,11445893,11445715,178
29087,11683821,11682948,873
29088,11308598,11308556,42
29089,11683821,11682948,873
29090,11369656,11272806,96850
29091,11318881,11318732,149
29092,11318881,11318732,149
29093,11318881,11318732,149
29094,11786096,11783928,2168
29095,11793872,11793198,674
29096,11793872,11793198,674
29097,11793872,11793198,674
29098,11793872,11793198,674
29099,11782370,11782061,309
29100,12742642,12738652,3990
29101,12742642,12738652,3990
29102,12842346,12840915,1431
29103,12842346,12840915,1431
29104,12842346,12840915,1431
29105,12908480,12906777,1703
29106,12941288,12940285,1003
29107,12941288,12940285,1003
29108,12995346,12994930,416
29109,13062917,13061908,1009
29110,13062917,13061908,1009
29111,13338518,13338053,465
29112,13651694,13651214,480
29113,13651694,13651214,480
29114,13637362,13637361,1
29115,13682247,13681683,564
29116,13682247,13681683,564
29117,13682247,13681683,564
29118,13682247,13681683,564
29119,13727944,13727471,473
29120,13727944,13727471,473
29121,13727471,13727471,0
29122,13752754,13752251,503
29123,13752754,13738082,14672
29124,13752754,13738082,14672
29125,13752754,13752251,503
29126,13787480,13787227,253
29127,13787480,13787227,253
29128,13787480,13787227,253
29129,13787480,13787227,253
29130,13787480,13787227,253
29131,13787480,13787227,253
29132,13787480,13787227,253
29133,13772072,13771607,465
29134,13835314,13835023,291
29135,13835314,13825871,9443
29136,13956831,13956629,202
29137,13835314,13835023,291
29138,13835314,13835023,291
29139,13956534,13801630,154904
29140,13956831,13956629,202
29141,14048035,14039597,8438
29142,14048035,14039597,8438
29143,14048035,14039597,8438
29144,14749933,14748607,1326
29145,14749933,14748607,1326
29146,14749933,14748607,1326
29147,14749933,14748607,1326
29148,14749933,14748607,1326
29149,14891184,14883632,7552
29150,14891184,14883632,7552
29151,14939459,14937931,1528
29152,14939459,14937931,1528
29153,15288293,15287996,297
29154,15288293,15287996,297
29155,15288293,15287996,297
29156,15288589,15287996,593
29157,15288131,15287996,135
29158,15332681,15332608,73
29159,15333746,15333727,19
29160,15333746,15333727,19
29161,15343274,15343177,97
29162,15350114,15350052,62
29163,15353676,15350052,3624
29164,15353676,15343177,10499
29165,15353676,15343177,10499
29166,15353676,15353635,41
29167,15402535,15402068,467
29168,15511711,15509380,2331
29169,15511711,15509380,2331
29170,15574652,15574270,382
29171,15574652,15574270,382
29172,15574652,15574270,382
29173,15619202,15619034,168
29174,15620192,15619034,1158
29175,15683154,15682898,256
29176,15721474,15721315,159
29177,15805748,15800787,4961
29178,15841382,15841365,17
29179,15870647,15870647,0
29180,15873137,15870647,2490
29181,15873137,15870647,2490
29182,15873137,15872936,201
29183,15873137,15872936,201
29184,15873137,15872936,201
29185,16171641,16170768,873
29186,16189516,16189516,0
29187,16730340,16721025,9315
29188,16730775,16721025,9750
29189,16731059,16721025,10034
29190,16672791,16672632,159
29191,16780807,16778482,2325
29192,16780807,16778482,2325
29193,16862642,16859889,2753
29194,16862642,16859889,2753
29195,16887978,16887764,214
29196,16888534,16888176,358
29197,16876972,16876886,86
29198,17171403,17165604,5799
29199,17171403,17165604,5799
29200,17171403,17165604,5799
29201,17754113,17750584,3529
29202,17754113,17750584,3529
29203,17754113,17750584,3529
29204,17754113,17750584,3529
29205,17754113,17750584,3529
29206,17773105,17771512,1593
29207,17773105,17771512,1593
29208,17773105,17771512,1593
29209,17773105,17771512,1593
29210,17878947,17820130,58817
29211,17878947,17820130,58817
29212,17879457,17820130,59327
29213,17879457,17820130,59327
29214,17879457,17820130,59327
29215,17879457,17820130,59327
29216,17820130,17820130,0
29217,18239024,18238870,154
29218,18239024,18238870,154
29219,18372844,18352191,20653
29220,18306985,18283860,23125
29221,18372844,18352191,20653
29222,18372844,18342177,30667
29223,18671749,18671664,85
29224,18671749,18671664,85
29225,18646877,18646877,0
29226,18690223,18690188,35
29227,18846034,18845605,429
29228,18846034,18845605,429
29229,18846034,18845605,429
29230,18846034,18845605,429
29231,18846034,18845605,429
29232,18846034,18845605,429
29233,19002480,19002050,430
29234,18923977,18923933,44
29235,18972530,18972434,96
29236,19100864,19086952,13912
29237,19100864,19086952,13912
29238,19140755,19086952,53803
29239,19140755,19086952,53803
29240,19140755,19086952,53803
29241,19140755,19086952,53803
29242,19140755,19086952,53803
29243,19140755,19086952,53803
29244,19140755,19086952,53803
29245,19140755,19086952,53803
29246,19140755,19086952,53803
29247,19379825,19377771,2054
29248,19379825,19377771,2054
29249,19379825,19377771,2054
29250,19379825,19377771,2054
29251,19379825,19377771,2054
29252,19391296,19389558,1738
29253,19478271,19431477,46794
29254,19500394,19431499,68895
29255,19533379,19533379,0
29256,19587605,19560269,27336
29257,19688480,19663536,24944
29258,19689119,19688991,128
29259,19817917,19817802,115
29260,19905744,19905428,316
29261,19983824,19973653,10171
29262,19984767,19984658,109
29263,19988382,19988382,0
29264,20074909,20074894,15
29265,20134756,20082921,51835
29266,20135114,20134997,117
29267,20135114,20134997,117
29268,20135114,20134997,117
29269,20074909,20074894,15
29270,20074909,20074894,15
29271,20082923,20082921,2
29272,20159966,20159758,208
29273,20236979,20236956,23
29274,20284750,20284750,0
29275,20284750,20284714,36
29276,20285523,20252917,32606
29277,20285523,20252917,32606
29278,21660980,21659655,1325
29279,21660980,21659655,1325
29280,21672813,21670639,2174
29281,21672813,21670639,2174
29282,21660980,21659655,1325
29283,21676448,21675906,542
29284,21776278,21772408,3870
29285,21888948,21887819,1129
29286,21903541,21900773,2768
29287,21903541,21900773,2768
29288,21876845,21875721,1124
29289,21996232,21996232,0
29290,22012955,22012469,486
29291,22012955,22012469,486
29292,22266478,22266070,408
29293,22266478,22265985,493
29294,22266478,22266070,408
29295,22292576,22292386,190
29296,23020206,23020070,136
29297,23399551,23398442,1109
29298,23414918,23412302,2616
29299,23704514,23704452,62
29300,23725124,23724809,315
29301,23761407,23761261,146
29302,23761407,23761261,146
29303,23761407,23749087,12320
29304,23761407,23761261,146
29305,23802599,23802161,438
29306,23804327,23803973,354
29307,23802599,23802161,438
29308,23926057,23925819,238
29309,23855459,23855437,22
29310,23957624,23957420,204
29311,23957624,23957420,204
29312,24045303,24024810,20493
29313,24096927,24094902,2025
29314,24234372,24229493,4879
29315,24234372,24229493,4879
29316,24234372,24228315,6057
29317,24234372,24229493,4879
29318,24234372,24229493,4879
29319,24234372,24229493,4879
29320,24227157,24227156,1
29321,24234372,24229493,4879
29322,24331432,24331432,0
29323,24383541,24383541,0
29324,24552542,24552189,353
29325,24568583,24557281,11302
29326,24665455,24665222,233
29327,24665455,24665222,233
29328,24690979,24690749,230
29329,24746746,24746059,687
29330,25015102,25014067,1035
29331,25034065,25033854,211
29332,26158853,26158134,719
29333,26158134,26158134,0
29334,26213763,26213187,576
29335,26213187,26213187,0
29336,26236387,26236246,141
29337,27481458,27481413,45
29338,27651912,27650726,1186
29339,27766938,27766908,30
29340,27841131,27840467,664
29341,27840467,27840467,0
29342,27999566,27999451,115
29343,29974017,29973937,80
29344,30238206,30237657,549
29345,30237657,30237657,0
29346,30255610,30255082,528
29347,30255082,30255082,0
29348,30262308,30261293,1015
29349,30270155,30269654,501
29350,30270155,30269654,501
29351,30270155,30269654,501
29352,30269654,30269654,0
29353,30327495,30327480,15
29354,30596033,30578472,17561
29355,30578472,30578472,0
29356,30749577,30746859,2718
29357,30749577,30746859,2718
29358,30749577,30746859,2718
29359,30749577,30746859,2718
29360,30749577,30746859,2718
29361,30749577,30746859,2718
29362,30749577,30746859,2718
29363,30907511,30877705,29806
29364,30993201,30877705,115496
29365,30993201,30877705,115496
29366,31090170,31090070,100
29367,31285024,31284946,78
29368,31285024,31284946,78
29369,31285024,31284946,78
29370,31285024,31284946,78
29371,31285024,31284946,78
29372,31526415,31526354,61
29373,32173586,31792238,381348
29374,32173586,31792238,381348
29375,32173586,31792238,381348
29376,32173586,31792238,381348
29377,32173586,31792238,381348
29378,32430371,32430174,197
29379,32430371,32430326,45
29380,33146544,32834745,311799
29381,33146545,33146282,263
29382,33229673,33229429,244
29383,33357726,33357382,344
29384,31285024,31284946,78
29385,31854936,31792238,62698
29386,33229673,33038272,191401
29387,33357726,33357382,344
29388,32834757,32834745,12
29389,33229673,33229429,244
29390,34150447,34150395,52
29391,34675405,34675146,259
29392,34963034,34962886,148
29393,35821852,35821288,564
29394,35821288,35821288,0
29395,36008269,36007653,616
29396,36163187,36162926,261
29397,36403434,36403121,313
29398,37029739,37029591,148
29399,37061867,37061761,106
29400,37301477,37300121,1356
29401,37316548,37312874,3674
29402,37316548,37312874,3674
29403,37316548,37312874,3674
29404,37316548,37312874,3674
29405,37536750,37527684,9066
29406,37536750,37535066,1684
29407,37591383,37587715,3668
29408,37672714,37670170,2544
29409,37672714,37670170,2544
29410,37672714,37670170,2544
29411,37706889,37706763,126
29412,37850570,37850446,124
29413,37988073,37985983,2090
29414,37988073,37985983,2090
29415,37988073,37985983,2090
29416,38080177,38080045,132
29417,38080177,38080045,132
29418,38080177,38080045,132
29419,38080177,38080045,132
29420,38186788,38186620,168
29421,38186788,38186620,168
29422,38280703,38280335,368
29423,38548172,38546921,1251
29424,38548172,38546921,1251
29425,38548172,38546921,1251
29426,38665783,38664751,1032
29427,38665783,38664751,1032
29428,38665783,38664751,1032
29429,38664751,38664751,0
29430,39922324,39922295,29
29431,39956719,39937182,19537
29432,39956719,39937182,19537
29433,40036582,39937182,99400
29434,40036582,39937182,99400
29435,39956719,39937182,19537
29436,40465888,40465007,881
29437,40465888,40465007,881
29438,40465888,40465007,881
29439,40465888,40465007,881
29440,40465887,40465007,880
29441,40483388,40483228,160
29442,40506819,40506772,47
29443,40506806,40498374,8432
29444,40506819,40506772,47
29445,40594804,40594664,140
29446,40523741,40523712,29
29447,40595136,40573962,21174
29448,40597946,40597510,436
29449,40692449,40692063,386
29450,41095832,41091777,4055
29451,41095832,41091777,4055
29452,41203785,41203785,0
29453,41209524,41206972,2552
29454,41209524,41206972,2552
29455,41209524,41206972,2552
29456,41209524,41206972,2552
29457,41209524,41206972,2552
29458,41334905,41334152,753
29459,41334905,41334152,753
29460,41449204,41446162,3042
29461,41530783,41524682,6101
29462,41782287,41782241,46
29463,41782287,41782241,46
29464,41782287,41782241,46
29465,41556530,41556032,498
29466,41556530,41556032,498
29467,41556530,41556032,498
29468,41556530,41556032,498
29469,41556032,41556032,0
29470,41589388,41587290,2098
29471,41587290,41587290,0
29472,42637486,42637330,156
29473,43606071,43603760,2311
29474,43606071,43603760,2311
29475,43709736,43703008,6728
29476,43741721,43741545,176
29477,43741721,43703008,38713
29478,43741721,43741545,176
29479,43832921,43817891,15030
29480,44109691,44101380,8311
29481,44202923,44202834,89
29482,44402221,44402078,143
29483,44704134,44703951,183
29484,44937750,44937749,1
29485,44938596,44938596,0
29486,44971845,44970656,1189
29487,44971845,44970656,1189
29488,44971845,44970656,1189
29489,44971845,44970656,1189
29490,44971845,44970656,1189
29491,44971845,44970656,1189
29492,44971845,44970656,1189
29493,45060146,45060071,75
29494,45060146,45060071,75
29495,46334074,46330620,3454
29496,46334074,46330620,3454
29497,46334074,46332447,1627
29498,46334074,46332447,1627
29499,46321944,46320261,1683
29500,46404892,46401522,3370
29501,46404892,46401522,3370
29502,46404892,46401522,3370
29503,46404892,46401522,3370
29504,46457838,46434827,23011
29505,46434827,46434827,0
29506,46618607,46618464,143
29507,46618607,46618464,143
29508,46741791,46739204,2587
29509,46920641,46918479,2162
29510,46920641,46918479,2162
29511,46952712,46952346,366
29512,46952712,46952346,366
29513,46952712,46952346,366
29514,46952712,46952346,366
29515,47004609,47004078,531
29516,47004609,47004078,531
29517,47038562,47035945,2617
29518,47046214,47045998,216
29519,47046214,47045998,216
29520,47046214,47045998,216
29521,47046214,47045998,216
29522,47046214,47045998,216
29523,47074527,47074328,199
29524,47074527,47074328,199
29525,47074527,47074328,199
29526,47089394,47088167,1227
29527,47086102,47085642,460
29528,47089394,47088167,1227
29529,47089394,47088167,1227
29530,47089394,47088167,1227
29531,47107727,47107329,398
29532,47107727,47107329,398
29533,47273098,47272993,105
29534,47326947,47326880,67
29535,47326947,47326880,67
29536,47326947,47315356,11591
29537,47327159,47326870,289
29538,47327159,47326870,289
29539,47342345,47326880,15465
29540,47342345,47326880,15465
29541,47342610,47315356,27254
29542,47327159,47326870,289
29543,47327159,47326880,279
29544,47426179,47424753,1426
29545,47428432,47428431,1
29546,47431320,47430856,464
29547,47431320,47430856,464
29548,47479256,47479127,129
29549,47479256,47479127,129
29550,47445482,47445417,65
29551,47445788,47445417,371
29552,47446190,47446090,100
29553,47489369,47489243,126
29554,47489704,47489243,461
29555,47489308,47487711,1597
29556,47489369,47489243,126
29557,47510003,47500840,9163
29558,47510003,47500840,9163
29559,47510003,47500840,9163
29560,47510003,47498617,11386
29561,47518579,47518326,253
29562,47518579,47518362,217
29563,47519510,47519320,190
29564,47519776,47518837,939
29565,47696192,47696182,10
29566,47781655,47776031,5624
29567,47781655,47776031,5624
29568,47863377,47847995,15382
29569,47863377,47862008,1369
29570,47863394,47847995,15399
29571,47869128,47869042,86
29572,47930508,47926274,4234
29573,47931001,47926274,4727
29574,47931025,47926274,4751
29575,47973694,47972691,1003
29576,47991997,47991911,86
29577,48056199,48054794,1405
29578,48056199,48054794,1405
29579,48126879,48125822,1057
29580,48165614,48164282,1332
29581,48216142,48214684,1458
29582,48216142,48214684,1458
29583,48216142,48214684,1458
29584,48252785,48251411,1374
29585,48252785,48252224,561
29586,48271355,48270814,541
29587,48271355,48270814,541
29588,48325880,48325440,440
29589,48328644,48326311,2333
29590,48344752,48341406,3346
29591,48344752,48341406,3346
29592,48344752,48341406,3346
29593,48370323,48370322,1
29594,48379202,48378864,338
29595,48379202,48378864,338
29596,48379202,48378864,338
29597,48379202,48378864,338
29598,48379202,48378864,338
29599,48379202,48378864,338
29600,48379202,48378864,338
29601,48387104,48386845,259
29602,48387104,48386845,259
29603,48420997,48419363,1634
29604,48420997,48419363,1634
29605,48420997,48419363,1634
29606,48420997,48419363,1634
29607,48420997,48419363,1634
29608,48420997,48419363,1634
29609,48420997,48419363,1634
29610,48420997,48419363,1634
29611,48420997,48419363,1634
29612,48439553,48435474,4079
29613,48463582,48463420,162
29614,48463582,48463420,162
29615,48463582,48463420,162
29616,48459482,48459116,366
29617,48549817,48549553,264
29618,48567406,48565961,1445
29619,48567406,48565961,1445
29620,48625391,48624416,975
29621,48632064,48631851,213
29622,48652717,48652571,146
29623,48683380,48683022,358
29624,48664871,48664082,789
29625,48683380,48683022,358
29626,48683380,48683022,358
29627,48683380,48683022,358
29628,48665367,48664082,1285
29629,48673300,48673204,96
29630,48683380,48683022,358
29631,48683380,48683022,358
29632,48683380,48683022,358
29633,48683380,48683022,358
29634,48688279,48688235,44
29635,48688235,48688235,0
29636,48694036,48693934,102
29637,48755426,48755032,394
29638,48755426,48755032,394
29639,48760422,48760361,61
29640,48760422,48760361,61
29641,48760422,48760361,61
29642,48760422,48760361,61
29643,48760422,48760361,61
29644,48760422,48760361,61
29645,48760422,48760361,61
29646,48760422,48760361,61
29647,48760367,48759892,475
29648,48760422,48760361,61
29649,48760422,48760361,61
29650,48760422,48760361,61
29651,48760422,48760361,61
29652,48769235,48768913,322
29653,48768923,48768913,10
29654,48769235,48768913,322
29655,48769235,48768913,322
29656,48769235,48768913,322
29657,48769235,48768913,322
29658,48767273,48767148,125
29659,48768923,48768913,10
29660,48776413,48776111,302
29661,48814893,48814832,61
29662,48814893,48814832,61
29663,48814893,48814832,61
29664,48815648,48801487,14161
29665,48824793,48823503,1290
29666,48828251,48826678,1573
29667,48858675,48858640,35
29668,48847698,48847649,49
29669,48858675,48858640,35
29670,48900990,48900752,238
29671,48900990,48896850,4140
29672,48927510,48925648,1862
29673,48927510,48926194,1316
29674,48927510,48926194,1316
29675,48927510,48925648,1862
29676,48927510,48925648,1862
29677,48927510,48925648,1862
29678,48920724,48920059,665
29679,48927506,48925648,1858
29680,48931662,48931646,16
29681,48937564,48935754,1810
29682,48935406,48935386,20
29683,48937564,48935754,1810
29684,48937564,48935754,1810
29685,48937756,48934317,3439
29686,48958059,48935754,22305
29687,48937564,48935754,1810
29688,48980079,48980072,7
29689,49023836,49022738,1098
29690,49023836,49022738,1098
29691,49023836,49022738,1098
29692,49023836,49022738,1098
29693,49023836,49022738,1098
29694,49031468,49031043,425
29695,49041346,49040294,1052
29696,49041346,49040294,1052
29697,49042776,49042750,26
29698,49042776,49042750,26
29699,49042776,49042750,26
29700,49056661,49056645,16
29701,49056661,49050691,5970
29702,49089771,49089771,0
29703,49089833,49089771,62
29704,49089833,49089771,62
29705,49103882,49103545,337
29706,49106987,49106722,265
29707,49114984,49114962,22
29708,49114984,49114962,22
29709,49121288,49114962,6326
29710,49121288,49114962,6326
29711,49115697,49115697,0
29712,49144555,49143552,1003
29713,49144555,49143552,1003
29714,49144555,49143552,1003
29715,49144555,49143552,1003
29716,49176311,49176229,82
29717,49185866,49185772,94
29718,49214430,49214326,104
29719,49294598,49294494,104
29720,49195369,49195275,94
29721,49304154,49304050,104
29722,49313710,49313606,104
29723,49323262,49323158,104
29724,49294598,49294494,104
29725,49204923,49204829,94
29726,49214430,49214326,104
29727,49223953,49223849,104
29728,49294598,49294494,104
29729,49313710,49313606,104
29730,49214420,49214326,94
29731,49214430,49214326,104
29732,49223953,49223849,104
29733,49304154,49304050,104
29734,49223953,49223849,104
29735,49223953,49223849,104
29736,49294598,49294494,104
29737,49294598,49294494,104
29738,49304144,49304050,94
29739,49304154,49304050,104
29740,49233491,49233387,104
29741,49233491,49233387,104
29742,49242997,49242922,75
29743,49294598,49294494,104
29744,49304154,49304050,104
29745,49304154,49304050,104
29746,49313710,49313606,104
29747,49313710,49313606,104
29748,49323262,49323158,104
29749,49323262,49323158,104
29750,49332821,49332717,104
29751,49332821,49332717,104
29752,49342370,49342266,104
29753,49342370,49342266,104
29754,49351917,49351813,104
29755,49361430,49361336,94
29756,49373139,49369689,3450
29757,49373139,49369689,3450
29758,49373139,49370618,2521
29759,49460596,49459373,1223
29760,49598570,49598465,105
29761,49643959,49643329,630
29762,49647168,49646227,941
29763,49807150,49807103,47
29764,49863892,49856876,7016
29765,49863892,49856876,7016
29766,49863892,49856876,7016
29767,49863892,49856876,7016
29768,49863892,49856876,7016
29769,49965004,49963403,1601
29770,49965004,49963403,1601
29771,49965004,49958829,6175
29772,49965664,49965540,124
29773,50094911,50094702,209
29774,50094911,50094702,209
29775,50094911,50094702,209
29776,50094911,50094702,209
29777,50094911,50094702,209
29778,50213721,50213677,44
29779,50557044,50557018,26
29780,50386683,50381229,5454
29781,50659641,50659607,34
29782,51080377,51079091,1286
29783,51080377,51079091,1286
29784,51239459,51239296,163
29785,51489326,51488609,717
29786,51645450,51645026,424
29787,51638636,51638634,2
29788,51645450,51645026,424
29789,51645450,51645026,424
29790,51797392,51797342,50
29791,51812368,51811268,1100
29792,51812368,51811268,1100
29793,51812368,51811268,1100
29794,51812368,51811268,1100
29795,51812368,51811268,1100
29796,51935366,51935162,204
29797,51935366,51935162,204
29798,51935366,51934961,405
29799,51935366,51935162,204
29800,51935366,51935162,204
29801,51946358,51944370,1988
29802,52118822,52118734,88
29803,52243953,52243866,87
29804,52243953,52241224,2729
29805,52243953,52243866,87
29806,52260154,52259992,162
29807,52260363,52258669,1694
29808,52260363,52258669,1694
29809,52387096,52386016,1080
29810,52516904,52516817,87
29811,52516904,52514175,2729
29812,52516904,52516817,87
29813,52533094,52532932,162
29814,52533303,52531609,1694
29815,52533303,52531609,1694
29816,52546197,52544503,1694
29817,52546197,52544503,1694
29818,52683950,52682522,1428
29819,52736249,52734799,1450
29820,52736249,52734799,1450
29821,52790617,52789480,1137
29822,52790617,52789521,1096
29823,52826388,52826388,0
29824,52847322,52847237,85
29825,52896332,52896164,168
29826,52897119,52896164,955
29827,52937585,52936894,691
29828,52937585,52936894,691
29829,52936894,52936894,0
29830,52985953,52977796,8157
29831,52987715,52977796,9919
29832,53024651,52977796,46855
29833,53024651,52977796,46855
29834,53024651,52977796,46855
29835,53024651,52977796,46855
29836,53024651,52977796,46855
29837,53024651,52977796,46855
29838,53024651,52977796,46855
29839,53024651,52977796,46855
29840,53024651,52977796,46855
29841,52977796,52977796,0
29842,53109796,53106925,2871
29843,53106925,53106925,0
29844,53117721,53114119,3602
29845,53117728,53117121,607
29846,53115595,53115593,2
29847,53254604,53254071,533
29848,53254604,53254071,533
29849,53254604,53254071,533
29850,53310796,53310703,93
29851,53350522,53350321,201
29852,53310796,53310703,93
29853,53310796,53310703,93
29854,53449618,53449549,69
29855,53449618,53448887,731
29856,53449618,53449549,69
29857,53456776,53455610,1166
29858,53457793,53457742,51
29859,53458063,53457936,127
29860,53461323,53461292,31
29861,53461323,53461292,31
29862,53620561,53620539,22
29863,53713697,53681051,32646
29864,53571723,53571716,7
29865,54044254,54044145,109
29866,54070607,54069161,1446
29867,54070607,54069161,1446
29868,54071569,54071323,246
29869,54040996,54040884,112
29870,54069627,54069161,466
29871,54209714,54209631,83
29872,54209714,54209631,83
29873,54209714,54209631,83
29874,54384438,54360106,24332
29875,54384438,54360106,24332
29876,54471731,54470983,748
29877,54471731,54470983,748
29878,54522599,54521865,734
29879,54496890,54496823,67
29880,54593720,54587035,6685
29881,54593720,54587035,6685
29882,54824673,54824643,30
29883,54842445,54842115,330
29884,54842445,54842115,330
29885,54842445,54842115,330
29886,54842445,54842115,330
29887,54842440,54842115,325
29888,54950201,54950201,0
29889,54957866,54957771,95
29890,54957866,54957771,95
29891,54957866,54957453,413
29892,54957866,54957771,95
29893,54957866,54957453,413
29894,54957866,54957453,413
29895,54957866,54957453,413
29896,55020511,55020440,71
29897,55020511,54978502,42009
29898,55020511,55020440,71
29899,55020511,55020464,47
29900,55024967,55024866,101
29901,55034306,55033868,438
29902,55034306,55033868,438
29903,55057497,55052433,5064
29904,55057497,55054240,3257
29905,55057497,55052433,5064
29906,55105336,55105231,105
29907,55119260,55119164,96
29908,55119260,55119164,96
29909,55187628,55187589,39
29910,55187628,55187589,39
29911,55187535,55187314,221
29912,55187567,55187418,149
29913,55187628,55187589,39
29914,55187628,55187589,39
29915,55187628,55187589,39
29916,55208944,55208427,517
29917,55250541,55250436,105
29918,55250541,55250436,105
29919,55291165,55290336,829
29920,55291165,55290336,829
29921,55479999,55479467,532
29922,55515631,55515372,259
29923,55515372,55515372,0
29924,55652621,55651080,1541
29925,55785207,55784776,431
29926,55785207,55784776,431
29927,56295922,56292185,3737
29928,56314322,56310927,3395
29929,56314322,56310761,3561
29930,56314322,56310761,3561
29931,56314322,56310927,3395
29932,56593443,56592181,1262
29933,56592380,56592181,199
29934,56764017,56764010,7
29935,57021958,57021380,578
29936,57021988,57021380,608
29937,57021380,57021380,0
29938,57147979,57147062,917
29939,57147979,57147062,917
29940,57147979,57147062,917
29941,57147062,57147062,0
29942,57164058,57163030,1028
29943,57163030,57163030,0
29944,57515629,57515365,264
29945,57623910,57620893,3017
29946,57937067,57936854,213
29947,62571218,62570698,520
29948,62974991,62944537,30454
29949,62974991,62917151,57840
29950,62975007,62944537,30470
29951,62975031,62974192,839
29952,62975031,62926212,48819
29953,63005426,63005025,401
29954,63005426,63005025,401
29955,63425624,63413166,12458
29956,63413166,63413166,0
29957,63445564,63445530,34
29958,63450511,63445530,4981
29959,63615333,63615243,90
29960,63615333,63615243,90
29961,64196413,64141852,54561
29962,64196413,64196257,156
29963,64196413,64196257,156
29964,64196413,64141852,54561
29965,64254624,64141852,112772
29966,64254624,64141852,112772
29967,64196413,64196257,156
29968,64727767,64723089,4678
29969,64739361,64738332,1029
29970,64754686,64754595,91
29971,64754686,64754595,91
29972,64754686,64754595,91
29973,64739361,64738332,1029
29974,64772301,64772172,129
29975,64961793,64959755,2038
29976,65259967,65259840,127
29977,65259967,65259840,127
29978,65259967,65259840,127
29979,65259967,65259840,127
29980,65259967,65259840,127
29981,65487230,65486514,716
29982,65487230,65486514,716
29983,65487230,65486514,716
29984,65487230,65486514,716
29985,65487230,65486514,716
29986,65476519,65476180,339
29987,65835872,65835862,10
29988,65835872,65835862,10
29989,65858892,65835862,23030
29990,65858892,65835846,23046
29991,65859140,65835862,23278
29992,65835872,65835862,10
29993,66909600,66909459,141
29994,66915580,66914564,1016
29995,66950461,66943683,6778
29996,66950461,66943559,6902
29997,66950461,66943683,6778
29998,67653299,67652862,437
29999,67653299,67652862,437
30000,67653299,67652862,437
30001,67757127,67751841,5286
30002,67757127,67751841,5286
30003,67945684,67944264,1420
30004,67945684,67944264,1420
30005,67945684,67944264,1420
30006,68062006,68060497,1509
30007,68066029,68066027,2
30008,68385365,68383081,2284
30009,68385365,68383081,2284
30010,68385365,68382916,2449
30011,68385365,68382235,3130
30012,68383081,68383081,0
30013,68429767,68428404,1363
30014,68752351,68749799,2552
30015,69081024,68890104,190920
30016,69081024,69080699,325
30017,69177327,68840772,336555
30018,69177327,69177017,310
30019,69259321,69255459,3862
30020,69259321,69255459,3862
30021,69259321,69255459,3862
30022,69269788,69269782,6
30023,69284029,69283241,788
30024,69386173,69385831,342
30025,69386173,69385831,342
30026,69425553,69424956,597
30027,69460511,69460140,371
30028,69479654,69479474,180
30029,69501082,69500962,120
30030,69501690,69501616,74
30031,69504852,69504493,359
30032,69509798,69509191,607
30033,69509798,69509287,511
30034,69596068,69596066,2
30035,69640774,69640115,659
30036,69640774,69640115,659
30037,69649564,69647261,2303
30038,69652541,69652185,356
30039,69653241,69652936,305
30040,69653241,69652936,305
30041,69653241,69652936,305
30042,69653241,69652936,305
30043,69725339,69722119,3220
30044,69725339,69722119,3220
30045,69725339,69722119,3220
30046,69944076,69942541,1535
30047,70128567,70117396,11171
30048,70128567,70127639,928
30049,70150975,70149847,1128
30050,70150975,70149847,1128
30051,70288172,70288156,16
30052,70288298,70288156,142
30053,70288298,70288156,142
30054,70288298,70288156,142
30055,70288298,70288156,142
30056,70293276,70288156,5120
30057,70323384,70321934,1450
30058,70323384,70321934,1450
30059,70326638,70326406,232
30060,70326638,70325955,683
30061,70329240,70329118,122
30062,70331481,70331389,92
30063,70331481,70331298,183
30064,70357793,70357791,2
30065,70362304,70362068,236
30066,70362304,70362068,236
30067,70362304,70362068,236
30068,70362304,70362068,236
30069,70391051,70389947,1104
30070,70391051,70389947,1104
30071,70391051,70389947,1104
30072,70391051,70389947,1104
30073,70384667,70384186,481
30074,70391051,70389947,1104
30075,70445065,70444409,656
30076,70445065,70444409,656
30077,70444409,70444409,0
30078,70474038,70473105,933
30079,70474499,70473105,1394
30080,70475047,70473105,1942
30081,70471507,70470547,960
30082,70474499,70473105,1394
30083,70521018,70519926,1092
30084,70521018,70519926,1092
30085,70521018,70519926,1092
30086,70521018,70519926,1092
30087,70521018,70519926,1092
30088,70525204,70525042,162
30089,70525204,70525042,162
30090,70685855,70683896,1959
30091,70685855,70683896,1959
30092,70685855,70683896,1959
30093,70748575,70748401,174
30094,70765701,70764497,1204
30095,70795747,70793644,2103
30096,70795747,70793644,2103
30097,70795747,70793644,2103
30098,70795747,70793644,2103
30099,70833433,70832832,601
30100,70838367,70838299,68
30101,70838367,70837462,905
30102,70837462,70837462,0
30103,70938135,70938001,134
30104,70987051,70986773,278
30105,71363424,71363424,0
30106,71351751,71351390,361
30107,71351390,71351390,0
30108,71361212,71360626,586
30109,71361212,71360626,586
30110,71381600,71380102,1498
30111,71418194,71417376,818
30112,71483814,71482646,1168
30113,71458858,71458761,97
30114,71458858,71428247,30611
30115,71497141,71497045,96
30116,71497141,71497045,96
30117,71525764,71525164,600
30118,71525764,71522719,3045
30119,71526837,71522719,4118
30120,71527037,71522719,4318
30121,71787880,71787748,132
30122,71792953,71792611,342
30123,71792953,71792611,342
30124,71792953,71792725,228
30125,71792953,71787788,5165
30126,71792953,71792611,342
30127,71792953,71792611,342
30128,71792953,71792611,342
30129,71792953,71792611,342
30130,71815064,71813292,1772
30131,71934029,71933728,301
30132,71934029,71933728,301
30133,71934029,71933728,301
30134,72068636,72068209,427
30135,72068636,72068209,427
30136,72095622,72095528,94
30137,72097698,72095528,2170
30138,72163589,72163025,564
30139,72225551,72224084,1467
30140,72299351,72299225,126
30141,72434710,72434328,382
30142,72674421,72674421,0
30143,72906937,72900840,6097
30144,72906937,72900840,6097
30145,72906937,72899201,7736
30146,73524869,73524602,267
30147,73753764,73751388,2376
30148,73753764,73751245,2519
30149,73834461,73815812,18649
30150,73834461,73815812,18649
30151,74145287,73965485,179802
30152,74376175,74376107,68
30153,74376175,74376107,68
30154,74376175,74376107,68
30155,74376175,74376107,68
30156,74376175,74376107,68
30157,74517626,74517408,218
30158,74524732,74523346,1386
30159,74524732,74520823,3909
30160,74743337,74742859,478
30161,74743337,74742859,478
30162,74743337,74742859,478
30163,74962914,74962363,551
30164,75005079,75004886,193
30165,75398033,75397743,290
30166,75651746,75651197,549
30167,76712013,76712013,0
30168,77041719,77041487,232
30169,77041719,77041487,232
30170,77041719,76940447,101272
30171,77041719,77041487,232
30172,77041719,77041487,232
30173,77041719,76954085,87634
30174,77151065,77151003,62
30175,77151065,77151003,62
30176,77160881,77160758,123
30177,77268087,77264910,3177
30178,77305892,77302067,3825
30179,77225135,77225135,0
30180,77382324,77381327,997
30181,77382324,77381327,997
30182,77395179,77395108,71
30183,77583087,77529243,53844
30184,77583087,77529243,53844
30185,77583087,77529243,53844
30186,77529243,77529243,0
30187,77914825,77913917,908
30188,77913917,77913917,0
30189,78012578,78011479,1099
30190,78012578,78011479,1099
30191,78011479,78011479,0
30192,78217438,78217037,401
30193,78217438,78217037,401
30194,78217037,78217037,0
30195,78427726,78427506,220
30196,78623049,78622712,337
30197,78623049,78622712,337
30198,79287268,79286610,658
30199,79287268,79286610,658
30200,79287268,79286610,658
30201,79700810,79699208,1602
30202,79700810,79699208,1602
30203,79699208,79699208,0
30204,80064413,79985434,78979
30205,80064413,80001145,63268
30206,80064413,79985434,78979
30207,80064413,79985434,78979
30208,80064413,79989712,74701
30209,80064413,79985434,78979
30210,80065233,80064970,263
30211,80065233,79989712,75521
30212,80065233,79985434,79799
30213,80065233,79985434,79799
30214,80065233,79985434,79799
30215,80065233,79985434,79799
30216,80065233,79989712,75521
30217,80065233,79989712,75521
30218,80065233,79985434,79799
30219,80457441,80377048,80393
30220,80554046,80552726,1320
30221,80554046,80552726,1320
30222,80554046,80552726,1320
30223,82764775,82764418,357
30224,83129639,83129639,0
30225,83141708,83141592,116
30226,83141708,83141592,116
30227,83442943,83442907,36
30228,83442943,83441149,1794
30229,83442943,83403080,39863
30230,83757487,83730405,27082
30231,83757487,83724556,32931
30232,83757487,83730405,27082
30233,84189896,84189829,67
30234,84348323,84342684,5639
30235,84363974,84363974,0
30236,84528368,84526834,1534
30237,84528368,84526834,1534
30238,84528368,84526834,1534
30239,84527248,84526834,414
30240,84634748,84634459,289
30241,84634748,84634459,289
30242,85302566,85302536,30
30243,85302566,85218927,83639
30244,85302566,85302536,30
30245,86087605,86087158,447
30246,86087605,86082773,4832
30247,86087605,86087158,447
30248,86087605,86087158,447
30249,86087605,86087158,447
30250,86086806,86082773,4033
30251,86086806,86082773,4033
30252,86924596,86924394,202
30253,86925050,86921534,3516
30254,88009785,88009321,464
30255,88009785,88009321,464
30256,88009321,88009321,0
30257,89177882,89177810,72
30258,89177810,89177810,0
30259,90693583,90691725,1858
30260,90691725,90691725,0
30261,91139006,91137950,1056
30262,91134997,91134305,692
30263,91878228,91873939,4289
30264,91878228,91873939,4289
30265,91878228,91723315,154913
30266,91878228,91873939,4289
30267,91878228,91873939,4289
30268,91878228,91873939,4289
30269,92928682,92928303,379
30270,92967273,92965165,2108
30271,92967273,92965165,2108
30272,92967273,92965165,2108
30273,92967273,92965165,2108
30274,92965165,92965165,0
30275,96192350,96192348,2
30276,96724837,96724742,95
30277,96855597,96854316,1281
30278,96140450,96140095,355
30279,99665271,99663595,1676
30280,99665271,99663595,1676
30281,99665271,99663595,1676
30282,99854882,99854714,168
30283,99854882,99852701,2181
30284,99891794,99891691,103
30285,99891712,99890243,1469
30286,99926296,99925984,312
30287,99933780,99933547,233
30288,99946206,99943368,2838
30289,99986522,99957033,29489
30290,99986522,99957033,29489
30291,99987135,99957033,30102
30292,99987135,99957033,30102
30293,99987135,99957033,30102
30294,100095923,100093350,2573
30295,100095923,100093350,2573
30296,100095923,100093350,2573
30297,100129334,100129128,206
30298,100129334,100129128,206
30299,100129334,100129128,206
30300,100183898,100183293,605
30301,100183898,100170064,13834
30302,100245820,100243495,2325
30303,100245820,100243495,2325
30304,100245820,100245577,243
30305,100307105,100297278,9827
30306,100307105,100297278,9827
30307,100307105,100297278,9827
30308,100307105,100297278,9827
30309,100307105,100297278,9827
30310,100307105,100292986,14119
30311,100351355,100349945,1410
30312,100417978,100417956,22
30313,100417978,100417956,22
30314,100396279,100395753,526
30315,100519485,100515610,3875
30316,100519485,100515610,3875
30317,100542793,100542531,262
30318,100546325,100542531,3794
30319,100548059,100548033,26
30320,100603957,100603652,305
30321,100603957,100603652,305
30322,100613425,100611105,2320
30323,100613425,100611830,1595
30324,100613425,100611830,1595
30325,100641212,100630272,10940
30326,100641212,100630272,10940
30327,100645770,100645537,233
30328,100641212,100630272,10940
30329,100648840,100646846,1994
30330,100651142,100650736,406
30331,100669128,100666980,2148
30332,100669128,100666980,2148
30333,100663001,100662891,110
30334,100663001,100662891,110
30335,100669128,100668326,802
30336,100669128,100668326,802
30337,100668326,100668326,0
30338,100750798,100750449,349
30339,100750449,100750449,0
30340,100809675,100809275,400
30341,100809675,100809275,400
30342,100809275,100809275,0
30343,100872991,100871610,1381
30344,100872991,100871610,1381
30345,100872991,100871610,1381
30346,100871610,100871610,0
30347,100882831,100881109,1722
30348,100882831,100881109,1722
30349,100882831,100881109,1722
30350,100882831,100881109,1722
30351,100881109,100881109,0
30352,100913635,100912574,1061
30353,100914863,100912574,2289
30354,100914863,100912574,2289
30355,100914863,100912574,2289
30356,100914863,100912574,2289
30357,100912574,100912574,0
30358,101112549,101097764,14785
30359,101145193,101141695,3498
30360,101187039,101141695,45344
30361,101187039,101141695,45344
30362,101187039,101173606,13433
30363,101382684,101382486,198
30364,101382486,101382486,0
30365,101397388,101396303,1085
30366,101396303,101396303,0
30367,101410762,101409237,1525
30368,101410986,101409237,1749
30369,101409237,101409237,0
30370,101479258,101479256,2
30371,101481785,101481591,194
30372,101581634,101581428,206
30373,101581634,101581428,206
30374,101581634,101581194,440
30375,101581634,101581428,206
30376,101694929,101634957,59972
30377,101718266,101634957,83309
30378,101718266,101624626,93640
30379,101726732,101634957,91775
30380,101726732,101720465,6267
30381,101726732,101720465,6267
30382,101771699,101770091,1608
30383,101859085,101858746,339
30384,101859085,101858746,339
30385,101859085,101858746,339
30386,101972661,101972314,347
30387,101859085,101858746,339
30388,101859085,101858746,339
30389,101859085,101858746,339
30390,101858746,101858746,0
30391,101914010,101913029,981
30392,101914010,101913029,981
30393,101914010,101913029,981
30394,101914010,101913029,981
30395,101913029,101913029,0
30396,101972661,101972314,347
30397,101972661,101972314,347
30398,101972661,101972314,347
30399,101972661,101972314,347
30400,101972661,101972314,347
30401,101972661,101972314,347
30402,101972314,101972314,0
30403,102007369,102005567,1802
30404,102007369,102005567,1802
30405,102007369,102005567,1802
30406,102007369,102005567,1802
30407,102007369,102005567,1802
30408,102007369,102005567,1802
30409,102007369,102005567,1802
30410,102007369,102005567,1802
30411,102005567,102005567,0
30412,102193228,102193083,145
30413,102319168,102318202,966
30414,102318202,102318202,0
30415,102348022,102347951,71
30416,102336663,102335143,1520
30417,102338620,102338415,205
30418,102348022,102347951,71
30419,102348022,102339353,8669
30420,102472128,102471444,684
30421,102472128,102471444,684
30422,102471444,102471444,0
30423,102510121,102508907,1214
30424,102510121,102508907,1214
30425,102508907,102508907,0
30426,102531797,102529491,2306
30427,102529491,102529491,0
30428,102565883,102565525,358
30429,102565883,102565525,358
30430,102565938,102564904,1034
30431,102565974,102564904,1070
30432,102564904,102564904,0
30433,102587251,102586634,617
30434,102586634,102586634,0
30435,102613397,102612927,470
30436,102613397,102612927,470
30437,102613397,102612927,470
30438,102613397,102612927,470
30439,102612927,102612927,0
30440,102633001,102632755,246
30441,102633001,102632755,246
30442,102632999,102632755,244
30443,102774417,102755684,18733
30444,102755684,102755684,0
30445,102842655,102842251,404
30446,102842655,102842251,404
30447,102842655,102842251,404
30448,102842251,102842251,0
30449,102864855,102864595,260
30450,102864855,102864595,260
30451,102864595,102864595,0
30452,102885876,102885324,552
30453,102885876,102885324,552
30454,102885876,102885324,552
30455,102885324,102885324,0
30456,102941155,102931955,9200
30457,102941746,102931955,9791
30458,102941746,102931955,9791
30459,102941746,102931955,9791
30460,102941746,102931955,9791
30461,102941746,102931955,9791
30462,102941746,102931955,9791
30463,102941746,102931955,9791
30464,102941746,102931955,9791
30465,102943086,102931955,11131
30466,102943086,102931955,11131
30467,102943086,102931955,11131
30468,102943086,102931955,11131
30469,102943086,102931955,11131
30470,102943086,102931955,11131
30471,102943086,102931955,11131
30472,102943086,102931955,11131
30473,102931955,102931955,0
30474,102983552,102983131,421
30475,102968960,102968926,34
30476,102983552,102983131,421
30477,103047547,103045526,2021
30478,103047547,103045526,2021
30479,103047547,103045526,2021
30480,103047547,103045526,2021
30481,103042233,103041685,548
30482,103047547,103045526,2021
30483,103087212,103080714,6498
30484,103080714,103080714,0
30485,103220563,103220149,414
30486,103268256,103268232,24
30487,103297021,103295431,1590
30488,103401708,103349940,51768
30489,103349940,103349940,0
30490,103360533,103360014,519
30491,103440582,103434459,6123
30492,103440582,103434459,6123
30493,103499599,103499530,69
30494,105011822,105011654,168
30495,104465358,104465081,277
30496,104465358,104465081,277
30497,105184024,105184023,1
30498,105202602,105199592,3010
30499,105202602,105199592,3010
30500,105281284,105281049,235
30501,105282718,105281049,1669
30502,105282718,105281049,1669
30503,105452949,105451516,1433
30504,105452949,105451516,1433
30505,105451516,105451516,0
30506,105881604,105881285,319
30507,105922673,105921488,1185
30508,105922673,105921488,1185
30509,106040246,106038943,1303
30510,106040246,106038943,1303
30511,106073315,106070624,2691
30512,106093063,106092536,527
30513,106119377,106117195,2182
30514,106236592,106058878,177714
30515,106146561,106146517,44
30516,106146561,106146517,44
30517,106174091,106172151,1940
30518,106174091,106172151,1940
30519,106174091,106172151,1940
30520,106172151,106172151,0
30521,106243474,106243199,275
30522,106243474,106243199,275
30523,106243474,106224625,18849
30524,106362057,106362003,54
30525,106362057,106362003,54
30526,106449670,106418376,31294
30527,106487473,106486528,945
30528,106487473,106486528,945
30529,106848479,106846603,1876
30530,106894256,106893262,994
30531,106894256,106893262,994
30532,106894256,106893262,994
30533,106959711,106959131,580
30534,106960291,106960041,250
30535,107019017,107018649,368
30536,107019202,107018649,553
30537,107019202,107018649,553
30538,107174867,107170303,4564
30539,107174867,107170303,4564
30540,107225600,107225357,243
30541,107322414,107320611,1803
30542,107322414,107320611,1803
30543,107334874,107334750,124
30544,107334874,107334750,124
30545,107334874,107334750,124
30546,107397901,107396942,959
30547,107397901,107396942,959
30548,107397901,107396942,959
30549,107397901,107396942,959
30550,107403199,107403108,91
30551,107681658,107681426,232
30552,107681658,107681426,232
30553,107681658,107681426,232
30554,107682704,107682601,103
30555,107940775,107939608,1167
30556,107940775,107939608,1167
30557,107870496,107869597,899
30558,107979607,107979574,33
30559,108725285,108719165,6120
30560,108719250,108719165,85
30561,108787927,108785917,2010
30562,108787927,108785917,2010
30563,108787927,108785917,2010
30564,108868393,108868249,144
30565,108976621,108926715,49906
30566,108976621,108926592,50029
30567,108976621,108926592,50029
30568,108976621,108926715,49906
30569,109421016,109416679,4337
30570,109421016,109416679,4337
30571,109421016,109416679,4337
30572,109561380,109561299,81
30573,109561380,109561299,81
30574,109683461,109560930,122531
30575,109697892,109697892,0
30576,109699562,109698549,1013
30577,110035443,110035391,52
30578,110039076,110035409,3667
30579,110039286,110035409,3877
30580,110039286,110035409,3877
30581,110039286,110035409,3877
30582,110464173,110463675,498
30583,110464173,110463675,498
30584,110464173,110463675,498
30585,110464173,110463675,498
30586,110464173,110463675,498
30587,110464173,110463675,498
30588,110507179,110494904,12275
30589,110513774,110507164,6610
30590,110654374,110654202,172
30591,110654374,110654202,172
30592,110655419,110653626,1793
30593,110655460,110653626,1834
30594,110655460,110653626,1834
30595,110933623,110931207,2416
30596,110933623,110929383,4240
30597,110933623,110931229,2394
30598,110954953,110954953,0
30599,111003875,111003227,648
30600,111003875,111003227,648
30601,110933623,110931229,2394
30602,110933623,110931229,2394
30603,110933623,110931229,2394
30604,111003875,111003227,648
30605,111003875,111003227,648
30606,111003875,111003227,648
30607,110933623,110931229,2394
30608,111326004,111195648,130356
30609,111326004,111195648,130356
30610,111147213,111145413,1800
30611,111147213,111145413,1800
30612,111147213,111145413,1800
30613,111700473,111698889,1584
30614,111698889,111698889,0
30615,111914760,111914687,73
30616,111923375,111914618,8757
30617,111923375,111914618,8757
30618,112066372,112066354,18
30619,112084043,112058750,25293
30620,112024572,112024306,266
30621,112068356,112066354,2002
30622,114144624,114141978,2646
30623,114144624,114141443,3181
30624,114144624,114141978,2646
30625,114252207,114251832,375
30626,114252207,114251832,375
30627,114252207,114251832,375
30628,114468635,114468604,31
30629,114468635,114468604,31
30630,114427431,114427208,223
30631,114542121,114541369,752
30632,114542121,114541369,752
30633,114880855,114880853,2
30634,114885179,114883881,1298
30635,114885179,114883881,1298
30636,114885179,114883881,1298
30637,114885179,114883881,1298
30638,114885179,114883881,1298
30639,114885179,114883881,1298
30640,114885179,114883881,1298
30641,115306225,115304625,1600
30642,115304625,115304625,0
30643,115592625,115590121,2504
30644,115594194,115594017,177
30645,117081905,117079483,2422
30646,117107701,117106791,910
30647,117107701,117053573,54128
30648,117107760,117107352,408
30649,117119376,117119243,133
30650,117250828,117162436,88392
30651,117250828,117079510,171318
30652,117251303,117162436,88867
30653,117583923,117582950,973
30654,117583923,117582950,973
30655,117583923,117582950,973
30656,117583923,117582874,1049
30657,117820123,117819770,353
30658,117820123,117819770,353
30659,117895477,117895264,213
30660,117928496,117925817,2679
30661,117960931,117960416,515
30662,117960416,117960416,0
30663,118151949,118151653,296
30664,118151949,118151653,296
30665,118151949,118151653,296
30666,118284542,118284542,0
30667,118378429,118377217,1212
30668,118378429,118377217,1212
30669,118588437,118587028,1409
30670,118588437,118586856,1581
30671,118603083,118602564,519
30672,118605359,118605021,338
30673,118699372,118694325,5047
30674,118699397,118699318,79
30675,118699397,118699318,79
30676,118718379,118717218,1161
30677,118718379,118717218,1161
30678,118718379,118717218,1161
30679,118727113,118726460,653
30680,118739846,118737453,2393
30681,118739846,118726460,13386
30682,118827333,118827068,265
30683,118827333,118827068,265
30684,118827333,118827068,265
30685,118827333,118827068,265
30686,118809631,118797611,12020
30687,118826792,118797611,29181
30688,118827141,118827068,73
30689,118894165,118893578,587
30690,118925622,118925539,83
30691,118986991,118986891,100
30692,118986991,118986891,100
30693,119005791,119005576,215
30694,119010629,119010497,132
30695,119037620,119037558,62
30696,119054679,119054570,109
30697,119054679,119054570,109
30698,119072040,119070773,1267
30699,119077735,119077568,167
30700,119211707,119211517,190
30701,119249847,119249772,75
30702,119297945,119297693,252
30703,119392251,119389289,2962
30704,119392251,119389289,2962
30705,119389289,119389289,0
30706,119445391,119445164,227
30707,119445391,119445164,227
30708,119445391,119445164,227
30709,119517104,119513489,3615
30710,119517104,119513489,3615
30711,119517104,119513489,3615
30712,119517104,119513489,3615
30713,119603204,119603024,180
30714,119603204,119603024,180
30715,119603204,119603024,180
30716,119602847,119590547,12300
30717,119603204,119603024,180
30718,119680471,119679369,1102
30719,119694817,119694493,324
30720,119709684,119708472,1212
30721,119755016,119746119,8897
30722,119755016,119746119,8897
30723,119742213,119742213,0
30724,119764005,119761021,2984
30725,119764005,119761021,2984
30726,119761021,119761021,0
30727,120009779,120009524,255
30728,120066151,120065896,255
30729,120066151,120065896,255
30730,120071012,120070757,255
30731,120075873,120075618,255
30732,120080733,120080478,255
30733,120085594,120085339,255
30734,120090454,120090199,255
30735,120095337,120095082,255
30736,120100198,120099943,255
30737,120100198,120099943,255
30738,120105058,120104803,255
30739,120109918,120109663,255
30740,120114778,120114523,255
30741,120119638,120119383,255
30742,120183796,120183215,581
30743,122338533,122338270,263
30744,122624766,122616895,7871
30745,122624766,122616895,7871
30746,122551942,122551789,153
30747,122866904,122866872,32
30748,122757146,122757100,46
30749,122840799,122837340,3459
30750,122866904,122831537,35367
30751,123047829,123041031,6798
30752,123047829,123041031,6798
30753,123047829,123041031,6798
30754,123236505,123234447,2058
30755,123236505,123234447,2058
30756,123236505,123234447,2058
30757,123236505,123234447,2058
30758,123236505,123234447,2058
30759,123236505,123234447,2058
30760,123507010,123505241,1769
30761,123507010,123505241,1769
30762,124097666,124097602,64
30763,124097666,124097602,64
30764,124097666,124097602,64
30765,124456950,124456950,0
30766,125300080,125299907,173
30767,125686842,125686591,251
30768,125686591,125686591,0
30769,125955768,125955518,250
30770,127186382,127186185,197
30771,128657460,128657347,113
30772,128657460,128657347,113
30773,128657460,128657347,113
30774,128657460,128657347,113
30775,128726530,128724247,2283
30776,128726530,128724247,2283
30777,128788933,128788607,326
30778,128882057,128881857,200
30779,128903525,128902461,1064
30780,128929176,128927808,1368
30781,128928745,128927808,937
30782,128977561,128975921,1640
30783,128977910,128975921,1989
30784,128978124,128975921,2203
30785,128978124,128963065,15059
30786,129063738,129063584,154
30787,129063738,129063584,154
30788,129063738,129063584,154
30789,129057039,129055574,1465
30790,129192058,129190111,1947
30791,129162836,129162836,0
30792,129192058,129190111,1947
30793,129244475,129215304,29171
30794,129244688,129215304,29384
30795,129272015,129271071,944
30796,129299861,129299630,231
30797,129299861,129299630,231
30798,129299861,129299630,231
30799,129299861,129299630,231
30800,129299861,129271071,28790
30801,129318844,129318714,130
30802,129402922,129394423,8499
30803,129402922,129394423,8499
30804,129499650,129498730,920
30805,129499650,129498730,920
30806,129499650,129498663,987
30807,129507335,129506924,411
30808,129507335,129506924,411
30809,129507335,129506924,411
30810,129519511,129519421,90
30811,129547317,129546822,495
30812,129631421,129630206,1215
30813,129813722,129813543,179
30814,130037208,129843265,193943
30815,130037208,129837190,200018
30816,130037208,129837190,200018
30817,130223857,130222759,1098
30818,130223857,130222759,1098
30819,130223857,130222759,1098
30820,130223857,130222759,1098
30821,130423403,130420648,2755
30822,130423403,130420648,2755
30823,130423403,130420648,2755
30824,130712873,130420615,292258
30825,130423035,130420648,2387
30826,130423403,130420648,2755
30827,130678974,130678974,0
30828,131209971,131208187,1784
30829,131209971,131208187,1784
30830,131209971,131208187,1784
30831,131209971,131208187,1784
30832,131209971,131208187,1784
30833,131228291,131228091,200
30834,131262050,131261872,178
30835,131262050,131261872,178
30836,131352189,131351296,893
30837,131353508,131351098,2410
30838,131353508,131351296,2212
30839,131547603,131547537,66
30840,131547603,131547537,66
30841,131547636,131540309,7327
30842,131574342,131573639,703
30843,131574342,131573639,703
30844,131623996,131540309,83687
30845,131842656,131842614,42
30846,132091373,132091344,29
30847,132092021,132091344,677
30848,132095423,132092630,2793
30849,132095423,132092630,2793
30850,132231135,132162248,68887
30851,132162300,132162248,52
30852,132352376,132352287,89
30853,132548587,132473319,75268
30854,132549205,132548993,212
30855,133119673,133119476,197
30856,133119673,133119476,197
30857,133119673,133119476,197
30858,133119673,133119476,197
30859,133119673,132888156,231517
30860,133379808,133379808,0
30861,133549321,133549252,69
30862,133549321,133549252,69
30863,133554339,133551336,3003
30864,133562822,133559360,3462
30865,133562822,133559360,3462
30866,133562822,133559360,3462
30867,133634698,133634107,591
30868,133680653,133680093,560
30869,133792513,133700712,91801
30870,133792513,133700712,91801
30871,133700712,133700712,0
30872,133928106,133927862,244
30873,133930385,133930235,150
30874,133930385,133930235,150
30875,133931185,133930235,950
30876,133931185,133930235,950
30877,133931262,133927862,3400
30878,133931262,133930235,1027
30879,133930385,133930235,150
30880,133957015,133955407,1608
30881,133957015,133955407,1608
30882,133957015,133955600,1415
30883,133988641,133988247,394
30884,133945211,133943403,1808
30885,133957015,133955407,1608
30886,133988641,133988266,375
30887,133988641,133988141,500
30888,134033564,134033463,101
30889,134049297,134033463,15834
30890,134049297,134033463,15834
30891,134126503,134125377,1126
30892,134156566,134156489,77
30893,134167575,134166755,820
30894,134186221,134186138,83
30895,134186221,134186138,83
30896,134257529,134257518,11
30897,134305751,134305095,656
30898,134305751,134305095,656
30899,134429965,134428066,1899
30900,134429965,134428066,1899
30901,134483239,134482708,531
30902,134482942,134481538,1404
30903,134497338,134495001,2337
30904,134497338,134495001,2337
30905,134497338,134495001,2337
30906,134716460,134715561,899
30907,134716460,134715561,899
30908,134856988,134856795,193
30909,134874268,134874055,213
30910,134874268,134874055,213
30911,134891519,134891326,193
30912,134891519,134891326,193
30913,134936735,134932983,3752
30914,134953994,134950246,3748
30915,134953994,134950246,3748
30916,134971244,134950246,20998
30917,134971244,134967496,3748
30918,134995220,134995056,164
30919,134995221,134994141,1080
30920,134995220,134995056,164
30921,135053281,135053258,23
30922,135056134,135055834,300
30923,135056188,135056106,82
30924,135129428,135126883,2545
30925,135129428,135126883,2545
30926,135129428,135126883,2545
30927,135293518,135292184,1334
30928,135293518,135292113,1405
30929,135293518,135292184,1334
30930,135293518,135292113,1405
30931,135293518,135292184,1334
30932,135293518,135292184,1334
30933,135293518,135292184,1334
30934,135293518,135292184,1334
30935,135293518,135292184,1334
30936,135293518,135292113,1405
30937,135333738,135333517,221
30938,135333738,135333517,221
30939,135338641,135338478,163
30940,135333738,135333514,224
30941,135499047,135498650,397
30942,135499047,135498650,397
30943,135443746,135443744,2
30944,135574598,135574534,64
30945,135594503,135594172,331
30946,135594503,135594172,331
30947,135638966,135638698,268
30948,135742549,135741574,975
30949,135742549,135741574,975
30950,135849659,135825942,23717
30951,135849659,135825942,23717
30952,135863503,135863041,462
30953,135962939,135961586,1353
30954,135962939,135961586,1353
30955,135962939,135961274,1665
30956,135962939,135961586,1353
30957,135962939,135958785,4154
30958,136113833,136113833,0
30959,136654259,136652229,2030
30960,137793827,137793165,662
30961,137821515,137821431,84
30962,137949717,137939803,9914
30963,138286445,138286269,176
30964,138287185,137939803,347382
30965,138287185,138286269,916
30966,138287185,138286269,916
30967,138645617,138644230,1387
30968,138645617,138644230,1387
30969,138725000,138724677,323
30970,138725000,138724677,323
30971,138725000,138724677,323
30972,138725000,138724677,323
30973,138725000,138724677,323
30974,138774290,138774284,6
30975,138790381,138733903,56478
30976,138790381,138733903,56478
30977,138850593,138850442,151
30978,138914447,138914348,99
30979,138914447,138914348,99
30980,139047677,139047655,22
30981,139175070,139174723,347
30982,139587225,139587225,0
30983,139796996,139795948,1048
30984,139866723,139866531,192
30985,140085871,140085817,54
30986,140097876,140097822,54
30987,140271310,140271206,104
30988,140336646,140336590,56
30989,140672860,140672800,60
30990,140678899,140678835,64
30991,140714861,140714716,145
30992,140786655,140786562,93
30993,140985618,140985618,0
30994,140985618,140985479,139
30995,140985618,140985479,139
30996,140985479,140985479,0
30997,140997187,140996619,568
30998,140996704,140996619,85
30999,140997174,140996619,555
31000,141293076,141291773,1303
31001,141291773,141291773,0
31002,142122066,142122032,34
31003,142605307,142605219,88
31004,142722319,142718924,3395
31005,142723019,142718924,4095
31006,142723926,142718924,5002
31007,142718924,142718924,0
31008,142804516,142803762,754
31009,142968357,142967664,693
31010,144337728,144337334,394
31011,144907360,144906481,879
31012,144907360,144906481,879
31013,144907360,144906481,879
31014,144907360,144906481,879
31015,144907360,144906481,879
31016,144907360,144906481,879
31017,144907360,144906481,879
31018,144907360,144906481,879
31019,144906481,144906481,0
31020,144911370,144909531,1839
31021,145891929,145891826,103
31022,145896249,145896241,8
31023,147003676,147003493,183
31024,147015206,147014933,273
31025,147032156,147030364,1792
31026,147032647,147030364,2283
31027,147032647,147030350,2297
31028,147032647,147030364,2283
31029,147032647,147030364,2283
31030,147032647,147030350,2297
31031,147032647,147030364,2283
31032,147032156,147030364,1792
31033,147108187,147106520,1667
31034,147985907,147985792,115
31035,148082193,148072862,9331
31036,148082193,148072862,9331
31037,148082193,148072862,9331
31038,148082193,148072862,9331
31039,148082193,148072862,9331
31040,148082193,148072862,9331
31041,148571971,148564738,7233
31042,148586884,148586667,217
31043,148586884,148585700,1184
31044,148586884,148579712,7172
31045,148614590,148568465,46125
31046,148615468,148579712,35756
31047,148586884,148586667,217
31048,148586884,148586667,217
31049,148622504,148619700,2804
31050,148629312,148628508,804
31051,148629312,148628508,804
31052,148629312,148628508,804
31053,148632086,148630969,1117
31054,148669116,148664835,4281
31055,148664835,148664835,0
31056,148676974,148676360,614
31057,148713487,148713263,224
31058,148713487,148713263,224
31059,148713487,148682116,31371
31060,148690521,148690487,34
31061,148798928,148798436,492
31062,148798928,148798436,492
31063,148798928,148798436,492
31064,148853774,148853029,745
31065,148858528,148858448,80
31066,148869399,148868820,579
31067,148868820,148868820,0
31068,149014609,149014003,606
31069,149014609,149014003,606
31070,149014609,149014003,606
31071,149014003,149014003,0
31072,149103202,149102092,1110
31073,149106716,149102092,4624
31074,149639762,149639762,0
31075,149682448,149681343,1105
31076,149682448,149678272,4176
31077,149682448,149678272,4176
31078,149682448,149678272,4176
31079,149841616,149840068,1548
31080,149841616,149840068,1548
31081,149841616,149840068,1548
31082,149841616,149840068,1548
31083,149933397,149931202,2195
31084,149904171,149903971,200
31085,149933397,149931202,2195
31086,149933575,149931202,2373
31087,150067289,150067061,228
31088,150067289,150067061,228
31089,150067289,150067061,228
31090,150067289,150067061,228
31091,150067289,150067061,228
31092,150159248,150156387,2861
31093,150159248,150154667,4581
31094,150159248,150156387,2861
31095,150349114,150348932,182
31096,150349937,150349909,28
31097,150577836,150573530,4306
31098,150845211,150844615,596
31099,150870063,150869505,558
31100,150870063,150869505,558
31101,150891664,150891231,433
31102,150914036,150912970,1066
31103,151093642,151093090,552
31104,151093642,151093090,552
31105,151093642,151093090,552
31106,151093310,151093090,220
31107,151093642,151093090,552
31108,151093642,151093090,552
31109,151093090,151093090,0
31110,151143151,151143097,54
31111,151286411,151284012,2399
31112,151307050,151284012,23038
31113,151307050,151304092,2958
31114,151307050,151304092,2958
31115,151307050,151304092,2958
31116,151304092,151304092,0
31117,151619831,151533042,86789
31118,151821825,151821744,81
31119,151870814,151870255,559
31120,151870814,151870255,559
31121,151870255,151870255,0
31122,151877747,151877594,153
31123,151877747,151877594,153
31124,151887095,151886540,555
31125,151887095,151886540,555
31126,151887095,151886540,555
31127,151887095,151886540,555
31128,151887095,151886540,555
31129,151887095,151886540,555
31130,151886540,151886540,0
31131,151903101,151900800,2301
31132,151903184,151900800,2384
31133,151903184,151900800,2384
31134,151900800,151900800,0
31135,151909518,151909208,310
31136,151909518,151909208,310
31137,151909518,151908838,680
31138,151922364,151919887,2477
31139,151922364,151919887,2477
31140,151922364,151919887,2477
31141,151922364,151919887,2477
31142,151922364,151919887,2477
31143,151919887,151919887,0
31144,151928738,151928428,310
31145,151928738,151928428,310
31146,151938240,151936166,2074
31147,151936166,151936166,0
31148,151999301,151999254,47
31149,152037907,152037660,247
31150,152037907,152037660,247
31151,152142025,152139085,2940
31152,152142025,152139085,2940
31153,152142025,152139085,2940
31154,152142025,152139085,2940
31155,152142025,152139085,2940
31156,152142025,152139085,2940
31157,152142025,152139085,2940
31158,152142025,152139085,2940
31159,152142025,152139085,2940
31160,152142025,152139085,2940
31161,152160761,152160142,619
31162,152160761,152160142,619
31163,152160761,152160142,619
31164,152162671,152160142,2529
31165,152160142,152160142,0
31166,152228827,152226804,2023
31167,152226804,152226804,0
31168,152243402,152242645,757
31169,152242645,152242645,0
31170,152246070,152245351,719
31171,152245351,152245351,0
31172,152340107,152340107,0
31173,152486116,152483010,3106
31174,152483010,152483010,0
31175,152618384,152613231,5153
31176,152617037,152613433,3604
31177,152617037,152613433,3604
31178,152687086,152687086,0
31179,152710888,152710888,0
31180,152711945,152710888,1057
31181,152711945,152710888,1057
31182,152713367,152713251,116
31183,152736603,152736045,558
31184,152736603,152736045,558
31185,152775004,152773903,1101
31186,152848387,152845461,2926
31187,152848387,152845756,2631
31188,152848387,152845756,2631
31189,152848387,152845756,2631
31190,152864632,152864521,111
31191,152864632,152864521,111
31192,152916781,152915760,1021
31193,152916781,152915760,1021
31194,152938743,152938725,18
31195,152939816,152939630,186
31196,152939816,152937442,2374
31197,152939816,152939630,186
31198,152939277,152938301,976
31199,152952247,152938301,13946
31200,152962048,152960669,1379
31201,152962048,152960669,1379
31202,152962048,152960669,1379
31203,152958247,152957961,286
31204,152989556,152989119,437
31205,152989582,152988699,883
31206,152989838,152988699,1139
31207,152990201,152988699,1502
31208,153010216,153009189,1027
31209,153037742,153037331,411
31210,153038396,153038231,165
31211,153045940,153044494,1446
31212,153045940,153044494,1446
31213,153045940,153044494,1446
31214,153051187,153050975,212
31215,153051187,153050975,212
31216,153051187,153050975,212
31217,153051187,153050975,212
31218,153051187,153050975,212
31219,153059978,153059781,197
31220,153059978,153059781,197
31221,153059978,153059781,197
31222,153053052,153052920,132
31223,153063967,153063888,79
31224,153063967,153063888,79
31225,153063967,153063888,79
31226,153069517,153069254,263
31227,153095351,153073867,21484
31228,153096003,153095753,250
31229,153096003,153073359,22644
31230,153096003,153095753,250
31231,153096003,153095753,250
31232,153141399,153141291,108
31233,153141399,153141291,108
31234,153141500,153141291,209
31235,153151628,153141291,10337
31236,153136415,153136380,35
31237,153151628,153141291,10337
31238,153172620,153172182,438
31239,153172620,153172182,438
31240,153172620,153171890,730
31241,153187626,153187260,366
31242,153191714,153191656,58
31243,153191714,153191656,58
31244,153200607,153200357,250
31245,153200607,153200357,250
31246,153200607,153200357,250
31247,153200607,153200357,250
31248,153210232,153210062,170
31249,153210232,153210062,170
31250,153236819,153236291,528
31251,153248646,153248299,347
31252,153248299,153248299,0
31253,153285342,153285263,79
31254,153285342,153285263,79
31255,153285342,153285263,79
31256,153285266,153285263,3
31257,153363188,153357667,5521
31258,153363188,153363122,66
31259,153424507,153424401,106
31260,153441837,153441447,390
31261,153462352,153461531,821
31262,153482668,153482667,1
31263,153499470,153498649,821
31264,153523454,153520470,2984
31265,153523564,153520470,3094
31266,153523796,153518106,5690
31267,153558713,153558038,675
31268,153558713,153558038,675
31269,153558713,153558038,675
31270,153558713,153558038,675
31271,153586723,153582648,4075
31272,153603006,153599613,3393
31273,153603006,153599613,3393
31274,153609883,153609557,326
31275,153630680,153629195,1485
31276,153630680,153629364,1316
31277,153630680,153629195,1485
31278,153630680,153629195,1485
31279,153632038,153631777,261
31280,153637551,153633909,3642
31281,153637575,153633909,3666
31282,153640427,153633909,6518
31283,153640427,153633909,6518
31284,153640427,153633909,6518
31285,153650063,153649343,720
31286,153650063,153649343,720
31287,153650063,153649343,720
31288,153650063,153649343,720
31289,153650063,153649343,720
31290,153650063,153649343,720
31291,153664862,153664237,625
31292,153664862,153664237,625
31293,153670141,153668490,1651
31294,153671814,153671019,795
31295,153671814,153671019,795
31296,153679002,153678780,222
31297,153701985,153701028,957
31298,153707596,153707254,342
31299,153714932,153714923,9
31300,153719002,153717279,1723
31301,153719002,153717279,1723
31302,153719002,153717279,1723
31303,153717279,153717279,0
31304,153744566,153744096,470
31305,153744566,153744096,470
31306,153744566,153741217,3349
31307,153744566,153744096,470
31308,153744566,153744096,470
31309,153775233,153775085,148
31310,153775787,153774370,1417
31311,153793261,153792676,585
31312,153784846,153784630,216
31313,153793261,153792676,585
31314,153793261,153792676,585
31315,153793261,153792676,585
31316,153791168,153791168,0
31317,153791168,153789989,1179
31318,153791168,153791104,64
31319,153800188,153800053,135
31320,153815075,153814923,152
31321,153847522,153847469,53
31322,153861448,153861242,206
31323,153871017,153869899,1118
31324,153881853,153881789,64
31325,153881853,153881789,64
31326,153979348,153979300,48
31327,153979348,153979300,48
31328,153979348,153979300,48
31329,153979858,153927770,52088
31330,154005964,154005142,822
31331,154005964,154005142,822
31332,154033802,154028031,5771
31333,154033802,154033648,154
31334,154033802,154033648,154
31335,154033802,154033648,154
31336,154033802,154033648,154
31337,154062937,154059131,3806
31338,154114577,154114432,145
31339,154250998,154250827,171
31340,154113833,154113672,161
31341,154116336,154115765,571
31342,154134848,154133148,1700
31343,154255215,154255092,123
31344,154285191,154282947,2244
31345,154299547,154292298,7249
31346,154299547,154294285,5262
31347,154305564,154305520,44
31348,154351349,154348425,2924
31349,154351349,154348425,2924
31350,154351349,154348425,2924
31351,154468098,154467123,975
31352,154468098,154467123,975
31353,154493852,154493573,279
31354,154563986,154563736,250
31355,154563986,154563736,250
31356,154610944,154610783,161
31357,154613450,154612879,571
31358,154688276,154688261,15
31359,154689596,154689588,8
31360,154716707,154716705,2
31361,154842622,154774937,67685
31362,154842622,154774937,67685
31363,155012117,155004400,7717
31364,155004400,155004400,0
31365,155173433,155171615,1818
31366,155173433,155171615,1818
31367,155173433,155171615,1818
31368,155173433,155171615,1818
31369,155173433,155171803,1630
31370,155173433,155171615,1818
31371,155237484,155237455,29
31372,155240482,155239517,965
31373,155240482,155240074,408
31374,155253125,155253124,1
31375,155255330,155255039,291
31376,170022,166002,4020
31377,180887,180886,1
31378,180887,180826,61
31379,252254,251653,601
31380,297690,297426,264
31381,297690,272166,25524
31382,557558,555371,2187
31383,570146,569564,582
31384,1281529,1281527,2
31385,1281529,1275338,6191
31386,1281643,1281527,116
31387,1374711,1374628,83
31388,1378828,1378372,456
31389,1378828,1374394,4434
31390,1378828,1378372,456
31391,1378828,1378372,456
31392,1378828,1378372,456
31393,1378828,1378482,346
31394,1378828,1378372,456
31395,1378828,1374394,4434
31396,1451582,1451358,224
31397,1451582,1451358,224
31398,1461039,1460902,137
31399,1521870,1521733,137
31400,1521870,1521733,137
31401,1521870,1511140,10730
31402,1522655,1511129,11526
31403,1535451,1535451,0
31404,1606037,1281527,324510
31405,1606037,1535451,70586
31406,1669196,1668514,682
31407,1671411,1670487,924
31408,1711974,1711907,67
31409,1711974,1711907,67
31410,1711974,1711907,67
31411,2358760,2358760,0
31412,2368580,2358760,9820
31413,2369015,2368966,49
31414,2369015,2358760,10255
31415,2369015,2358760,10255
31416,2609350,2601405,7945
31417,2609350,2608845,505
31418,2609350,2608845,505
31419,2655792,2655644,148
31420,2734997,2734935,62
31421,2845221,2844892,329
31422,2850547,2848034,2513
31423,2850547,2848034,2513
31424,2850547,2848034,2513
31425,3447843,3447843,0
31426,3448082,3447843,239
31427,4968748,4968748,0
31428,4969478,4968781,697
31429,4973485,4972402,1083
31430,4973485,4972402,1083
31431,4973485,4972402,1083
31432,5610264,5605983,4281
31433,6117053,6116866,187
31434,6117053,6116119,934
31435,6740661,6740649,12
31436,6742068,6740649,1419
31437,6959724,6959533,191
31438,6959724,6959533,191
31439,6959724,6959533,191
31440,6959724,6959533,191
31441,9177699,9176952,747
31442,9177699,9177699,0
31443,9177699,9177699,0
31444,9198202,9198014,188
31445,9198202,9197267,935
31446,9238826,9238638,188
31447,9238826,9237891,935
31448,9307358,9307170,188
31449,9307358,9306425,933
31450,9327689,9326755,934
31451,9327689,9327502,187
31452,9347389,9346733,656
31453,9368285,9368097,188
31454,9368285,9367350,935
31455,14533389,14532121,1268
31456,14972768,14971341,1427
31457,15026743,15026579,164
31458,15026936,15026912,24
31459,15032390,15030034,2356
31460,15032390,15030034,2356
31461,15032390,15030034,2356
31462,15032390,15030034,2356
31463,15471043,15470985,58
31464,15478273,15478256,17
31465,15522993,15508806,14187
31466,15582109,15471711,110398
31467,15592550,15467811,124739
31468,15592550,15591545,1005
31469,15592550,15591545,1005
31470,15592550,15591545,1005
31471,15592550,15467811,124739
31472,15592550,15591545,1005
31473,15592550,15591545,1005
31474,15592550,15591545,1005
31475,15592550,15591545,1005
31476,15592550,15591545,1005
31477,15592550,15478256,114294
31478,15592550,15591545,1005
31479,15592550,15591545,1005
31480,15592550,15478256,114294
31481,15592550,15478256,114294
31482,15592550,15591545,1005
31483,15592550,15591545,1005
31484,15592550,15591545,1005
31485,15592550,15591545,1005
31486,15592550,15591545,1005
31487,15592550,15508806,83744
31488,15592550,15508806,83744
31489,15592550,15591545,1005
31490,15592550,15522911,69639
31491,15592550,15471711,120839
31492,15592550,15591545,1005
31493,15592550,15591545,1005
31494,15592550,15591545,1005
31495,15592550,15472324,120226
31496,15592550,15508806,83744
31497,15592550,15478256,114294
31498,15592550,15591545,1005
31499,15592550,15591545,1005
31500,15592550,15471838,120712
31501,15592550,15508806,83744
31502,15592550,15591545,1005
31503,15592550,15591545,1005
31504,15592550,15478256,114294
31505,15592550,15591545,1005
31506,15592550,15591545,1005
31507,15592550,15591545,1005
31508,15592550,15591545,1005
31509,15592550,15508806,83744
31510,15592550,15591545,1005
31511,15592550,15478256,114294
31512,15592550,15591545,1005
31513,15592550,15478256,114294
31514,15592550,15591545,1005
31515,15592550,15591545,1005
31516,15592550,15591545,1005
31517,15592550,15478256,114294
31518,15592550,15522911,69639
31519,15592550,15471711,120839
31520,15592550,15508806,83744
31521,15592550,15591545,1005
31522,15592550,15522911,69639
31523,15592550,15591545,1005
31524,15592550,15591545,1005
31525,15592550,15591545,1005
31526,15592550,15478256,114294
31527,15592550,15478256,114294
31528,15592550,15478256,114294
31529,15592550,15591545,1005
31530,15592550,15591545,1005
31531,15592550,15591545,1005
31532,15592550,15478256,114294
31533,15592550,15478256,114294
31534,15592550,15591545,1005
31535,15592550,15591545,1005
31536,15592550,15591545,1005
31537,15592550,15591545,1005
31538,15592550,15591545,1005
31539,15592550,15591545,1005
31540,15592550,15478256,114294
31541,15592550,15591545,1005
31542,15592550,15591545,1005
31543,15592550,15591545,1005
31544,15592550,15591545,1005
31545,15592550,15508806,83744
31546,15592550,15508806,83744
31547,15592550,15508806,83744
31548,15592550,15508806,83744
31549,15592550,15522911,69639
31550,15592550,15508806,83744
31551,15592550,15471838,120712
31552,15592550,15591545,1005
31553,15592550,15591545,1005
31554,15592550,15591545,1005
31555,15592550,15591545,1005
31556,15592550,15591545,1005
31557,15592550,15478256,114294
31558,15592550,15478256,114294
31559,15592550,15591545,1005
31560,15592550,15591545,1005
31561,15592550,15591545,1005
31562,15592550,15591545,1005
31563,15592550,15591545,1005
31564,15592550,15591545,1005
31565,15592550,15591545,1005
31566,15592550,15508806,83744
31567,15592550,15591545,1005
31568,15592550,15508806,83744
31569,15592550,15591545,1005
31570,15592550,15591545,1005
31571,15592550,15591545,1005
31572,15592550,15508806,83744
31573,15592550,15591545,1005
31574,15592550,15591545,1005
31575,15817902,15817139,763
31576,16098392,16098320,72
31577,16168838,16168739,99
31578,16845429,16845417,12
31579,16955848,16953142,2706
31580,16955848,16953142,2706
31581,16955848,16953142,2706
31582,16955848,16953142,2706
31583,16955848,16953142,2706
31584,19882440,19881777,663
31585,19992100,19991772,328
31586,20139627,20139620,7
31587,20298915,20298351,564
31588,20710478,20710357,121
31589,20750849,20750520,329
31590,20935621,20935504,117
31591,20935621,20935504,117
31592,21154705,21154595,110
31593,21665039,21636709,28330
31594,21877625,21877594,31
31595,21906825,21906420,405
31596,21906825,21906420,405
31597,21906825,21906420,405
31598,21906825,21906420,405
31599,21906825,21906420,405
31600,22755040,22754232,808
31601,22942918,22942918,0
31602,23687672,23687394,278
31603,23687672,23687394,278
31604,23687672,23687394,278
31605,23687672,23687394,278
31606,23711212,23710934,278
31607,23711212,23710934,278
31608,23711212,23710934,278
31609,23711212,23710934,278
31610,24040673,24038660,2013
31611,24040673,24038569,2104
31612,24040673,24038660,2013
31613,24040673,24032830,7843
31614,24064214,24062201,2013
31615,24064214,24056371,7843
31616,24064214,24062201,2013
31617,24064214,24062110,2104
31618,24242154,24230986,11168
31619,24319162,24319157,5
31620,24327120,24327116,4
31621,24329089,24327116,1973
31622,24329089,24327116,1973
31623,24329089,24327116,1973
31624,24329089,24327116,1973
31625,24462352,24460912,1440
31626,24564028,24563750,278
31627,24564028,24563750,278
31628,24564028,24563750,278
31629,24660784,24660217,567
31630,25151610,25144415,7195
31631,25345254,25344947,307
31632,25345254,25344947,307
31633,25345254,25344947,307
31634,25345254,25344947,307
31635,25426231,25426231,0
31636,25431683,25431648,35
31637,25431683,25431648,35
31638,25431683,25431648,35
31639,25437503,25431648,5855
31640,25437503,25431648,5855
31641,25437503,25431648,5855
31642,25437503,25431648,5855
31643,25437503,25431648,5855
31644,25437503,25431648,5855
31645,25437503,25431648,5855
31646,25437503,25431648,5855
31647,25437503,25431648,5855
31648,25840710,25840674,36
31649,26194161,26193835,326
31650,26194161,26193835,326
31651,26333378,26333370,8
31652,26785352,26778157,7195
31653,26920695,26920637,58
31654,26959639,26959332,307
31655,26959639,26959332,307
31656,27047357,27047322,35
31657,27047357,27047322,35
31658,27053187,27047322,5865
31659,27053187,27047322,5865
31660,27053187,27047322,5865
31661,27053187,27047322,5865
31662,27053187,27047322,5865
31663,27053187,27047322,5865
31664,27053187,27047322,5865
31665,27053187,27047322,5865
31666,27198251,27190170,8081
31667,27632852,27629755,3097
31668,27770485,27770212,273
31669,27771048,27770674,374
31670,28134248,28134216,32
31671,59107406,59107406,0
31672,59115123,59107406,7717
31673,59276439,59274621,1818
31674,59276439,59274621,1818
31675,59276439,59274621,1818
31676,59276439,59274621,1818
31677,59276439,59274809,1630
31678,59276439,59274621,1818
31679,59340490,59340461,29
31680,59343488,59342523,965
31681,59343488,59343080,408
31682,59356131,59356130,1
31683,59358336,59358045,291
31684,95178,95178,0
31685,300577,298410,2167
31686,295729,295049,680
31687,300577,298410,2167
31688,300577,298410,2167
31689,300577,298410,2167
31690,295729,295049,680
31691,295729,295049,680
31692,300577,298410,2167
31693,300577,298410,2167
31694,300577,298410,2167
31695,735608,735518,90
31696,415907,415722,185
31697,419130,415527,3603
31698,460050,459997,53
31699,531104,530882,222
31700,698595,697355,1240
31701,711109,708902,2207
31702,977645,931661,45984
31703,1063708,1063167,541
31704,1063708,1063167,541
31705,1063708,1063167,541
31706,1071799,1070663,1136
31707,1090141,1089670,471
31708,1090141,1089670,471
31709,1091076,1090083,993
31710,1095061,1094943,118
31711,1102644,1090083,12561
31712,1096202,1095589,613
31713,1178237,1175284,2953
31714,1142566,1142210,356
31715,1178237,1175284,2953
31716,1178237,1175284,2953
31717,1138119,1136420,1699
31718,1234186,1233803,383
31719,1234186,1230929,3257
31720,1246331,1246296,35
31721,1779670,1779344,326
31722,1599179,1599122,57
31723,2056542,2056454,88
31724,3178997,3178771,226
31725,3178997,3178771,226
31726,3178997,3178771,226
31727,3172175,3172175,0
31728,3178997,3178771,226
31729,3178997,3178771,226
31730,3215033,3214964,69
31731,3215033,3214964,69
31732,3215033,3214964,69
31733,3215033,3214971,62
31734,3214908,3214405,503
31735,3215033,3212396,2637
31736,3827473,3827206,267
31737,3827473,3827206,267
31738,3827473,3827206,267
31739,3827473,3827206,267
31740,4888391,4888011,380
31741,4890251,4889722,529
31742,4890251,4889722,529
31743,4890251,4889722,529
31744,5020158,5019934,224
31745,5010035,5009307,728
31746,5020158,5019934,224
31747,5149878,5149695,183
31748,5046206,5046027,179
31749,5060225,5046027,14198
31750,5060225,5046027,14198
31751,5046206,5046027,179
31752,5149878,5149695,183
31753,5149878,5149695,183
31754,5140368,5139790,578
31755,5149878,5149695,183
31756,5260910,5260723,187
31757,5416169,5416169,0
31758,5446793,5446755,38
31759,5446793,5446755,38
31760,5501019,5498957,2062
31761,5501019,5498957,2062
31762,5501019,5498957,2062
31763,5501019,5498957,2062
31764,5541533,5541401,132
31765,5568225,5567498,727
31766,5708558,5708514,44
31767,5708558,5708514,44
31768,5805703,5804995,708
31769,5805703,5804995,708
31770,5855512,5855221,291
31771,5855512,5855221,291
31772,5855512,5853893,1619
31773,5931860,5931317,543
31774,5931860,5931317,543
31775,5931860,5931317,543
31776,5931860,5931317,543
31777,5979558,5979243,315
31778,5979558,5979243,315
31779,5979558,5979243,315
31780,5979558,5979243,315
31781,6019574,6019560,14
31782,6019574,6019455,119
31783,6019574,6019455,119
31784,6019574,6019560,14
31785,6020150,6008282,11868
31786,6020150,6002456,17694
31787,6104333,6104114,219
31788,6104333,6104114,219
31789,6067988,6067938,50
31790,6159422,6157519,1903
31791,6159422,6157519,1903
31792,6277507,6274905,2602
31793,6277507,6274905,2602
31794,6277507,6274905,2602
31795,6277507,6274864,2643
31796,6557280,6557196,84
31797,6622254,6557097,65157
31798,6622254,6557097,65157
31799,6622254,6556991,65263
31800,6622254,6552960,69294
31801,7451303,7423860,27443
31802,7453448,7423860,29588
31803,7453448,7423860,29588
31804,7453448,7423860,29588
31805,7661636,7661553,83
31806,7708961,7708855,106
31807,7708961,7708855,106
31808,7791483,7791297,186
31809,7829990,7829896,94
31810,7829990,7822076,7914
31811,7841605,7841161,444
31812,7844838,7844821,17
31813,7844838,7844821,17
31814,7849762,7848943,819
31815,7849762,7849625,137
31816,8057016,8056714,302
31817,8117164,8115986,1178
31818,8117164,8115986,1178
31819,11356752,11356364,388
31820,11374605,11371016,3589
31821,11378672,11371016,7656
31822,11374605,11371016,3589
31823,11378672,11371016,7656
31824,11374605,11371016,3589
31825,11374605,11371016,3589
31826,11378672,11371016,7656
31827,11378672,11371016,7656
31828,11300496,11291150,9346
31829,11371060,11371016,44
31830,11374605,11371016,3589
31831,11574274,11574231,43
31832,11653679,11639633,14046
31833,11806065,11805543,522
31834,11914276,11912405,1871
31835,12077896,12077422,474
31836,12084840,12077422,7418
31837,12085169,12077422,7747
31838,12084840,12077422,7418
31839,12165227,12162887,2340
31840,12207403,12206453,950
31841,12207403,12206453,950
31842,12211957,12211326,631
31843,12238143,12228290,9853
31844,12258491,12257852,639
31845,12292589,12292336,253
31846,12868137,12867724,413
31847,12871733,12870886,847
31848,13043704,13043570,134
31849,13180276,13178866,1410
31850,13180276,13178866,1410
31851,13180276,13178866,1410
31852,13180276,13178866,1410
31853,13180276,13178866,1410
31854,13180276,13178866,1410
31855,13253104,13251310,1794
31856,13253104,13251310,1794
31857,13253104,13251160,1944
31858,13276328,13276258,70
31859,13341746,13336541,5205
31860,13342130,13342042,88
31861,13378793,13378419,374
31862,13380881,13380857,24
31863,13390298,13386950,3348
31864,13390298,13380800,9498
31865,13390298,13386950,3348
31866,13390298,13386950,3348
31867,13390298,13386950,3348
31868,13544976,13542069,2907
31869,13523124,13523088,36
31870,13544976,13542069,2907
31871,13672868,13672340,528
31872,14372866,14372101,765
31873,14372866,14372101,765
31874,14014369,14013799,570
31875,14050160,14050151,9
31876,14590627,14572458,18169
31877,14614188,14572458,41730
31878,14646417,14572458,73959
31879,14646417,14572458,73959
31880,14816896,14816662,234
31881,14879983,14879945,38
31882,14879983,14879945,38
31883,14880574,14867535,13039
31884,14888998,14885893,3105
31885,14888998,14885580,3418
31886,14892196,14891814,382
31887,14913740,14913605,135
31888,14946304,14944511,1793
31889,14946304,14944511,1793
31890,14946304,14944511,1793
31891,14946304,14944511,1793
31892,14946304,14944511,1793
31893,14946304,14944511,1793
31894,14996094,14996009,85
31895,14965674,14964999,675
31896,14996094,14978538,17556
31897,14996094,14981825,14269
31898,14996094,14981825,14269
31899,14996094,14978538,17556
31900,14996094,14996009,85
31901,14996094,14981825,14269
31902,14996094,14978538,17556
31903,14996094,14978538,17556
31904,15063862,15063819,43
31905,15014850,15014640,210
31906,15130775,15060131,70644
31907,15115851,15115228,623
31908,15115851,15115228,623
31909,15130775,15130727,48
31910,15139318,15138823,495
31911,15138823,15138823,0
31912,15146256,15146165,91
31913,15146256,15146165,91
31914,15146256,15146165,91
31915,15146256,15146165,91
31916,15146165,15146165,0
31917,15202124,15175089,27035
31918,15210695,15210611,84
31919,15210695,15210529,166
31920,15197346,15197319,27
31921,15413058,15413051,7
31922,15761770,15761770,0
31923,15761770,15761770,0
31924,15902519,15902298,221
31925,15902519,15879259,23260
31926,16555744,16553255,2489
31927,16555744,16553255,2489
31928,16555744,16553255,2489
31929,16555744,16553255,2489
31930,16555744,16553255,2489
31931,16564004,16563064,940
31932,16859382,16859080,302
31933,16859453,16859080,373
31934,16859453,16824033,35420
31935,16859453,16859080,373
31936,17171816,17171764,52
31937,16949747,16946094,3653
31938,17244070,17243633,437
31939,17244070,17210877,33193
31940,17244070,17216623,27447
31941,17211538,17210877,661
31942,17244070,17243633,437
31943,17216659,17216623,36
31944,17279592,17279270,322
31945,17496254,17496254,0
31946,17659373,17659338,35
31947,17659373,17659338,35
31948,17659373,17659338,35
31949,17758821,17756779,2042
31950,17758821,17756779,2042
31951,17758821,17756779,2042
31952,17842866,17838503,4363
31953,17842866,17838503,4363
31954,17953178,17952481,697
31955,18200091,18199394,697
31956,18089854,18085490,4364
31957,18089854,18085490,4364
31958,18200091,18199394,697
31959,18332221,18331762,459
31960,18332221,18331762,459
31961,18332221,18331762,459
31962,18332221,18331762,459
31963,18830688,18828653,2035
31964,18830688,18828653,2035
31965,18830688,18828653,2035
31966,18830688,18828653,2035
31967,18830688,18828653,2035
31968,18830688,18828653,2035
31969,18830688,18828653,2035
31970,18830688,18828653,2035
31971,18830688,18828653,2035
31972,18807345,18807287,58
31973,18809004,18808658,346
31974,18830688,18828653,2035
31975,18830688,18828653,2035
31976,18809004,18808658,346
31977,18830688,18828653,2035
31978,18830688,18828653,2035
31979,18940550,18940132,418
31980,18966940,18964145,2795
31981,19896829,19896827,2
31982,20023405,20023166,239
31983,20569115,20568748,367
31984,20569115,20568748,367
31985,21186531,21186134,397
31986,21463116,21462762,354
31987,21463116,21462762,354
31988,21435488,21435437,51
31989,21435488,21435437,51
31990,21463852,21463765,87
31991,21463852,21463765,87
31992,21786213,21785743,470
31993,21814611,21806751,7860
31994,21806751,21806751,0
31995,21807121,21806751,370
31996,21846114,21845606,508
31997,21846114,21845871,243
31998,21846114,21845871,243
31999,22032559,22029163,3396
32000,22032559,22030912,1647
32001,21884369,21884367,2
32002,22032559,22030912,1647
32003,22032559,22030912,1647
32004,22292650,22292363,287
32005,22498912,22498912,0
32006,22547477,22541560,5917
32007,22609246,22608927,319
32008,22620414,22618471,1943
32009,22620414,22618471,1943
32010,22706539,22705617,922
32011,22706539,22705617,922
32012,22706539,22701434,5105
32013,22706539,22705610,929
32014,22706539,22705617,922
32015,22726858,22726745,113
32016,22880710,22880587,123
32017,23003503,23003255,248
32018,23326514,23326408,106
32019,23326514,23326408,106
32020,23326514,23326408,106
32021,23250656,23248798,1858
32022,23410942,23409791,1151
32023,23483181,23482835,346
32024,23633772,23633706,66
32025,23731310,23729832,1478
32026,24836772,24835253,1519
32027,24836772,24835253,1519
32028,24836772,24835253,1519
32029,24836772,24835253,1519
32030,24836772,24835253,1519
32031,24813693,24813693,0
32032,24836417,24834047,2370
32033,24836417,24834047,2370
32034,24836417,24834047,2370
32035,24836417,24834047,2370
32036,24833410,24833410,0
32037,25012597,25010828,1769
32038,25012169,25010828,1341
32039,24922409,24918954,3455
32040,25011208,25010828,380
32041,25011208,25010828,380
32042,25241533,25241504,29
32043,25241533,25241504,29
32044,25305085,25304865,220
32045,25351208,25350077,1131
32046,25315593,25314384,1209
32047,25314384,25314384,0
32048,25465205,25464951,254
32049,25891157,25888203,2954
32050,25891157,25888203,2954
32051,26312410,26310590,1820
32052,26455168,26455143,25
32053,26501465,26500892,573
32054,26501465,26500990,475
32055,26508251,26508249,2
32056,26590048,26589890,158
32057,26593491,26589890,3601
32058,26790867,26790106,761
32059,26831124,26830648,476
32060,26856732,26856417,315
32061,27035726,27035402,324
32062,27035726,27035266,460
32063,27035726,27035402,324
32064,27066170,27066068,102
32065,27150016,27149792,224
32066,27150016,27149792,224
32067,27150016,27149792,224
32068,27150016,27149792,224
32069,27150016,27149792,224
32070,27150016,27149792,224
32071,27150016,27149792,224
32072,27150016,27149792,224
32073,27150016,27149792,224
32074,27150016,27149792,224
32075,27150016,27149792,224
32076,27150016,27149792,224
32077,27369107,27366592,2515
32078,27389427,27389255,172
32079,27389427,27389255,172
32080,27443349,27443139,210
32081,27443349,27443139,210
32082,27443349,27443139,210
32083,27443349,27443139,210
32084,27475848,27475465,383
32085,27475848,27475465,383
32086,27475848,27475465,383
32087,27529808,27529617,191
32088,27529808,27529422,386
32089,27529808,27520724,9084
32090,27529808,27520724,9084
32091,27531068,27529323,1745
32092,27531068,27520724,10344
32093,27531068,27520724,10344
32094,27529808,27507104,22704
32095,27541235,27539392,1843
32096,27703297,27703179,118
32097,27831166,27826980,4186
32098,27831166,27826980,4186
32099,27831166,27826980,4186
32100,27831166,27827020,4146
32101,27831166,27826980,4186
32102,28034778,28032344,2434
32103,28034778,28032344,2434
32104,28270846,28233852,36994
32105,28272367,28270406,1961
32106,28287791,28284071,3720
32107,28287977,28284071,3906
32108,28270846,28270406,440
32109,28571067,28527533,43534
32110,28571067,28527533,43534
32111,28591995,28527533,64462
32112,28912041,28908535,3506
32113,28912041,28908535,3506
32114,28897360,28897359,1
32115,28912041,28908535,3506
32116,28912041,28908535,3506
32117,28912041,28908535,3506
32118,28971868,28971330,538
32119,29600158,29599988,170
32120,29776785,29776232,553
32121,29744631,29743496,1135
32122,29811564,29811421,143
32123,29844037,29843987,50
32124,29923901,29843987,79914
32125,30024730,29843987,180743
32126,29785447,29785365,82
32127,30025864,29843987,181877
32128,30348488,30336741,11747
32129,30348488,30336741,11747
32130,30404420,30318662,85758
32131,30348488,30336741,11747
32132,30638267,30638204,63
32133,30663377,30654262,9115
32134,30638267,30638204,63
32135,30750762,30749765,997
32136,30750762,30749765,997
32137,30750762,30749765,997
32138,30918647,30918634,13
32139,31005942,31001572,4370
32140,31288446,31139186,149260
32141,31320866,31146615,174251
32142,31320866,31165963,154903
32143,31320866,31138025,182841
32144,31320866,31165963,154903
32145,31320866,31146615,174251
32146,31320866,31165963,154903
32147,31320866,31165963,154903
32148,31320866,31138025,182841
32149,31818742,31816192,2550
32150,31818742,31816192,2550
32151,31810864,31810864,0
32152,31810864,31810864,0
32153,31813041,31813040,1
32154,31818742,31816192,2550
32155,31818742,31816192,2550
32156,31818742,31816192,2550
32157,31818742,31816192,2550
32158,31818742,31816192,2550
32159,31818742,31816192,2550
32160,31818742,31816192,2550
32161,32098256,32098081,175
32162,32197854,32197783,71
32163,32217804,32197783,20021
32164,32217804,32197783,20021
32165,32217804,32197783,20021
32166,32217804,32197783,20021
32167,32217804,32197783,20021
32168,32217804,32197777,20027
32169,32345371,32344901,470
32170,32636146,32635843,303
32171,32636146,32594799,41347
32172,32636146,32635843,303
32173,32667726,32667421,305
32174,32667726,32667421,305
32175,32863492,32863363,129
32176,32863492,32863363,129
32177,32807433,32806884,549
32178,33165508,33165321,187
32179,33165508,33165321,187
32180,33171792,33165321,6471
32181,33165508,33165321,187
32182,33224486,33224486,0
32183,33246822,33224486,22336
32184,33247293,33224486,22807
32185,33623768,33623310,458
32186,33623833,33623310,523
32187,33623833,33623310,523
32188,33623833,33623310,523
32189,33623833,33552688,71145
32190,33623833,33623310,523
32191,33623833,33623310,523
32192,33623768,33623310,458
32193,33624006,33623310,696
32194,35104253,35103923,330
32195,35104253,35103923,330
32196,35104253,35103923,330
32197,35104253,35103923,330
32198,35104253,35103923,330
32199,35104253,35103923,330
32200,35104253,35103923,330
32201,35104253,35103923,330
32202,34715659,34688337,27322
32203,35104253,35103923,330
32204,35104253,35103923,330
32205,35104253,35103923,330
32206,34673182,34671825,1357
32207,34885385,34759189,126196
32208,35104253,35103923,330
32209,35363258,35363154,104
32210,35363258,35363023,235
32211,35363258,35343391,19867
32212,35379311,35360245,19066
32213,35379570,35360245,19325
32214,35379311,35360245,19066
32215,35468775,35468257,518
32216,35501886,35500326,1560
32217,35501886,35500731,1155
32218,35501886,35500326,1560
32219,35501886,35500326,1560
32220,35501886,35500731,1155
32221,35501886,35500731,1155
32222,35501886,35500731,1155
32223,35501886,35500731,1155
32224,35501886,35500326,1560
32225,35501886,35500326,1560
32226,35468775,35468257,518
32227,35501886,35500731,1155
32228,35501886,35500731,1155
32229,35501886,35500731,1155
32230,35468775,35468257,518
32231,35501886,35500731,1155
32232,35501886,35500731,1155
32233,35501886,35500731,1155
32234,35501886,35500326,1560
32235,35501886,35500731,1155
32236,35499678,35498285,1393
32237,35499678,35498285,1393
32238,35501886,35500326,1560
32239,35501886,35500731,1155
32240,35501886,35500326,1560
32241,35501886,35500731,1155
32242,35501886,35500326,1560
32243,35501886,35500731,1155
32244,35501886,35500326,1560
32245,35501886,35500326,1560
32246,35501886,35500731,1155
32247,35501886,35500731,1155
32248,35860847,35858098,2749
32249,35860847,35858098,2749
32250,35860847,35858098,2749
32251,35860847,35858098,2749
32252,35860847,35858098,2749
32253,35860847,35858098,2749
32254,35897863,35897554,309
32255,35930362,35930357,5
32256,37520608,37520397,211
32257,37521495,37520397,1098
32258,37891859,37890972,887
32259,38146564,38145238,1326
32260,38147012,38145238,1774
32261,38146564,38145238,1326
32262,38146564,38145238,1326
32263,38146564,38145238,1326
32264,38147012,38145238,1774
32265,38265453,38260650,4803
32266,38265453,38246381,19072
32267,38348995,38345488,3507
32268,38348995,38345488,3507
32269,38348995,38345488,3507
32270,38348995,38345488,3507
32271,38348995,38345488,3507
32272,38348995,38345488,3507
32273,38348995,38345488,3507
32274,38348995,38345488,3507
32275,38348995,38345488,3507
32276,38348995,38345488,3507
32277,38348995,38345488,3507
32278,38354026,38353045,981
32279,38348995,38345488,3507
32280,38412278,38407765,4513
32281,38412278,38407765,4513
32282,38412278,38407765,4513
32283,38647980,38647459,521
32284,38654939,38654866,73
32285,38654939,38654866,73
32286,43133992,43132376,1616
32287,43133992,43132376,1616
32288,43133992,43090061,43931
32289,43330385,43326544,3841
32290,43622952,43622202,750
32291,43625797,43623717,2080
32292,43622952,43622202,750
32293,43657765,43657669,96
32294,43680754,43678990,1764
32295,43725187,43725102,85
32296,43762367,43701564,60803
32297,43871783,43871614,169
32298,43892279,43883332,8947
32299,43892794,43883332,9462
32300,43903299,43883332,19967
32301,43904332,43883332,21000
32302,43904656,43883332,21324
32303,43904696,43883332,21364
32304,43883332,43883332,0
32305,43883132,43882750,382
32306,43978007,43977370,637
32307,44063907,44053527,10380
32308,44070066,44053527,16539
32309,44070066,44053527,16539
32310,44070066,44053527,16539
32311,44053527,44053527,0
32312,44113352,44112817,535
32313,44113352,44112817,535
32314,44144152,44141581,2571
32315,44144326,44141581,2745
32316,44285865,44285835,30
32317,44790097,44789391,706
32318,44880545,44880453,92
32319,44880545,44880453,92
32320,44880545,44880453,92
32321,44880545,44880453,92
32322,44880545,44880453,92
32323,45430642,45430582,60
32324,45430642,45430582,60
32325,45490172,45488777,1395
32326,45490172,45488777,1395
32327,45490172,45488777,1395
32328,45490172,45488777,1395
32329,45474330,45473478,852
32330,45473478,45473478,0
32331,45487450,45487448,2
32332,45490172,45488777,1395
32333,45496470,45496307,163
32334,45500777,45499491,1286
32335,45499491,45499491,0
32336,45811056,45799870,11186
32337,45803015,45799858,3157
32338,45799870,45799870,0
32339,45941567,45941135,432
32340,45941567,45941135,432
32341,45941567,45941135,432
32342,45941567,45941062,505
32343,45957652,45956708,944
32344,46030819,46028659,2160
32345,46030819,46028659,2160
32346,46090354,46028659,61695
32347,46090354,46028659,61695
32348,46143982,46121830,22152
32349,46168251,46159173,9078
32350,46168251,46159173,9078
32351,46168251,46148469,19782
32352,46168251,46148469,19782
32353,46168251,46159173,9078
32354,46168251,46159173,9078
32355,46274583,46274583,0
32356,46288412,46287848,564
32357,46288412,46287848,564
32358,46288412,46287848,564
32359,46288412,46287848,564
32360,46288412,46287848,564
32361,46342921,46342795,126
32362,46342921,46342795,126
32363,46342921,46342795,126
32364,46349325,46342137,7188
32365,46620058,46619946,112
32366,46620058,46619935,123
32367,46620058,46619935,123
32368,46640660,46640605,55
32369,46640660,46640605,55
32370,46640660,46619946,20714
32371,46640660,46605859,34801
32372,46640660,46619935,20725
32373,46640660,46605859,34801
32374,46640660,46568099,72561
32375,46640660,46605859,34801
32376,46640660,46619935,20725
32377,46640660,46640605,55
32378,46640660,46640605,55
32379,46640660,46640605,55
32380,46641003,46605859,35144
32381,46641003,46605859,35144
32382,46641003,46605859,35144
32383,46641003,46619935,21068
32384,46641003,46605859,35144
32385,46675703,46675568,135
32386,46679484,46673615,5869
32387,46939145,46938367,778
32388,46970601,46970448,153
32389,46970601,46970448,153
32390,46970601,46967710,2891
32391,47000568,47000257,311
32392,47000257,47000257,0
32393,47088320,47087911,409
32394,47088320,47087911,409
32395,47087911,47087911,0
32396,47174143,47173918,225
32397,47174143,47173918,225
32398,47174143,47173918,225
32399,47168730,47167120,1610
32400,47174143,47174116,27
32401,47181688,47181662,26
32402,47213626,47213514,112
32403,47421238,47420456,782
32404,47753182,47752658,524
32405,47763040,47762187,853
32406,47763040,47762187,853
32407,47763040,47762187,853
32408,47949417,47948853,564
32409,47949417,47948853,564
32410,47949417,47948853,564
32411,48237508,48237210,298
32412,48252125,48252087,38
32413,48261706,48260988,718
32414,48271368,48270515,853
32415,48271368,48270515,853
32416,48271368,48270515,853
32417,48270592,48270515,77
32418,48373866,48371555,2311
32419,48371555,48371555,0
32420,48390991,48390877,114
32421,48416853,48416693,160
32422,48439138,48438710,428
32423,48439138,48438710,428
32424,48439138,48438710,428
32425,48806985,48806873,112
32426,48806985,48806862,123
32427,48806985,48806862,123
32428,48827581,48827526,55
32429,48827581,48827526,55
32430,48827581,48806873,20708
32431,48827581,48792783,34798
32432,48827581,48806862,20719
32433,48827581,48792783,34798
32434,48827581,48754992,72589
32435,48827581,48792783,34798
32436,48827581,48806862,20719
32437,48827581,48827526,55
32438,48827581,48827526,55
32439,48827581,48827526,55
32440,48827924,48792783,35141
32441,48827924,48792783,35141
32442,48827924,48792783,35141
32443,48827924,48806862,21062
32444,48827924,48792783,35141
32445,48862688,48862468,220
32446,48906921,48902872,4049
32447,49207825,49207799,26
32448,49239658,49239499,159
32449,49383240,49383020,220
32450,49384184,49381067,3117
32451,49459800,49459732,68
32452,49482941,49482610,331
32453,49482941,49459732,23209
32454,49386933,49381067,5866
32455,49643183,49643072,111
32456,49643183,49643072,111
32457,49643183,49642938,245
32458,49643183,49643072,111
32459,49643183,49642938,245
32460,49643183,49643072,111
32461,49643183,49642938,245
32462,49643183,49642938,245
32463,49659558,49659322,236
32464,49701692,49701533,159
32465,49813176,49812841,335
32466,49813176,49812841,335
32467,49813176,49812841,335
32468,49860561,49860330,231
32469,49864310,49661428,202882
32470,49944287,49944202,85
32471,50191001,50190620,381
32472,50032214,50031262,952
32473,50122280,50122200,80
32474,50143242,50122200,21042
32475,50183641,50183197,444
32476,50186438,50186437,1
32477,50323559,50323530,29
32478,50323559,50323530,29
32479,50342065,50341963,102
32480,50396407,50396381,26
32481,50396407,50396381,26
32482,50396407,50396381,26
32483,50535537,50534898,639
32484,50534898,50534898,0
32485,50599907,50599907,0
32486,50604062,50603486,576
32487,50684356,50682150,2206
32488,50710168,50691493,18675
32489,50714526,50696224,18302
32490,50747169,50741010,6159
32491,50747169,50741010,6159
32492,50747584,50741010,6574
32493,50725160,50725160,0
32494,50873150,50873092,58
32495,50820766,50820385,381
32496,50873150,50873092,58
32497,50873150,50873092,58
32498,50873150,50873092,58
32499,50873150,50873092,58
32500,50901939,50901834,105
32501,50902948,50902648,300
32502,50904090,50902004,2086
32503,50916956,50916663,293
32504,50966753,50966719,34
32505,50970425,50966638,3787
32506,50970425,50966638,3787
32507,50970425,50959994,10431
32508,50970425,50959994,10431
32509,51371316,51371179,137
32510,51371316,51361801,9515
32511,51371331,51371070,261
32512,51371331,51363744,7587
32513,51371331,51371066,265
32514,51371331,51069642,301689
32515,51371331,51371070,261
32516,51371344,51364742,6602
32517,51729967,51371070,358897
32518,51246409,51246409,0
32519,51246409,51246409,0
32520,51246409,51246409,0
32521,51252949,51245751,7198
32522,51371331,51246292,125039
32523,51371344,51363744,7600
32524,51734610,51732824,1786
32525,51734610,51732824,1786
32526,51734610,51732824,1786
32527,51486327,51486201,126
32528,51562518,51562400,118
32529,51562518,51562395,123
32530,51590734,51586675,4059
32531,51590734,51589230,1504
32532,51590734,51589230,1504
32533,51590734,51589230,1504
32534,51590734,51589230,1504
32535,51590734,51589230,1504
32536,51590734,51589230,1504
32537,51623386,51623214,172
32538,51623386,51612971,10415
32539,51623386,51623214,172
32540,51631894,51631894,0
32541,51770259,51769946,313
32542,51893262,51893260,2
32543,51893269,51892705,564
32544,51893269,51892705,564
32545,51893269,51892705,564
32546,51893269,51892705,564
32547,52008370,52008370,0
32548,52008370,52008370,0
32549,52383737,52103874,279863
32550,52384923,52384795,128
32551,52104105,52103874,231
32552,52177940,52103874,74066
32553,52382747,52103874,278873
32554,52514569,52514500,69
32555,52514569,52514500,69
32556,52645435,52610547,34888
32557,52645435,52610547,34888
32558,52645435,52619700,25735
32559,52645435,52619700,25735
32560,52645435,52619700,25735
32561,52645435,52610547,34888
32562,52645435,52619700,25735
32563,53227711,53227682,29
32564,54058110,54053660,4450
32565,53822616,53822395,221
32566,54058110,54053660,4450
32567,53459355,53459309,46
32568,54058110,54053660,4450
32569,54077417,54076567,850
32570,54531460,54531395,65
32571,56561051,56424022,137029
32572,56561051,56424022,137029
32573,56424050,56424022,28
32574,56561051,56424022,137029
32575,56561051,56424022,137029
32576,56561051,56424022,137029
32577,56424050,56424022,28
32578,56424050,56424022,28
32579,56561051,56424022,137029
32580,56561051,56424022,137029
32581,56561051,56424022,137029
32582,56561051,56424022,137029
32583,56561051,56424022,137029
32584,56561051,56424022,137029
32585,56561051,56424022,137029
32586,56561051,56424022,137029
32587,57387702,56424022,963680
32588,56561051,56424022,137029
32589,57360487,57359734,753
32590,58121034,58120997,37
32591,58121034,58120997,37
32592,58121034,58120997,37
32593,58121034,58119510,1524
32594,58121034,58119510,1524
32595,60027694,60027371,323
32596,60049019,60047410,1609
32597,60130513,60128525,1988
32598,60130513,60128525,1988
32599,60158990,60154834,4156
32600,60158990,60154834,4156
32601,60588845,60588651,194
32602,60574074,60573856,218
32603,61007534,61005351,2183
32604,61007534,61005351,2183
32605,61007534,61005351,2183
32606,61122352,61112104,10248
32607,61122352,61122220,132
32608,61122352,61122220,132
32609,61122661,61112104,10557
32610,61122352,61122286,66
32611,61112234,61112104,130
32612,61469649,61444049,25600
32613,61666414,61666182,232
32614,61842495,61840298,2197
32615,61900774,61900125,649
32616,61900774,61900125,649
32617,61932161,61932077,84
32618,62149634,62149296,338
32619,62332714,62332285,429
32620,62493284,62493077,207
32621,61894116,61894067,49
32622,62332714,61959964,372750
32623,61967991,61967970,21
32624,62547988,62545557,2431
32625,62547988,62545557,2431
32626,62554610,62553733,877
32627,62554610,62553733,877
32628,62554610,62553733,877
32629,62637816,62637786,30
32630,62701612,62671300,30312
32631,62704033,62671300,32733
32632,62704033,62671300,32733
32633,62760736,62671300,89436
32634,62761198,62671300,89898
32635,62761198,62671300,89898
32636,63213208,63212839,369
32637,63526091,63525771,320
32638,63810997,63810870,127
32639,63856707,63852789,3918
32640,63856707,63852789,3918
32641,63996022,63995853,169
32642,63965457,63964763,694
32643,64028466,64028369,97
32644,64028466,64028369,97
32645,64162217,64159548,2669
32646,64162217,64159548,2669
32647,64240048,64239655,393
32648,64431771,64430061,1710
32649,64431771,64430061,1710
32650,64568239,64565632,2607
32651,64576126,64575789,337
32652,64576126,64575639,487
32653,64576126,64575789,337
32654,64578419,64578399,20
32655,64578927,64575789,3138
32656,64914786,64913978,808
32657,64914786,64913978,808
32658,65028982,64976987,51995
32659,65028982,64975173,53809
32660,65028982,64979644,49338
32661,65142595,64979644,162951
32662,65225722,65225422,300
32663,64950868,64950665,203
32664,64968561,64968539,22
32665,65028982,64975173,53809
32666,65225722,65225422,300
32667,65226322,65225666,656
32668,65359067,65359067,0
32669,65384883,65380629,4254
32670,66586634,66585553,1081
32671,69425416,69407271,18145
32672,69455949,69407271,48678
32673,69425416,69407271,18145
32674,69425416,69366653,58763
32675,68688537,68688216,321
32676,68860867,68857554,3313
32677,69425416,69408528,16888
32678,69597937,69597769,168
32679,69597937,69597769,168
32680,69678147,69676350,1797
32681,69678147,69676350,1797
32682,69678147,69676350,1797
32683,69678147,69676350,1797
32684,69752439,69750726,1713
32685,69835103,69832865,2238
32686,69835103,69832865,2238
32687,69835103,69832865,2238
32688,69835103,69793733,41370
32689,69750157,69750055,102
32690,69835103,69832865,2238
32691,69926423,69926421,2
32692,69971773,69970212,1561
32693,69971773,69970212,1561
32694,69971773,69970212,1561
32695,69921923,69921550,373
32696,69926453,69926427,26
32697,69971773,69970212,1561
32698,69971773,69970212,1561
32699,69991870,69991434,436
32700,70056891,70056727,164
32701,70092684,70066601,26083
32702,70092684,70066601,26083
32703,70092684,70066601,26083
32704,70066660,70066601,59
32705,70102953,70101811,1142
32706,70102953,70101811,1142
32707,70102953,70101811,1142
32708,70102953,70101811,1142
32709,70102953,70101811,1142
32710,70137523,70136704,819
32711,70166946,70166619,327
32712,70167051,70166946,105
32713,70167051,70166946,105
32714,70167051,70156583,10468
32715,70167051,70166946,105
32716,70231730,70231621,109
32717,70231642,70231621,21
32718,70287280,70287132,148
32719,70287280,70266404,20876
32720,70287280,70266404,20876
32721,70454239,70451571,2668
32722,70531202,70531202,0
32723,70531202,70531202,0
32724,70531202,70531202,0
32725,70548085,70548084,1
32726,70551309,70551023,286
32727,70531202,70531202,0
32728,70652816,70652492,324
32729,70652816,70652365,451
32730,70652816,70652391,425
32731,70655209,70652492,2717
32732,70652816,70652492,324
32733,70674778,70673981,797
32734,70706603,70706386,217
32735,70744825,70742568,2257
32736,70744825,70742568,2257
32737,70776739,70776172,567
32738,70864567,70863876,691
32739,70864567,70863876,691
32740,70932616,70931025,1591
32741,70932616,70930940,1676
32742,70932616,70931025,1591
32743,70932616,70931025,1591
32744,70968849,70968791,58
32745,70968849,70968791,58
32746,71027315,71026513,802
32747,71027315,71026513,802
32748,71161637,71160891,746
32749,71161637,71160891,746
32750,71161637,71160891,746
32751,71161637,71160891,746
32752,71161637,71160891,746
32753,71149195,71149153,42
32754,71161637,71160891,746
32755,71169038,71168782,256
32756,71176674,71176079,595
32757,71267423,71266734,689
32758,71333210,71332799,411
32759,71332799,71332799,0
32760,71393355,71392815,540
32761,71718904,71718457,447
32762,71718904,71718457,447
32763,71718904,71718457,447
32764,71718904,71718457,447
32765,71718904,71718457,447
32766,71718904,71718457,447
32767,71718904,71718457,447
32768,71718904,71718457,447
32769,71718904,71718457,447
32770,71718904,71718457,447
32771,71718904,71718457,447
32772,71718904,71718457,447
32773,71872040,71871439,601
32774,71883856,71883840,16
32775,71892690,71883840,8850
32776,71892690,71883840,8850
32777,71904484,71904290,194
32778,71906496,71902502,3994
32779,71906496,71906342,154
32780,71906496,71906342,154
32781,71906496,71903636,2860
32782,71930285,71921671,8614
32783,71930285,71921671,8614
32784,71930285,71921423,8862
32785,71993190,71993083,107
32786,72043450,72043432,18
32787,72136535,72136289,246
32788,72141670,72136289,5381
32789,72142406,72136289,6117
32790,72142406,72136289,6117
32791,72142406,72100333,42073
32792,72142406,72136289,6117
32793,72142406,72136289,6117
32794,72188374,72181503,6871
32795,72201465,72201423,42
32796,72328206,72326489,1717
32797,72328206,72326489,1717
32798,72362531,72360658,1873
32799,72362531,72360658,1873
32800,72522195,72520609,1586
32801,72522195,72520609,1586
32802,72506400,72505214,1186
32803,72545157,72543135,2022
32804,72545157,72543135,2022
32805,72545157,72543135,2022
32806,72542122,72542116,6
32807,72542122,72542116,6
32808,72542122,72542116,6
32809,72640932,72637092,3840
32810,72648541,72648290,251
32811,73062635,73059034,3601
32812,73062635,73059034,3601
32813,73123147,73116004,7143
32814,73123147,73122365,782
32815,73123147,73122365,782
32816,73123147,73122365,782
32817,73326693,73326693,0
32818,73377362,73377237,125
32819,73407219,73406518,701
32820,73467264,73466886,378
32821,73492481,73492174,307
32822,73575704,73575035,669
32823,73407219,73406518,701
32824,73479578,73476094,3484
32825,73497581,73476094,21487
32826,73501793,73501741,52
32827,73476094,73476094,0
32828,73533337,73533196,141
32829,73533337,73521469,11868
32830,73575704,73575035,669
32831,73575704,73575035,669
32832,73575704,73575035,669
32833,73575704,73575035,669
32834,73575704,73575035,669
32835,73611082,73610978,104
32836,73773322,73768229,5093
32837,73848531,73848086,445
32838,73848790,73848086,704
32839,73848372,73848086,286
32840,73848790,73848086,704
32841,73963282,73963239,43
32842,73975867,73973056,2811
32843,73976199,73973056,3143
32844,73976199,73973056,3143
32845,73976892,73976608,284
32846,73975657,73973056,2601
32847,73995618,73992874,2744
32848,73995618,73992874,2744
32849,73995618,73992874,2744
32850,73995618,73992874,2744
32851,74035797,74034946,851
32852,74114907,74114757,150
32853,74114907,74114757,150
32854,74114907,74114757,150
32855,74283744,74283617,127
32856,74283744,74237308,46436
32857,74385949,74326551,59398
32858,74647452,74645580,1872
32859,74647452,74645580,1872
32860,74647452,74645580,1872
32861,74692787,74692282,505
32862,74714510,74714443,67
32863,74714510,74714262,248
32864,74714510,74714443,67
32865,74834673,74834641,32
32866,74834673,74834641,32
32867,74856732,74834641,22091
32868,74856732,74834641,22091
32869,74856732,74834641,22091
32870,74856732,74834641,22091
32871,74891581,74890661,920
32872,74891581,74890661,920
32873,74891581,74890661,920
32874,74891581,74886547,5034
32875,74891581,74890661,920
32876,74891581,74890661,920
32877,74927853,74923695,4158
32878,74927853,74923695,4158
32879,74927853,74923695,4158
32880,74927853,74912059,15794
32881,75001939,75000777,1162
32882,75001939,75000777,1162
32883,74995207,74995085,122
32884,75001939,75000777,1162
32885,75001939,75000826,1113
32886,75007262,75006947,315
32887,75008620,75006947,1673
32888,75012451,75012240,211
32889,75051199,75037039,14160
32890,75051199,75037039,14160
32891,75056931,75053143,3788
32892,75118617,75114554,4063
32893,75118617,75114554,4063
32894,75118512,75104855,13657
32895,75173841,75160614,13227
32896,75173841,75160614,13227
32897,75173841,75158077,15764
32898,75173841,75160614,13227
32899,75173841,75160614,13227
32900,75193319,75188042,5277
32901,75193319,75188042,5277
32902,75193319,75187515,5804
32903,75193319,75189422,3897
32904,75226167,75214239,11928
32905,75255782,75255647,135
32906,75255782,75255647,135
32907,75255782,75255647,135
32908,75255782,75239102,16680
32909,75255782,75255647,135
32910,75283508,75283368,140
32911,75290593,75277447,13146
32912,75290593,75277447,13146
32913,75335433,75335416,17
32914,75336095,75335416,679
32915,75351298,75335416,15882
32916,75301496,75301447,49
32917,75401515,75399775,1740
32918,75410787,75410765,22
32919,75415832,75415680,152
32920,75457554,75457513,41
32921,75490272,75457396,32876
32922,75529233,75528973,260
32923,75531933,75530853,1080
32924,75531933,75530853,1080
32925,75531933,75530853,1080
32926,75531933,75530853,1080
32927,75531933,75530853,1080
32928,75534881,75533107,1774
32929,75535529,75535273,256
32930,75535976,75535443,533
32931,75543129,75542250,879
32932,75543406,75542945,461
32933,75546950,75545704,1246
32934,75561556,75561277,279
32935,75561556,75561277,279
32936,75561556,75561534,22
32937,75561556,75561277,279
32938,75561556,75561277,279
32939,75561556,75561277,279
32940,75560652,75560537,115
32941,75566669,75566540,129
32942,75571589,75568146,3443
32943,75571589,75567777,3812
32944,75564210,75563838,372
32945,75566669,75566540,129
32946,75567909,75567777,132
32947,75634349,75634219,130
32948,75634349,75634219,130
32949,75634349,75634219,130
32950,75634349,75634219,130
32951,75634349,75634219,130
32952,75634349,75634219,130
32953,75601969,75579323,22646
32954,75634349,75634219,130
32955,75597269,75597239,30
32956,75597269,75597239,30
32957,75634349,75602275,32074
32958,75682535,75672002,10533
32959,75677258,75676323,935
32960,75677258,75676323,935
32961,75677258,75676323,935
32962,75677258,75676323,935
32963,75676401,75676323,78
32964,75879914,75877927,1987
32965,75874145,75874145,0
32966,75879914,75877927,1987
32967,75879914,75877927,1987
32968,75879914,75877927,1987
32969,75910519,75898137,12382
32970,75910826,75898137,12689
32971,75910826,75898137,12689
32972,75910826,75898137,12689
32973,76469061,76468203,858
32974,76469061,76468203,858
32975,76469061,76468203,858
32976,76469061,76468203,858
32977,76792380,76790804,1576
32978,76792380,76790804,1576
32979,76792380,76790804,1576
32980,76818272,76818272,0
32981,76859248,76857642,1606
32982,76868970,76868915,55
32983,76868970,76863834,5136
32984,76868970,76868915,55
32985,76868970,76863834,5136
32986,76868970,76863834,5136
32987,76868970,76857642,11328
32988,76941881,76936450,5431
32989,76941881,76936012,5869
32990,76991207,76990747,460
32991,76991207,76990747,460
32992,76991207,76990747,460
32993,76991207,76990747,460
32994,76991207,76990747,460
32995,76995770,76995686,84
32996,77161513,77161177,336
32997,78317126,78317046,80
32998,79397577,79397400,177
32999,79397577,79397400,177
33000,78943290,78869998,73292
33001,79110519,78977302,133217
33002,78870101,78870023,78
33003,79397577,79397400,177
33004,79397577,79397400,177
33005,79397577,79397400,177
33006,79397577,79397400,177
33007,79397577,79397400,177
33008,79397577,79397400,177
33009,79397577,79397400,177
33010,79579806,79577583,2223
33011,79613295,79613240,55
33012,79686348,79686278,70
33013,79601951,79601887,64
33014,79629368,79627895,1473
33015,79689583,79686963,2620
33016,79789298,79789165,133
33017,79800473,79797728,2745
33018,79800473,79799964,509
33019,79800473,79800384,89
33020,79816571,79814768,1803
33021,80763560,80763477,83
33022,81076285,81072506,3779
33023,80977183,80976159,1024
33024,81076285,81072506,3779
33025,81056692,81053542,3150
33026,81076285,81072506,3779
33027,81115089,81113598,1491
33028,81115089,81113518,1571
33029,81203928,81203924,4
33030,81205383,81205196,187
33031,81270678,81270319,359
33032,81276192,81272870,3322
33033,81320163,81319239,924
33034,81320163,81319239,924
33035,81375199,81373869,1330
33036,81375199,81373869,1330
33037,81375199,81373869,1330
33038,81375199,81373869,1330
33039,81375199,81373869,1330
33040,81375199,81373869,1330
33041,81375199,81373869,1330
33042,81375199,81373869,1330
33043,81708861,81706415,2446
33044,81852307,81850168,2139
33045,81852307,81850673,1634
33046,81852307,81841964,10343
33047,81852307,81850139,2168
33048,81852307,81841920,10387
33049,81852307,81850673,1634
33050,81852307,81841964,10343
33051,81852307,81850139,2168
33052,81852307,81841920,10387
33053,81904784,81904666,118
33054,81931076,81931026,50
33055,81964247,81932617,31630
33056,81965328,81932617,32711
33057,81965328,81932617,32711
33058,81965328,81932617,32711
33059,81965328,81930627,34701
33060,81965433,81932617,32816
33061,82049434,82049179,255
33062,82116514,82112357,4157
33063,82116514,82112357,4157
33064,82116511,82112357,4154
33065,82116514,82112357,4157
33066,82127829,82126707,1122
33067,82127829,82126707,1122
33068,82127829,82126707,1122
33069,82127829,82126707,1122
33070,82127829,82126707,1122
33071,82192753,82191855,898
33072,82192753,82191855,898
33073,82192753,82191855,898
33074,82192753,82191855,898
33075,82192753,82191855,898
33076,82192753,82191855,898
33077,82282391,82277732,4659
33078,82282391,82277732,4659
33079,82282391,82277732,4659
33080,82406316,82403837,2479
33081,82406316,82403837,2479
33082,82406316,82403841,2475
33083,84746935,84745361,1574
33084,84746935,84745361,1574
33085,84746935,84745361,1574
33086,84746935,84745361,1574
33087,84746935,84745361,1574
33088,84746935,84745361,1574
33089,84746935,84745361,1574
33090,84746935,84745361,1574
33091,84746935,84745361,1574
33092,84746935,84745361,1574
33093,84746935,84745361,1574
33094,84746935,84745361,1574
33095,84746935,84745361,1574
33096,84746935,84745361,1574
33097,85913311,85912104,1207
33098,85913311,85912104,1207
33099,85913311,85912104,1207
33100,85945050,85944522,528
33101,85977121,85974377,2744
33102,85979376,85979032,344
33103,85977121,85974377,2744
33104,85977121,85974377,2744
33105,85985284,85985276,8
33106,85985284,85985276,8
33107,86001217,86001195,22
33108,86010273,86010183,90
33109,86018944,86018395,549
33110,86018944,86018395,549
33111,86018944,86018395,549
33112,86133761,86133661,100
33113,86278276,86273299,4977
33114,86278276,86274023,4253
33115,86278276,86273299,4977
33116,87551316,87489317,61999
33117,88126250,88126149,101
33118,88230860,88230832,28
33119,88281496,88281487,9
33120,88281541,88277826,3715
33121,88281541,88277826,3715
33122,88281157,88277826,3331
33123,88281525,88281487,38
33124,88281541,88277826,3715
33125,88426216,88425508,708
33126,88426216,88425508,708
33127,88426605,88426604,1
33128,88423870,88423748,122
33129,88476528,88476526,2
33130,88495824,88492733,3091
33131,88459810,88459131,679
33132,88459810,88459131,679
33133,88459810,88459131,679
33134,88495824,88492733,3091
33135,88495824,88492733,3091
33136,88495824,88492733,3091
33137,88486208,88486021,187
33138,88495009,88492756,2253
33139,88684945,88683476,1469
33140,88717425,88717298,127
33141,88717425,88703492,13933
33142,88717425,88717298,127
33143,88723017,88722742,275
33144,88730571,88730505,66
33145,88730666,88730339,327
33146,88769960,88769662,298
33147,88769960,88769662,298
33148,88784487,88784431,56
33149,88853844,88836357,17487
33150,88853844,88853735,109
33151,88854776,88854526,250
33152,88951222,88950440,782
33153,88951222,88950440,782
33154,88994733,88994465,268
33155,89126950,89126681,269
33156,89130452,89127129,3323
33157,89313218,89312235,983
33158,89313218,89311942,1276
33159,89313218,89312235,983
33160,89507462,89505727,1735
33161,89507462,89505727,1735
33162,89552512,89552500,12
33163,89574639,89574356,283
33164,89577917,89574356,3561
33165,89605369,89603962,1407
33166,89623194,89622244,950
33167,89728532,89725229,3303
33168,90343082,90342947,135
33169,90343082,90342947,135
33170,90305279,90305235,44
33171,90343082,90342947,135
33172,90366733,90366664,69
33173,90429295,90428517,778
33174,90438572,90438438,134
33175,90438572,90438438,134
33176,90438572,90438438,134
33177,90438572,90438438,134
33178,90512513,90512513,0
33179,90537999,90537999,0
33180,90580303,90580258,45
33181,90580303,90580258,45
33182,90611732,90611364,368
33183,90683259,90682981,278
33184,90734910,90733070,1840
33185,90683259,90682981,278
33186,90683259,90682981,278
33187,90712580,90708687,3893
33188,90712580,90707137,5443
33189,90751147,90708687,42460
33190,90712580,90708687,3893
33191,90775542,90774207,1335
33192,90775542,90770563,4979
33193,90775542,90774207,1335
33194,90775542,90773887,1655
33195,90775542,90773876,1666
33196,90967071,90967049,22
33197,90985006,90984938,68
33198,91011660,91007405,4255
33199,91011660,91007405,4255
33200,91174382,91172608,1774
33201,91174382,91172608,1774
33202,91069033,91067132,1901
33203,91100725,91099885,840
33204,91100725,91099885,840
33205,91144962,91144495,467
33206,91166244,91163469,2775
33207,91166244,91163469,2775
33208,91166244,91163469,2775
33209,91166244,91163469,2775
33210,91166244,91163469,2775
33211,91163469,91163469,0
33212,91178576,91178405,171
33213,91180759,91178405,2354
33214,91196561,91196030,531
33215,91295313,91222335,72978
33216,91403648,91403481,167
33217,91403648,91403481,167
33218,91403648,91403468,180
33219,91405329,91405059,270
33220,91534700,91533805,895
33221,91534700,91533805,895
33222,91534700,91533805,895
33223,92617671,92617428,243
33224,92617671,92617428,243
33225,92617671,92617428,243
33226,92661947,92660436,1511
33227,92654973,92654762,211
33228,92661947,92660436,1511
33229,92668312,92663019,5293
33230,92681032,92680784,248
33231,92912837,92912746,91
33232,93044088,93038073,6015
33233,93044088,93038073,6015
33234,93044088,93038073,6015
33235,93222967,93221965,1002
33236,93274520,93272141,2379
33237,93274520,93272141,2379
33238,93274520,93272141,2379
33239,93274520,93272141,2379
33240,93392858,93392726,132
33241,93625232,93622756,2476
33242,93669258,93668726,532
33243,93668726,93668726,0
33244,93790080,93788690,1390
33245,93749337,93749336,1
33246,93756937,93756865,72
33247,94000118,94000107,11
33248,94003036,94000107,2929
33249,94050875,94000107,50768
33250,94050875,94000107,50768
33251,94113721,94110964,2757
33252,94113721,94110964,2757
33253,94180347,94179927,420
33254,94257518,94243085,14433
33255,94257518,94243085,14433
33256,94333852,94333776,76
33257,94415152,94413553,1599
33258,94455408,94454525,883
33259,94819251,94818112,1139
33260,94819251,94818112,1139
33261,94661595,94659405,2190
33262,94819251,94818112,1139
33263,94819251,94818112,1139
33264,94819251,94818112,1139
33265,94819251,94818112,1139
33266,94828454,94828454,0
33267,94837641,94837061,580
33268,94837641,94837061,580
33269,95242074,95241951,123
33270,95242074,95241951,123
33271,95242074,95241951,123
33272,95242074,95237970,4104
33273,95288849,95287910,939
33274,95288849,95287910,939
33275,95349829,95347366,2463
33276,95349829,95347366,2463
33277,95360993,95360785,208
33278,95425429,95425175,254
33279,95462329,95459863,2466
33280,95460095,95459863,232
33281,95462913,95462800,113
33282,95557542,95557540,2
33283,95557916,95557560,356
33284,95557916,95557560,356
33285,95662491,95661247,1244
33286,95662491,95661247,1244
33287,95662491,95661247,1244
33288,95721672,95721153,519
33289,96088148,96084837,3311
33290,96088148,96084837,3311
33291,96088148,96084837,3311
33292,96085355,96084837,518
33293,96122683,96122595,88
33294,96122683,96114770,7913
33295,96296089,96292853,3236
33296,96361856,96361379,477
33297,96361856,96361379,477
33298,96361856,96361379,477
33299,96361856,96361379,477
33300,96361856,96361379,477
33301,96361856,96361379,477
33302,96361856,96361379,477
33303,96361856,96361379,477
33304,96495947,96495201,746
33305,96495947,96495201,746
33306,96541754,96541754,0
33307,96612671,96612671,0
33308,96612671,96612671,0
33309,96703022,96702106,916
33310,96749148,96748785,363
33311,96749148,96748785,363
33312,96829254,96827406,1848
33313,96829254,96827406,1848
33314,96829254,96829159,95
33315,96829254,96828978,276
33316,96829254,96827187,2067
33317,96829254,96827187,2067
33318,96988686,96988541,145
33319,96985148,96985148,0
33320,97050905,97050672,233
33321,97145062,97144136,926
33322,97181830,97158800,23030
33323,97197312,97197286,26
33324,97197312,97197286,26
33325,97200937,97200892,45
33326,97200937,97200892,45
33327,97200937,97200892,45
33328,97200937,97200892,45
33329,97200937,97200892,45
33330,97321171,97200892,120279
33331,97321171,97200892,120279
33332,97321171,97200892,120279
33333,97321171,97200892,120279
33334,97321171,97200892,120279
33335,97321171,97200892,120279
33336,97416567,97413134,3433
33337,97416567,97413134,3433
33338,97416567,97397163,19404
33339,97416567,97393328,23239
33340,97453900,97453656,244
33341,97453900,97453656,244
33342,97453900,97453710,190
33343,97453711,97452722,989
33344,97605843,97605440,403
33345,97637023,97626140,10883
33346,97637023,97626140,10883
33347,97637023,97626140,10883
33348,97637023,97626140,10883
33349,97637023,97626140,10883
33350,97637023,97626140,10883
33351,97637023,97626140,10883
33352,97637023,97626140,10883
33353,97698415,97697966,449
33354,97792441,97791765,676
33355,97792441,97791765,676
33356,97820625,97817998,2627
33357,97820625,97817998,2627
33358,97820625,97817998,2627
33359,97920530,97920123,407
33360,97923517,97920530,2987
33361,97923517,97920123,3394
33362,97923517,97920123,3394
33363,98031333,98031155,178
33364,98031333,97987280,44053
33365,98031333,97987280,44053
33366,98031333,97987280,44053
33367,98031333,97987280,44053
33368,98031333,98031155,178
33369,98031333,98031155,178
33370,98031333,97975140,56193
33371,98031333,98031155,178
33372,98031333,98031155,178
33373,98098321,98097981,340
33374,98098321,98097981,340
33375,98116916,98113212,3704
33376,98119092,98113212,5880
33377,98119092,98118653,439
33378,98119092,98118653,439
33379,98273683,98273442,241
33380,98273683,98273442,241
33381,98346809,98346592,217
33382,98392998,98392816,182
33383,98429368,98416587,12781
33384,98480279,98480151,128
33385,98724198,98718175,6023
33386,98724198,98715679,8519
33387,98742626,98742626,0
33388,98724198,98715679,8519
33389,98718663,98715679,2984
33390,98745585,98744891,694
33391,98945683,98945431,252
33392,98945683,98945431,252
33393,99030447,99030391,56
33394,99052430,99052384,46
33395,99052430,99052384,46
33396,99052430,99019380,33050
33397,99081672,99080050,1622
33398,99094458,99094329,129
33399,99127133,99126889,244
33400,99133494,99130251,3243
33401,99150601,99150549,52
33402,99161127,99160988,139
33403,99161127,99160988,139
33404,99161127,99160988,139
33405,99193198,99192281,917
33406,99193198,99192281,917
33407,99205768,99205742,26
33408,99217127,99216648,479
33409,99217127,99216648,479
33410,99217127,99216648,479
33411,99217127,99216648,479
33412,99217127,99216648,479
33413,99217127,99216648,479
33414,99221558,99221352,206
33415,99227340,99227313,27
33416,99243908,99237122,6786
33417,99258149,99237122,21027
33418,99258366,99258141,225
33419,99258366,99258141,225
33420,99258513,99258141,372
33421,99330960,99330280,680
33422,99343641,99343482,159
33423,99343641,99343482,159
33424,99360705,99359042,1663
33425,99372555,99371416,1139
33426,99372555,99371416,1139
33427,99436187,99433499,2688
33428,99350691,99350326,365
33429,99393344,99379410,13934
33430,99393344,99393344,0
33431,99393344,99393344,0
33432,99393913,99379410,14503
33433,99393344,99393344,0
33434,99436187,99433499,2688
33435,99446625,99439662,6963
33436,99447015,99439662,7353
33437,99477909,99474155,3754
33438,99520664,99519057,1607
33439,99520664,99519057,1607
33440,99520664,99519057,1607
33441,99520664,99519057,1607
33442,99520664,99519057,1607
33443,99520664,99519057,1607
33444,99520664,99519057,1607
33445,99531756,99531590,166
33446,99631335,99625457,5878
33447,99696123,99677341,18782
33448,99790585,99790229,356
33449,99790585,99790229,356
33450,100004654,100003915,739
33451,100004654,100003915,739
33452,100004654,100003915,739
33453,100004654,100003915,739
33454,100004654,100003915,739
33455,100028007,100022776,5231
33456,100174978,100174892,86
33457,100174978,100174892,86
33458,100206704,100202997,3707
33459,100185742,100185625,117
33460,100206704,100202997,3707
33461,100206704,100202997,3707
33462,100995632,100995559,73
33463,100995632,100995559,73
33464,100995632,100995559,73
33465,100995632,100995559,73
33466,101125049,101124887,162
33467,101154087,101151273,2814
33468,101154087,101151273,2814
33469,101154087,101151273,2814
33470,101148033,101147929,104
33471,101154087,101151273,2814
33472,101190530,101190322,208
33473,101190530,101190322,208
33474,101296280,101295478,802
33475,101371868,101371136,732
33476,101372701,101372411,290
33477,101380221,101380092,129
33478,101418994,101372315,46679
33479,101380221,101380092,129
33480,101471002,101464440,6562
33481,101471002,101464440,6562
33482,101492423,101491806,617
33483,101492423,101491806,617
33484,101492423,101486769,5654
33485,101507468,101507177,291
33486,101515894,101515496,398
33487,101611662,101611388,274
33488,101658042,101648674,9368
33489,101673838,101673833,5
33490,101690753,101690520,233
33491,101769676,101731881,37795
33492,101841642,101841382,260
33493,101945734,101945383,351
33494,101945814,101945383,431
33495,101945814,101937941,7873
33496,101989344,101989289,55
33497,102027437,102027350,87
33498,102027437,102006656,20781
33499,102027437,102027350,87
33500,102027437,102005636,21801
33501,102027437,102016111,11326
33502,102046469,102046416,53
33503,102090243,102089697,546
33504,102090243,102089860,383
33505,102124588,102120690,3898
33506,102243399,102242573,826
33507,102276754,102276709,45
33508,102279595,102276709,2886
33509,102279595,102259887,19708
33510,102279595,102259887,19708
33511,102279595,102259887,19708
33512,102268550,102262127,6423
33513,102279595,102276709,2886
33514,102279595,102276709,2886
33515,102289636,102276709,12927
33516,102289636,102268787,20849
33517,102289636,102289608,28
33518,102313681,102307894,5787
33519,102589698,102587440,2258
33520,102589698,102586852,2846
33521,102589698,102587376,2322
33522,102589698,102587440,2258
33523,102589698,102587376,2322
33524,102589698,102587376,2322
33525,102584506,102584505,1
33526,102673643,102673059,584
33527,102686499,102686011,488
33528,102719347,102719328,19
33529,102724891,102721669,3222
33530,102686499,102686011,488
33531,102740739,102740737,2
33532,102745373,102744650,723
33533,102745373,102743888,1485
33534,102747272,102747200,72
33535,102747272,102747200,72
33536,102747272,102747200,72
33537,102747272,102747200,72
33538,102747272,102747200,72
33539,102747272,102747200,72
33540,102754158,102753267,891
33541,102754158,102753267,891
33542,102754158,102750782,3376
33543,102754158,102750782,3376
33544,102767593,102766925,668
33545,102767593,102766925,668
33546,102767593,102766925,668
33547,102767593,102766925,668
33548,102790914,102789976,938
33549,102790914,102789976,938
33550,102790914,102789976,938
33551,102800998,102799342,1656
33552,102800998,102799342,1656
33553,102825351,102824677,674
33554,102824178,102824178,0
33555,102827891,102827063,828
33556,102890903,102849662,41241
33557,102897546,102896670,876
33558,102897546,102896428,1118
33559,102988717,102988572,145
33560,102998616,102997770,846
33561,103317078,103310617,6461
33562,103317078,103310617,6461
33563,103317078,103310617,6461
33564,103348654,103348324,330
33565,103342950,103342732,218
33566,103344096,103343405,691
33567,103347883,103347117,766
33568,103347883,103347068,815
33569,103348027,103347117,910
33570,103348027,103347117,910
33571,103348027,103347117,910
33572,103348027,103345764,2263
33573,103348027,103347117,910
33574,103348027,103343405,4622
33575,103348027,103347068,959
33576,103348027,103345764,2263
33577,103369410,103369228,182
33578,103454743,103454397,346
33579,103535759,103535657,102
33580,103535759,103535657,102
33581,103535759,103535657,102
33582,103535759,103535657,102
33583,103535759,103534513,1246
33584,103540126,103534513,5613
33585,103543170,103543147,23
33586,103578222,103577779,443
33587,103578222,103577779,443
33588,103578222,103577779,443
33589,103578222,103577779,443
33590,103578222,103572840,5382
33591,103588634,103588633,1
33592,103590195,103588944,1251
33593,103599611,103599597,14
33594,103603677,103603325,352
33595,103603677,103603325,352
33596,103603677,103603325,352
33597,103603677,103603325,352
33598,103603677,103603325,352
33599,103603677,103603325,352
33600,103603677,103588944,14733
33601,103603677,103603325,352
33602,103599611,103599597,14
33603,103603677,103603325,352
33604,103815932,103799871,16061
33605,103815932,103799871,16061
33606,103827795,103827559,236
33607,103874723,103871210,3513
33608,103880210,103879867,343
33609,103874723,103871210,3513
33610,103910090,103909786,304
33611,103910090,103909786,304
33612,103910090,103909786,304
33613,103923627,103922026,1601
33614,103923627,103922026,1601
33615,103923627,103922026,1601
33616,103923627,103922026,1601
33617,103923627,103922026,1601
33618,103989344,103989009,335
33619,104001231,103991837,9394
33620,104120733,104118498,2235
33621,104142656,104142093,563
33622,104142656,104142093,563
33623,104142656,104142093,563
33624,104162286,104162133,153
33625,104162286,104162133,153
33626,104158699,104158698,1
33627,104162286,104162133,153
33628,104162286,104162133,153
33629,104169041,104168849,192
33630,104178901,104176795,2106
33631,104179484,104173941,5543
33632,104179691,104176795,2896
33633,104179484,104176795,2689
33634,104182049,104182047,2
33635,104182893,104182750,143
33636,104182893,104182750,143
33637,104192423,104184945,7478
33638,104216050,104215131,919
33639,104211300,104211225,75
33640,104216049,104214099,1950
33641,104232006,104231865,141
33642,104236802,104235741,1061
33643,104236802,104235741,1061
33644,104238858,104238858,0
33645,104232006,104231865,141
33646,104262512,104262404,108
33647,104262512,104247999,14513
33648,104262512,104248867,13645
33649,104378416,104377335,1081
33650,104379220,104378828,392
33651,104393214,104389912,3302
33652,104418076,104417111,965
33653,104474190,104474032,158
33654,104498946,104497519,1427
33655,104576021,104573088,2933
33656,104576021,104573088,2933
33657,104597290,104597118,172
33658,104624718,104622681,2037
33659,104624718,104622681,2037
33660,104661655,104660457,1198
33661,104650480,104650459,21
33662,104661655,104660457,1198
33663,104687375,104687139,236
33664,104838344,104836937,1407
33665,104838344,104836937,1407
33666,104913384,104913061,323
33667,104953063,104934715,18348
33668,104953063,104934715,18348
33669,104953063,104860499,92564
33670,105007773,105006440,1333
33671,105040454,105039719,735
33672,105050108,105048426,1682
33673,105110891,105110823,68
33674,105110891,105110823,68
33675,105148822,105147980,842
33676,105148822,105147980,842
33677,105156270,105152214,4056
33678,105156270,105152214,4056
33679,105156270,105152214,4056
33680,105206019,105205306,713
33681,105212162,105209698,2464
33682,105212162,105209698,2464
33683,105212162,105209698,2464
33684,105212658,105209698,2960
33685,105218648,105218508,140
33686,105238997,105238789,208
33687,105352309,105350129,2180
33688,105352309,105350129,2180
33689,105452934,105452843,91
33690,105428432,105420849,7583
33691,105452934,105452843,91
33692,105453381,105420849,32532
33693,105496624,105496557,67
33694,105615164,105615024,140
33695,105677427,105677352,75
33696,105678045,105677352,693
33697,105787342,105785478,1864
33698,105787342,105785478,1864
33699,105845638,105840431,5207
33700,105845638,105840431,5207
33701,105845638,105840431,5207
33702,105886143,105885462,681
33703,105886143,105885462,681
33704,105886143,105885462,681
33705,105886143,105885462,681
33706,105945881,105944838,1043
33707,105992120,105992004,116
33708,105992120,105992004,116
33709,105992120,105992004,116
33710,105992120,105992004,116
33711,106027222,106027163,59
33712,106027222,106027163,59
33713,106027222,106027163,59
33714,106059176,106059042,134
33715,106059176,106059042,134
33716,106048815,106045725,3090
33717,106059176,106059042,134
33718,106059176,106059042,134
33719,106059176,106058969,207
33720,106088750,106075809,12941
33721,106093663,106075809,17854
33722,106098251,106075809,22442
33723,106075809,106075809,0
33724,106214848,106214288,560
33725,107024993,107023132,1861
33726,108924466,108924284,182
33727,108924466,108924284,182
33728,108924466,108924284,182
33729,108924466,108924284,182
33730,108924466,108924284,182
33731,108924466,108924284,182
33732,111683311,111683191,120
33733,111683311,111683191,120
33734,111683311,111651552,31759
33735,111644030,111643826,204
33736,111683311,111683191,120
33737,111895323,111893376,1947
33738,111895323,111893376,1947
33739,111895323,111893376,1947
33740,111895323,111893376,1947
33741,111895323,111893376,1947
33742,111895323,111893376,1947
33743,112047123,112044745,2378
33744,112047123,112044745,2378
33745,112047123,112044745,2378
33746,112047123,112044745,2378
33747,112064707,112063345,1362
33748,112271302,112270184,1118
33749,112364392,112364060,332
33750,112599227,112595736,3491
33751,112659764,112657846,1918
33752,112659764,112657846,1918
33753,112659764,112657846,1918
33754,112678694,112677915,779
33755,112679124,112677915,1209
33756,112679124,112677915,1209
33757,112679124,112677915,1209
33758,112679124,112661341,17783
33759,112773425,112771576,1849
33760,112773425,112771576,1849
33761,112773425,112771576,1849
33762,112697013,112696991,22
33763,112773425,112771576,1849
33764,112840662,112839152,1510
33765,113943537,113941542,1995
33766,113943537,113941542,1995
33767,113943468,113941542,1926
33768,114063070,114063070,0
33769,114188138,114187116,1022
33770,114188138,114187116,1022
33771,114188138,114187116,1022
33772,114188138,114187116,1022
33773,114188138,114187116,1022
33774,114206672,114205194,1478
33775,114206672,114205194,1478
33776,114207306,114205194,2112
33777,114497534,114496533,1001
33778,114578504,114575142,3362
33779,114927436,114920420,7016
33780,114927436,114925393,2043
33781,114927436,114925731,1705
33782,114927436,114925393,2043
33783,114927436,114925393,2043
33784,114927436,114925731,1705
33785,114927436,114925393,2043
33786,114927436,114925731,1705
33787,114927436,114925393,2043
33788,114927436,114925731,1705
33789,114927436,114925393,2043
33790,114927436,114921344,6092
33791,114927436,114925393,2043
33792,114927436,114925731,1705
33793,114927436,114925393,2043
33794,114927436,114925393,2043
33795,114927436,114921344,6092
33796,114927436,114925731,1705
33797,114927436,114925393,2043
33798,114927436,114925393,2043
33799,114927436,114925393,2043
33800,114927436,114925731,1705
33801,114927436,114925731,1705
33802,114927436,114925731,1705
33803,114927436,114925731,1705
33804,114927436,114925731,1705
33805,114927436,114925393,2043
33806,114927436,114921344,6092
33807,114927436,114921344,6092
33808,114927436,114921344,6092
33809,115349360,115348128,1232
33810,115338557,115337904,653
33811,115349360,115348128,1232
33812,115388780,115388753,27
33813,115423829,115423641,188
33814,115423829,115423641,188
33815,115423829,115423641,188
33816,115490668,115489183,1485
33817,115490668,115489299,1369
33818,115490668,115489299,1369
33819,115490668,115489299,1369
33820,115490668,115489299,1369
33821,115490668,115489299,1369
33822,115490668,115489299,1369
33823,115542192,115540540,1652
33824,115542192,115540361,1831
33825,115542192,115540540,1652
33826,115537489,115537399,90
33827,115542192,115540540,1652
33828,115613975,115612941,1034
33829,115614163,115612941,1222
33830,115672265,115668295,3970
33831,115806667,115805325,1342
33832,115904375,115904270,105
33833,115934364,115923027,11337
33834,115934364,115923027,11337
33835,115934364,115923027,11337
33836,115934364,115923027,11337
33837,115988841,115987889,952
33838,115992063,115991276,787
33839,115992063,115991276,787
33840,115987884,115987883,1
33841,115988841,115987889,952
33842,115988841,115987889,952
33843,116049304,116049304,0
33844,116049304,116049304,0
33845,116054259,116050996,3263
33846,116049304,116049304,0
33847,116061224,116061220,4
33848,116064705,116062225,2480
33849,116164515,116164214,301
33850,116164515,116164214,301
33851,116164515,116164214,301
33852,116164515,116164214,301
33853,116061776,116061220,556
33854,116164515,116164214,301
33855,116251637,116251583,54
33856,116286685,116251562,35123
33857,116418058,116417959,99
33858,116418058,116417959,99
33859,116444414,116444112,302
33860,116444414,116444094,320
33861,116444414,116444112,302
33862,116286685,116251562,35123
33863,116286685,116251562,35123
33864,116335358,116335281,77
33865,116392100,116391676,424
33866,116444414,116444094,320
33867,116528019,116527832,187
33868,116624474,116621299,3175
33869,116659586,116659273,313
33870,116737439,116735138,2301
33871,116737439,116735138,2301
33872,116931125,116931103,22
33873,117708496,117704290,4206
33874,117708496,117704290,4206
33875,118031819,118031541,278
33876,118033126,118031541,1585
33877,118033126,118031541,1585
33878,118139541,118138870,671
33879,118237468,118236665,803
33880,118327367,118327310,57
33881,118352681,118352284,397
33882,118368686,118368628,58
33883,118368686,118368628,58
33884,118404654,118404608,46
33885,118429481,118427823,1658
33886,118429775,118427823,1952
33887,118502085,118501980,105
33888,118609716,118464666,145050
33889,118590480,118590465,15
33890,118642112,118641180,932
33891,118642112,118641180,932
33892,118765088,118764590,498
33893,118733681,118733387,294
33894,118765088,118764590,498
33895,118765088,118719733,45355
33896,118765088,118764590,498
33897,118765088,118764590,498
33898,118886097,118719733,166364
33899,118897812,118897567,245
33900,118897812,118897567,245
33901,118969810,118969810,0
33902,119038941,119036777,2164
33903,119038941,119036777,2164
33904,119134937,119134738,199
33905,119309057,119307743,1314
33906,119309057,119307679,1378
33907,119806114,119805674,440
33908,119806114,119805674,440
33909,120101839,120095927,5912
33910,120101839,120095927,5912
33911,120355160,120354756,404
33912,120354756,120354756,0
33913,120514758,120514274,484
33914,120793854,120790192,3662
33915,120840031,120833396,6635
33916,120840334,120840188,146
33917,120809497,120802148,7349
33918,120897376,120896159,1217
33919,120897376,120896159,1217
33920,120897376,120896159,1217
33921,120897376,120896159,1217
33922,120920657,120919251,1406
33923,120925204,120925159,45
33924,120938345,120938302,43
33925,120938345,120938302,43
33926,121215131,121214579,552
33927,121215131,121214579,552
33928,121196353,121196351,2
33929,121286961,121286961,0
33930,121296045,121295982,63
33931,121302222,121302150,72
33932,121353025,121347675,5350
33933,121356541,121355977,564
33934,121356541,121355977,564
33935,121356541,121339984,16557
33936,121356541,121339984,16557
33937,121437013,121436794,219
33938,121437329,121436794,535
33939,121551720,121551596,124
33940,121588662,121587292,1370
33941,121588662,121587292,1370
33942,121632395,121632096,299
33943,121632395,121632096,299
33944,121633140,121612616,20524
33945,121612706,121612616,90
33946,121704170,121693279,10891
33947,121704170,121693279,10891
33948,122341296,122340495,801
33949,122349367,122349014,353
33950,122349367,122349014,353
33951,122349367,122334768,14599
33952,122349367,122348940,427
33953,122349367,122349014,353
33954,122666367,122666366,1
33955,122669038,122668225,813
33956,122666367,122665537,830
33957,123276986,123274747,2239
33958,123353481,123353331,150
33959,123353481,123353331,150
33960,123353772,123353331,441
33961,123356159,123353331,2828
33962,123357972,123353331,4641
33963,123357972,123353331,4641
33964,123357972,123353331,4641
33965,123357972,123353331,4641
33966,123357972,123274747,83225
33967,123353481,123353331,150
33968,123357972,123353331,4641
33969,123357972,123353388,4584
33970,123353481,123353388,93
33971,123353481,123353388,93
33972,123357972,123353388,4584
33973,123353481,123353388,93
33974,123353481,123353388,93
33975,123687546,123687464,82
33976,123687546,123687464,82
33977,123687546,123670658,16888
33978,123687546,123673353,14193
33979,123688217,123687946,271
33980,123734743,123734680,63
33981,123734743,123734680,63
33982,123734273,123730477,3796
33983,123734743,123734680,63
33984,124014057,124013571,486
33985,124014057,124013571,486
33986,124014057,124013571,486
33987,124014057,124013571,486
33988,124014057,124013571,486
33989,124014057,124013571,486
33990,124014057,124013571,486
33991,124014057,124013571,486
33992,124014057,124013571,486
33993,123985996,123985994,2
33994,124014057,124013571,486
33995,124097676,124097600,76
33996,124097676,124097600,76
33997,124191871,124189454,2417
33998,124191871,124187896,3975
33999,124191871,124189454,2417
34000,124216868,124216449,419
34001,124274424,124273875,549
34002,124403252,124402914,338
34003,124403252,124402914,338
34004,124403252,124402914,338
34005,124403252,124402914,338
34006,124403252,124402914,338
34007,124403252,124402914,338
34008,124403252,124402914,338
34009,124403252,124402914,338
34010,124352111,124352110,1
34011,124403252,124402914,338
34012,124403252,124402914,338
34013,124459338,124459306,32
34014,124597611,124595840,1771
34015,124597611,124595840,1771
34016,124605736,124594505,11231
34017,124605736,124595840,9896
34018,124605736,124595840,9896
34019,124605736,124595840,9896
34020,124610310,124605359,4951
34021,124639157,124605359,33798
34022,124639157,124610031,29126
34023,124639157,124610031,29126
34024,124648239,124648195,44
34025,124658230,124648195,10035
34026,124672627,124672470,157
34027,124713919,124713694,225
34028,124713919,124712418,1501
34029,124749923,124747019,2904
34030,124768203,124758141,10062
34031,124768366,124758141,10225
34032,124768366,124758141,10225
34033,124768366,124758141,10225
34034,124768366,124758141,10225
34035,124817806,124813281,4525
34036,124817806,124813281,4525
34037,124897247,124897247,0
34038,124910188,124909639,549
34039,124921929,124921928,1
34040,124924881,124922348,2533
34041,124924886,124924572,314
34042,124924886,124923351,1535
34043,124924886,124923351,1535
34044,125456913,125447676,9237
34045,125651500,125651175,325
34046,125851940,125805728,46212
34047,125853123,125805728,47395
34048,125851940,125805728,46212
34049,125853123,125805728,47395
34050,126107545,126100740,6805
34051,126107545,126097319,10226
34052,126138550,126138512,38
34053,126302710,126301929,781
34054,126302710,126301841,869
34055,126302710,126301929,781
34056,126478907,126395282,83625
34057,126432930,126395282,37648
34058,126432930,126395282,37648
34059,126480439,126480402,37
34060,126480439,126477634,2805
34061,126480439,126477634,2805
34062,126525239,126523540,1699
34063,126676005,126673561,2444
34064,126676005,126673561,2444
34065,126694582,126694377,205
34066,126716453,126716328,125
34067,126847285,126727623,119662
34068,126849103,126727623,121480
34069,126849103,126727623,121480
34070,126849624,126727623,122001
34071,127371713,127371558,155
34072,127371713,127371558,155
34073,127437652,127436623,1029
34074,127452712,127452041,671
34075,127452712,127452041,671
34076,127452712,127452041,671
34077,127430234,127430093,141
34078,127452712,127452041,671
34079,127452712,127452041,671
34080,127464390,127464390,0
34081,127505201,127505068,133
34082,127511837,127505068,6769
34083,127523219,127522542,677
34084,127525124,127524843,281
34085,127531376,127529928,1448
34086,127531376,127529928,1448
34087,127542264,127541812,452
34088,127543428,127541175,2253
34089,127569884,127569393,491
34090,127585027,127569393,15634
34091,127548544,127548528,16
34092,127684067,127677387,6680
34093,127698161,127698007,154
34094,127698161,127698007,154
34095,127698078,127697874,204
34096,128077127,128076714,413
34097,128077127,128076714,413
34098,128077127,128076714,413
34099,128077127,128076714,413
34100,128077127,128076714,413
34101,128193654,128193627,27
34102,128210010,128209889,121
34103,128359079,128359049,30
34104,128359079,128359049,30
34105,128213392,128193627,19765
34106,129250780,129249691,1089
34107,129250780,129249691,1089
34108,128824325,128823194,1131
34109,128974700,128974659,41
34110,128974700,128974659,41
34111,128975403,128974659,744
34112,128994422,128974659,19763
34113,129250780,129249792,988
34114,129350935,129350903,32
34115,129535260,129534969,291
34116,129539450,129537229,2221
34117,129682811,129682164,647
34118,129691211,129691048,163
34119,129884164,129881170,2994
34120,129884164,129881170,2994
34121,129883508,129881170,2338
34122,129884164,129881170,2994
34123,129883508,129883411,97
34124,129924468,129923931,537
34125,129924468,129923931,537
34126,129924020,129923931,89
34127,129924020,129907553,16467
34128,131565783,131565261,522
34129,131762091,131762032,59
34130,131762091,131762032,59
34131,131762091,131762032,59
34132,131907101,131906745,356
34133,131977932,131977656,276
34134,131978646,131977656,990
34135,131977684,131977656,28
34136,133109984,133109898,86
34137,133770053,133769467,586
34138,133770053,133769467,586
34139,133770053,133769467,586
34140,133770053,133769467,586
34141,133795435,133795310,125
34142,133795435,133795310,125
34143,133998313,133980537,17776
34144,133982537,133981897,640
34145,134019280,134018434,846
34146,134120716,134041599,79117
34147,134121477,134121337,140
34148,134145356,134145240,116
34149,134146063,134041599,104464
34150,134166901,134165241,1660
34151,134166901,134166464,437
34152,134195010,134188746,6264
34153,134195010,134188746,6264
34154,134195010,134188746,6264
34155,134180509,134180421,88
34156,134231358,134230578,780
34157,134231358,134219777,11581
34158,134261825,134261565,260
34159,134591381,134591361,20
34160,134596984,134595445,1539
34161,134596984,134595445,1539
34162,134599537,134599452,85
34163,134756089,134755988,101
34164,134730186,134726731,3455
34165,134756089,134755988,101
34166,134756089,134755988,101
34167,134945179,134943015,2164
34168,134945179,134943015,2164
34169,135039916,135038394,1522
34170,135020708,135020499,209
34171,135016597,135016209,388
34172,135045062,135044946,116
34173,135055433,135053810,1623
34174,135090407,135090321,86
34175,135090407,135090321,86
34176,135090407,135090321,86
34177,135089498,135089062,436
34178,135104538,135103466,1072
34179,135122660,135116445,6215
34180,135122660,135116445,6215
34181,135122660,135112996,9664
34182,135122660,135116445,6215
34183,135122660,135116445,6215
34184,135126666,135126370,296
34185,135126666,135125454,1212
34186,135166187,135165944,243
34187,135138249,135138209,40
34188,135150475,135142493,7982
34189,135166187,135165944,243
34190,135166187,135165944,243
34191,135166187,135165944,243
34192,135171529,135171511,18
34193,135171529,135171511,18
34194,135186908,135186837,71
34195,135205198,135204959,239
34196,135205198,135205042,156
34197,135205198,135202569,2629
34198,135234174,135233669,505
34199,135234174,135233669,505
34200,135234174,135233669,505
34201,135238121,135237185,936
34202,135237185,135237185,0
34203,135278678,135278486,192
34204,135352620,135352468,152
34205,135352620,135352468,152
34206,135352620,135352468,152
34207,135352620,135352468,152
34208,135374724,135368190,6534
34209,135373598,135370650,2948
34210,135379138,135379033,105
34211,135382876,135373622,9254
34212,135379138,135379033,105
34213,135379138,135379033,105
34214,135440299,135440246,53
34215,135485241,135485233,8
34216,135491849,135491841,8
34217,135498458,135498450,8
34218,131920,131469,451
34219,133778,131469,2309
34220,139152,131297,7855
34221,194573,194450,123
34222,200258,200033,225
34223,200258,200033,225
34224,200258,198135,2123
34225,207422,207321,101
34226,207422,207321,101
34227,215110,214350,760
34228,215110,214350,760
34229,215110,214350,760
34230,236362,233389,2973
34231,236362,236328,34
34232,236362,236328,34
34233,236362,236328,34
34234,236362,236328,34
34235,236362,236328,34
34236,236931,233389,3542
34237,252984,252600,384
34238,252984,252600,384
34239,252984,252600,384
34240,285388,285304,84
34241,285388,285304,84
34242,293502,293501,1
34243,295688,294749,939
34244,295688,294749,939
34245,295688,294749,939
34246,295688,294749,939
34247,299526,299490,36
34248,309410,309165,245
34249,315272,315113,159
34250,320914,320813,101
34251,320914,320813,101
34252,382117,381792,325
34253,404908,404569,339
34254,404908,404569,339
34255,410027,409874,153
34256,414999,409874,5125
34257,417397,409874,7523
34258,417397,409874,7523
34259,429866,428820,1046
34260,442011,441926,85
34261,442011,431800,10211
34262,479445,479194,251
34263,491387,490582,805
34264,503570,502162,1408
34265,506821,502162,4659
34266,506821,502162,4659
34267,506821,502162,4659
34268,506821,502162,4659
34269,507283,502162,5121
34270,507283,502162,5121
34271,507283,502162,5121
34272,507283,502162,5121
34273,507283,502162,5121
34274,535550,534322,1228
34275,535550,534322,1228
34276,535550,534322,1228
34277,554916,554276,640
34278,560779,560716,63
34279,564025,563380,645
34280,564025,563645,380
34281,564025,563569,456
34282,575885,575636,249
34283,609720,609719,1
34284,612222,611777,445
34285,612222,611777,445
34286,612222,611777,445
34287,612222,611777,445
34288,615259,614872,387
34289,615647,613563,2084
34290,615647,615364,283
34291,615647,613563,2084
34292,615728,615318,410
34293,615728,615318,410
34294,615999,615364,635
34295,615999,615364,635
34296,615999,613563,2436
34297,624732,621570,3162
34298,625067,624902,165
34299,625067,624902,165
34300,625067,624902,165
34301,625067,621570,3497
34302,625067,624902,165
34303,625169,624902,267
34304,626078,624902,1176
34305,627173,627143,30
34306,640705,640603,102
34307,695740,695047,693
34308,695740,695047,693
34309,704131,703150,981
34310,704131,703150,981
34311,704131,703735,396
34312,705028,704646,382
34313,722302,721939,363
34314,727727,726981,746
34315,727727,726981,746
34316,727727,726981,746
34317,727727,726981,746
34318,727727,726981,746
34319,727727,726981,746
34320,727727,726981,746
34321,760965,760257,708
34322,765024,764845,179
34323,765024,764413,611
34324,777487,777462,25
34325,777487,774104,3383
34326,777487,777462,25
34327,777487,777462,25
34328,777487,774104,3383
34329,777487,774104,3383
34330,777487,777462,25
34331,777487,774104,3383
34332,777487,777462,25
34333,777487,774104,3383
34334,788576,788576,0
34335,790126,788576,1550
34336,796255,795006,1249
34337,796263,795006,1257
34338,797995,795006,2989
34339,798269,795006,3263
34340,805103,803444,1659
34341,805103,802577,2526
34342,805250,804388,862
34343,805250,804388,862
34344,805250,803444,1806
34345,805250,801840,3410
34346,812876,812836,40
34347,825571,824862,709
34348,825571,824999,572
34349,829352,829338,14
34350,831991,831561,430
34351,831991,831709,282
34352,831991,831709,282
34353,838835,838192,643
34354,838835,838192,643
34355,838835,838192,643
34356,838835,838192,643
34357,842529,842508,21
34358,867116,866630,486
34359,867116,866630,486
34360,867116,866630,486
34361,867116,866630,486
34362,867116,866630,486
34363,867116,866630,486
34364,867116,866630,486
34365,910821,910780,41
34366,910874,904816,6058
34367,910874,904816,6058
34368,910874,904816,6058
34369,910874,904816,6058
34370,914682,914569,113
34371,915058,904816,10242
34372,982781,981347,1434
34373,1012245,1010625,1620
34374,1012245,1010625,1620
34375,1036706,1036655,51
34376,1104417,1104263,154
34377,1253774,1253774,0
34378,1260771,1260352,419
34379,1283406,1282838,568
34380,1323973,1311615,12358
34381,1330892,1330728,164
34382,1330892,1330728,164
34383,1330892,1330728,164
34384,1331937,1331311,626
34385,1478279,1478270,9
34386,1481295,1478270,3025
34387,1483919,1482219,1700
34388,1483919,1478270,5649
34389,1483919,1481953,1966
34390,1483919,1478270,5649
34391,1483919,1481953,1966
34392,1483919,1482201,1718
34393,1502115,1501639,476
34394,1502115,1491495,10620
34395,1507948,1507786,162
34396,1593150,1587056,6094
34397,1606513,1606479,34
34398,1619524,1619480,44
34399,1629693,1629615,78
34400,1643368,1643281,87
34401,1652159,1651784,375
34402,1718985,1718865,120
34403,1771824,1771672,152
34404,1785222,1785089,133
34405,1785501,1502114,283387
34406,1856812,1856812,0
34407,1857514,1857334,180
34408,1858750,1858661,89
34409,1858750,1858661,89
34410,1862910,1862781,129
34411,1862910,1862781,129
34412,1862910,1862781,129
34413,1862910,1862781,129
34414,1913493,1908793,4700
34415,1913493,1908793,4700
34416,1913493,1908793,4700
34417,1913493,1908793,4700
34418,1913493,1908793,4700
34419,1956149,1956149,0
34420,1959936,1959722,214
34421,1959936,1959722,214
34422,1959936,1959722,214
34423,1959936,1959722,214
34424,1959936,1959722,214
34425,1959936,1959722,214
34426,1959936,1959722,214
34427,1959936,1959722,214
34428,1977839,1977650,189
34429,1999674,1995432,4242
34430,2158518,2156753,1765
34431,2160204,2156753,3451
34432,2162341,2161526,815
34433,2162341,2156753,5588
34434,2169896,2167677,2219
34435,2170833,2156753,14080
34436,2182218,2182201,17
34437,2182439,2182201,238
34438,2182439,2182201,238
34439,2182439,2182201,238
34440,2182439,2182201,238
34441,2193035,2193016,19
34442,2193035,2193016,19
34443,2193035,2193016,19
34444,2193035,2193016,19
34445,2193035,2193016,19
34446,2193035,2193016,19
34447,2291562,2291562,0
34448,2292182,2291562,620
34449,2323143,2323091,52
34450,2323143,2323038,105
34451,2336264,2335770,494
34452,2336890,2336541,349
34453,2338042,2337302,740
34454,2339430,2339154,276
34455,2339430,2339154,276
34456,2339430,2339135,295
34457,2339430,2339154,276
34458,2339430,2339154,276
34459,2418649,2418096,553
34460,2424853,2424853,0
34461,2425106,2424853,253
34462,2425106,2424853,253
34463,2425106,2424853,253
34464,2444275,2444266,9
34465,2444275,2444266,9
34466,2444275,2444266,9
34467,2549248,2542754,6494
34468,2799267,2799267,0
34469,2870340,2869233,1107
34470,2870340,2869233,1107
34471,2906995,2906686,309
34472,2906995,2906686,309
34473,2906995,2906719,276
34474,2906995,2906719,276
34475,2925175,2920931,4244
34476,2946476,2946427,49
34477,2946476,2946427,49
34478,2950594,2950594,0
34479,2950650,2950594,56
34480,3013607,3000450,13157
34481,3013607,3000450,13157
34482,3013607,3000450,13157
34483,3078681,3078597,84
34484,3078681,3063434,15247
34485,3078681,3078597,84
34486,3078681,3078597,84
34487,3078681,3078597,84
34488,3078681,3076170,2511
34489,3116109,3115547,562
34490,3147838,3147777,61
34491,3186582,3150378,36204
34492,3186582,3150378,36204
34493,3186582,3150378,36204
34494,3187969,3187905,64
34495,3240043,3240043,0
34496,3244361,3243419,942
34497,3244361,3243419,942
34498,3250026,3250026,0
34499,3253616,3250029,3587
34500,3400452,3400270,182
34501,3400452,3394821,5631
34502,3400452,3394821,5631
34503,3400452,3398894,1558
34504,3400452,3383117,17335
34505,3400452,3400270,182
34506,3400452,3394821,5631
34507,3400452,3394821,5631
34508,3400452,3394821,5631
34509,3400452,3394821,5631
34510,3400452,3394821,5631
34511,3400452,3400270,182
34512,3413145,3413060,85
34513,3663485,3663092,393
34514,3663485,3663092,393
34515,3663485,3663092,393
34516,3663546,3663092,454
34517,3681593,3681592,1
34518,3685646,3685419,227
34519,3692614,3692542,72
34520,3692614,3688738,3876
34521,3692614,3688738,3876
34522,3727857,3727803,54
34523,3819022,3803347,15675
34524,3819022,3803347,15675
34525,3819022,3803347,15675
34526,3819022,3803347,15675
34527,3819022,3803347,15675
34528,3847601,3846688,913
34529,3847601,3846688,913
34530,3847601,3846350,1251
34531,3847601,3846350,1251
34532,3847601,3846688,913
34533,3847601,3846350,1251
34534,3847601,3846350,1251
34535,3847601,3846350,1251
34536,3847601,3846688,913
34537,3847601,3846688,913
34538,3847601,3846688,913
34539,3847601,3846350,1251
34540,3847601,3846688,913
34541,3849368,3849368,0
34542,3862213,3849368,12845
34543,4114440,4112556,1884
34544,4114440,4113028,1412
34545,4114440,4113028,1412
34546,4114440,4113028,1412
34547,4139691,4139691,0
34548,4160106,4159613,493
34549,4160106,4159613,493
34550,4160106,4159613,493
34551,4160106,4159613,493
34552,4389616,4389525,91
34553,4414926,4411639,3287
34554,4471591,4471514,77
34555,4511138,4511075,63
34556,4567374,4567374,0
34557,4599050,4599050,0
34558,4609135,4609095,40
34559,4616243,4616243,0
34560,4629489,4626734,2755
34561,4629489,4626734,2755
34562,4662068,4661995,73
34563,4674713,4674713,0
34564,4676716,4674713,2003
34565,4703941,4703941,0
34566,4719076,4703941,15135
34567,4791147,4791147,0
34568,4825610,4825610,0
34569,4843644,4843644,0
34570,4870438,4870438,0
34571,4904113,4904113,0
34572,4929538,4929538,0
34573,4936893,4936893,0
34574,4945569,4945569,0
34575,4968330,4968330,0
34576,4976943,4976943,0
34577,5013659,5013472,187
34578,5021160,5021160,0
34579,5068691,5068691,0
34580,5080857,5080857,0
34581,5153872,5153872,0
34582,5173599,5173599,0
34583,5199783,5199783,0
34584,5221930,5221930,0
34585,5248301,5248251,50
34586,5255858,5255663,195
34587,5264822,5264485,337
34588,5271087,5271034,53
34589,5276395,5275958,437
34590,5276395,5275958,437
34591,5291386,5291120,266
34592,5323176,5323176,0
34593,5345582,5345527,55
34594,5364754,5364754,0
34595,5373676,5373676,0
34596,5411664,5411609,55
34597,5444436,5444384,52
34598,5462783,5462744,39
34599,5475707,5475657,50
34600,5510978,5510893,85
34601,5526882,5291120,235762
34602,5526882,5364754,162128
34603,5530788,5530788,0
34604,5531153,5530788,365
34605,5537956,5537671,285
34606,5566753,5566753,0
34607,5603114,5603114,0
34608,5634188,5632572,1616
34609,5634188,5632572,1616
34610,5634188,5632572,1616
34611,5634188,5632572,1616
34612,5634188,5632572,1616
34613,5634188,5632572,1616
34614,5634188,5632572,1616
34615,5634188,5632010,2178
34616,5662526,5662459,67
34617,5665625,5664939,686
34618,5665625,5664939,686
34619,5665625,5664939,686
34620,5701468,5701407,61
34621,5706339,5701407,4932
34622,5706339,5701407,4932
34623,5706339,5701407,4932
34624,5732093,5730878,1215
34625,5732093,5730878,1215
34626,5732093,5730878,1215
34627,5758319,5758319,0
34628,5758319,5758319,0
34629,5758768,5758721,47
34630,5776959,5776936,23
34631,5799897,5799864,33
34632,5810046,5810046,0
34633,5821759,5817939,3820
34634,5842531,5842531,0
34635,5863127,5863127,0
34636,5878932,5878932,0
34637,5906461,5906461,0
34638,5959849,5701407,258442
34639,5969524,5969524,0
34640,5989724,5989724,0
34641,6008215,6008160,55
34642,6024378,6024378,0
34643,6048971,6048934,37
34644,6129968,6129968,0
34645,6173819,6173779,40
34646,6191556,6191556,0
34647,6221416,6221416,0
34648,6232365,6232272,93
34649,6255941,6245746,10195
34650,6255941,6245746,10195
34651,6255941,6245746,10195
34652,6265707,6265639,68
34653,6265709,6263114,2595
34654,6265709,6263114,2595
34655,6293357,6292773,584
34656,6293357,6292773,584
34657,6293357,6292773,584
34658,6293357,6292773,584
34659,6341740,6341706,34
34660,6416008,6415448,560
34661,6416228,6415837,391
34662,6416228,6415837,391
34663,6417804,6417430,374
34664,6422918,6422881,37
34665,6423955,6423922,33
34666,6425894,6425852,42
34667,6426163,6426035,128
34668,6426163,6426035,128
34669,6426163,6424996,1167
34670,6426163,6424996,1167
34671,6426891,6424996,1895
34672,6426891,6424996,1895
34673,6426891,6424996,1895
34674,6440332,6432577,7755
34675,6440332,6432577,7755
34676,6440332,6424996,15336
34677,6440644,6432577,8067
34678,6462254,6462193,61
34679,6462254,6462193,61
34680,6494986,6486925,8061
34681,6494994,6479305,15689
34682,6495214,6486925,8289
34683,6495214,6486925,8289
34684,6495214,6479305,15909
34685,6495689,6486925,8764
34686,6502709,6501651,1058
34687,6502709,6501651,1058
34688,6502709,6501283,1426
34689,6502709,6501261,1448
34690,6502709,6501651,1058
34691,6505911,6503451,2460
34692,6542097,6541341,756
34693,6542097,6541341,756
34694,6567895,6567893,2
34695,6584485,6584484,1
34696,6585197,6584827,370
34697,6593250,6591464,1786
34698,6593254,6593216,38
34699,6593254,6593216,38
34700,6593254,6593216,38
34701,6593254,6593216,38
34702,6593254,6593216,38
34703,6624880,6624732,148
34704,6632099,6631842,257
34705,6632099,6631842,257
34706,6632099,6631842,257
34707,6632099,6631842,257
34708,6632099,6631842,257
34709,6633475,6633420,55
34710,6640585,6638048,2537
34711,6640692,6640631,61
34712,6640692,6640631,61
34713,6643914,6643771,143
34714,6677074,6662844,14230
34715,6704632,6704527,105
34716,6743110,6741268,1842
34717,6767670,6741268,26402
34718,6790188,6790188,0
34719,6807245,6807219,26
34720,6817139,6816939,200
34721,6867867,6867867,0
34722,6891897,6891897,0
34723,6898850,6898826,24
34724,6913731,6913731,0
34725,6943225,6943225,0
34726,6979278,6977762,1516
34727,6979278,6977762,1516
34728,6979278,6977762,1516
34729,7005861,7005469,392
34730,7041586,7024066,17520
34731,7041586,7024066,17520
34732,7041586,7024066,17520
34733,7092757,7092539,218
34734,7112379,7111530,849
34735,7490276,7488031,2245
34736,7532606,7531419,1187
34737,7532606,7531419,1187
34738,7532606,7531419,1187
34739,7663657,7663655,2
34740,7673075,7673075,0
34741,7674996,7674449,547
34742,7674996,7674449,547
34743,7674996,7674449,547
34744,7674996,7674449,547
34745,7678358,7678029,329
34746,7694122,7694056,66
34747,7694821,7694056,765
34748,7694994,7694056,938
34749,7727941,7727941,0
34750,7795197,7795195,2
34751,7818489,7818489,0
34752,7847519,7847519,0
34753,7871118,7871116,2
34754,7950209,7950209,0
34755,7961067,7961067,0
34756,7985059,7985042,17
34757,8017719,8017569,150
34758,8017719,8017569,150
34759,8127654,8123166,4488
34760,8127654,8123166,4488
34761,8127654,8123166,4488
34762,8160186,8149803,10383
34763,8190590,8161714,28876
34764,8190590,8190536,54
34765,8190590,8190536,54
34766,8190590,8190536,54
34767,8190590,8190536,54
34768,8190590,8190536,54
34769,8190590,8148284,42306
34770,8190590,8190536,54
34771,8285425,8284909,516
34772,8290182,8289995,187
34773,8497371,8496452,919
34774,8615503,8496452,119051
34775,8615503,8496452,119051
34776,8615775,8496329,119446
34777,8615775,8479023,136752
34778,8615775,8474405,141370
34779,8680383,8673355,7028
34780,8693413,8673355,20058
34781,8701271,8693821,7450
34782,8711419,8707353,4066
34783,8740000,8739921,79
34784,8832224,8772247,59977
34785,8832224,8772247,59977
34786,8832882,8772247,60635
34787,8892917,8772247,120670
34788,8932498,8772247,160251
34789,8939666,8939013,653
34790,8939666,8939013,653
34791,8941626,8941027,599
34792,8941626,8941027,599
34793,8941626,8941027,599
34794,8941626,8941027,599
34795,8941626,8941027,599
34796,8941626,8941027,599
34797,8954553,8953855,698
34798,8954553,8953855,698
34799,8959708,8959708,0
34800,8964580,8959708,4872
34801,8985989,8985860,129
34802,8986481,8977820,8661
34803,9025596,9025482,114
34804,9025596,9025482,114
34805,9072257,9069541,2716
34806,9113150,9113075,75
34807,9113150,9113075,75
34808,9117737,9117235,502
34809,9193792,9192259,1533
34810,9286873,9286616,257
34811,9286873,9286616,257
34812,9336315,9335988,327
34813,9336315,9335988,327
34814,9336315,9335988,327
34815,9469674,9466741,2933
34816,9550071,9549160,911
34817,9550071,9549160,911
34818,9550071,9549160,911
34819,9603017,9598818,4199
34820,9611313,9610149,1164
34821,9611313,9610149,1164
34822,9763487,9762012,1475
34823,9774507,9771517,2990
34824,9774507,9771517,2990
34825,9809520,9806772,2748
34826,9839208,9834165,5043
34827,9990092,9990074,18
34828,10215534,10024123,191411
34829,10315754,10315616,138
34830,10328923,10328188,735
34831,10506586,10506584,2
34832,10529126,10527431,1695
34833,10529126,10527431,1695
34834,10529126,10527431,1695
34835,10529126,10527431,1695
34836,10529126,10527431,1695
34837,10530723,10529773,950
34838,10562774,10555705,7069
34839,10590365,10590079,286
34840,10590365,10590079,286
34841,10673848,10673769,79
34842,10715121,10647935,67186
34843,10715535,10655570,59965
34844,10715535,10715149,386
34845,10715535,10715149,386
34846,10715535,10647935,67600
34847,10801290,10800652,638
34848,10829543,10825529,4014
34849,10829631,10825529,4102
34850,10830043,10828842,1201
34851,10830582,10825529,5053
34852,10830582,10828842,1740
34853,10879366,10876492,2874
34854,10879592,10876492,3100
34855,10879620,10876492,3128
34856,10879620,10876492,3128
34857,11374904,11374666,238
34858,11643561,11643140,421
34859,11964659,11964658,1
34860,11964696,11964694,2
34861,11980872,11977722,3150
34862,11980872,11977722,3150
34863,11980872,11977722,3150
34864,12030155,12030129,26
34865,12030186,12030129,57
34866,12030629,12030129,500
34867,12030917,12030129,788
34868,12031316,12030129,1187
34869,12229916,12229697,219
34870,12285329,12284067,1262
34871,12285331,12284067,1264
34872,12285331,12284067,1264
34873,12285331,12284067,1264
34874,12285331,12281719,3612
34875,12285331,12281719,3612
34876,12285331,12281719,3612
34877,12285331,12281719,3612
34878,12380691,12380026,665
34879,12502356,12499645,2711
34880,12535351,12535141,210
34881,12556903,12549472,7431
34882,12966284,12958769,7515
34883,12966284,12958769,7515
34884,12966284,12958769,7515
34885,13033653,13032647,1006
34886,13393956,13393954,2
34887,13397309,13397307,2
34888,13408812,13408303,509
34889,13408812,13408303,509
34890,13408812,13408303,509
34891,13408812,13408303,509
34892,13408812,13408303,509
34893,13408812,13408303,509
34894,13408812,13408303,509
34895,13408812,13408303,509
34896,13408812,13408303,509
34897,13461755,13461653,102
34898,13461826,13461555,271
34899,13484838,13466671,18167
34900,13484838,13443342,41496
34901,13484838,13443342,41496
34902,13517567,13514402,3165
34903,13734631,13734630,1
34904,13753893,13750321,3572
34905,14289679,14287233,2446
34906,14380031,14316373,63658
34907,14380073,14316373,63700
34908,14380729,14380416,313
34909,14380730,14380416,314
34910,14386052,14385939,113
34911,14521404,14520474,930
34912,14521415,14520474,941
34913,14521441,14520474,967
34914,14541991,14541845,146
34915,14541991,14541845,146
34916,14665180,14632532,32648
34917,14798209,14793587,4622
34918,14893604,14891206,2398
34919,14893604,14891206,2398
34920,14908880,14907523,1357
34921,14913208,14907337,5871
34922,14913751,14913751,0
34923,14993832,14992738,1094
34924,14993832,14992738,1094
34925,14993832,14992738,1094
34926,15100177,15098991,1186
34927,15103888,15098991,4897
34928,15268756,15267586,1170
34929,15268756,15267586,1170
34930,15268756,15267471,1285
34931,15268756,15267586,1170
34932,15268756,15267586,1170
34933,15268756,15267586,1170
34934,16424413,16424380,33
34935,16424413,16424209,204
34936,16430430,16362794,67636
34937,16497935,16362794,135141
34938,16627538,16362794,264744
34939,16628303,16362794,265509
34940,16779901,16776651,3250
34941,16802232,16802184,48
34942,16813229,16813185,44
34943,16838962,16838934,28
34944,16848137,16848133,4
34945,17035963,17035948,15
34946,17035963,17035948,15
34947,17074591,17073949,642
34948,17099220,17099188,32
34949,17191353,17191288,65
34950,17229530,17121458,108072
34951,17229530,17177101,52429
34952,17229530,17191288,38242
34953,17229530,17191288,38242
34954,17317758,17317758,0
34955,17332557,17332557,0
34956,17332557,17332557,0
34957,17333667,17333667,0
34958,17353070,17352966,104
34959,17353070,17352966,104
34960,17371521,17371182,339
34961,17398868,17394059,4809
34962,17410206,17409638,568
34963,17410878,17409377,1501
34964,17498449,17498323,126
34965,17498449,17498323,126
34966,17555057,17553085,1972
34967,17565963,17565854,109
34968,17565963,17565854,109
34969,17565963,17565854,109
34970,17660481,17660300,181
34971,17667491,17667491,0
34972,17743678,17743055,623
34973,17799377,17794177,5200
34974,17804602,17803281,1321
34975,17804602,17803281,1321
34976,18034474,18028147,6327
34977,18034637,18034557,80
34978,18034637,18034557,80
34979,18062335,18062309,26
34980,18127638,18127588,50
34981,18127638,18127588,50
34982,18159718,18159718,0
34983,18160027,18159718,309
34984,18195827,18195772,55
34985,18233055,18231679,1376
34986,18258384,18257473,911
34987,18270221,18269558,663
34988,18270221,18269558,663
34989,18270221,18269558,663
34990,18291523,18291402,121
34991,18291523,18291402,121
34992,18291523,18291402,121
34993,18343721,18339405,4316
34994,18343721,18332422,11299
34995,18343721,18332422,11299
34996,18343721,18339405,4316
34997,18388590,18387416,1174
34998,18388590,18387416,1174
34999,18388590,18387416,1174
35000,18429765,18428828,937
35001,18429765,18428828,937
35002,18429765,18428679,1086
35003,18429765,18428828,937
35004,18429765,18428923,842
35005,18429765,18428828,937
35006,18472793,18472674,119
35007,18472793,18472674,119
35008,18472793,18472525,268
35009,18472793,18472674,119
35010,18472793,18472674,119
35011,18472793,18472595,198
35012,18472793,18472674,119
35013,18472793,18472674,119
35014,18501147,18500417,730
35015,18501147,18500417,730
35016,18548503,18548363,140
35017,18548503,18537682,10821
35018,18601065,18600283,782
35019,18610293,18610201,92
35020,18610293,18610201,92
35021,18610293,18610201,92
35022,18610293,18587996,22297
35023,18610293,18610201,92
35024,18610293,18610201,92
35025,18610293,18587996,22297
35026,18610293,18610201,92
35027,18656020,18655804,216
35028,18656020,18655804,216
35029,18726332,18723556,2776
35030,18747777,18745783,1994
35031,18814268,18793505,20763
35032,18814268,18793505,20763
35033,18814268,18793505,20763
35034,18814268,18793505,20763
35035,18814268,18787378,26890
35036,18814268,18787378,26890
35037,18814268,18765678,48590
35038,18956549,18956331,218
35039,19077949,19077949,0
35040,19082228,19077949,4279
35041,19197967,19197507,460
35042,19197967,19197507,460
35043,19232118,19213995,18123
35044,19262507,19261668,839
35045,19263167,19261668,1499
35046,19263202,19261668,1534
35047,19736218,19736047,171
35048,20101755,20101755,0
35049,20101755,20101755,0
35050,20143147,20139804,3343
35051,20143147,20139804,3343
35052,20143147,20139804,3343
35053,20143147,20139804,3343
35054,20143147,20139804,3343
35055,20143147,20139804,3343
35056,20143147,20139804,3343
35057,20143147,20139804,3343
35058,20143147,20139804,3343
35059,20181870,20181870,0
35060,20181870,20181867,3
35061,20389200,20388926,274
35062,20405329,20404751,578
35063,20405329,20404751,578
35064,20405329,20404751,578
35065,20405329,20404751,578
35066,20530879,20529959,920
35067,20530879,20529959,920
35068,20530879,20529959,920
35069,20676610,20676414,196
35070,20676610,20676414,196
35071,21597229,21596568,661
35072,21597229,21596568,661
35073,21597229,21596568,661
35074,21597229,21596568,661
35075,21597229,21596568,661
35076,21597229,21596568,661
35077,22304913,22301311,3602
35078,22304913,22301311,3602
35079,22401046,22399286,1760
35080,22647387,22647356,31
35081,22834547,22833562,985
35082,22834547,22833562,985
35083,22834547,22833562,985
35084,22851382,22851294,88
35085,22881972,22881967,5
35086,25104186,25100204,3982
35087,25104186,25100204,3982
35088,25104186,25100204,3982
35089,26593815,26588641,5174
35090,26593815,26587405,6410
35091,26593815,26588641,5174
35092,26684836,26681991,2845
35093,26684836,26681991,2845
35094,26684836,26681991,2845
35095,26684836,26681991,2845
35096,26743574,26743261,313
35097,26743574,26743261,313
35098,27018632,27016709,1923
35099,27147383,27147375,8
35100,27149354,27149000,354
35101,27149354,27149000,354
35102,27149354,27149000,354
35103,27384795,27384741,54
35104,27384795,27384741,54
35105,27494334,27493849,485
35106,27494334,27493849,485
35107,27528326,27528299,27
35108,27528326,27528299,27
35109,27681196,27680111,1085
35110,27681196,27680111,1085
35111,27721214,27720952,262
35112,27722035,27680111,41924
35113,27722035,27680111,41924
35114,27722035,27680111,41924
35115,27722447,27680111,42336
35116,27722600,27680111,42489
35117,27722600,27680111,42489
35118,27722600,27695831,26769
35119,27722600,27722583,17
35120,27723180,27680111,43069
35121,27741294,27680111,61183
35122,27742326,27680111,62215
35123,27742326,27680111,62215
35124,27742326,27680111,62215
35125,27743605,27742961,644
35126,28129746,28119494,10252
35127,28129746,28119494,10252
35128,28355054,28349685,5369
35129,28355054,28352388,2666
35130,28355054,28352048,3006
35131,30034225,30034225,0
35132,30038577,30034225,4352
35133,30256824,30255347,1477
35134,30256824,30255347,1477
35135,30256824,30255347,1477
35136,30359165,30358342,823
35137,30602041,30601920,121
35138,30605750,30517000,88750
35139,30607930,30601920,6010
35140,31014233,30974027,40206
35141,31128507,31128438,69
35142,31149212,31125199,24013
35143,31391357,31236794,154563
35144,31391357,31349827,41530
35145,31438885,31436513,2372
35146,31454382,31451948,2434
35147,31454382,31451948,2434
35148,31531169,31484823,46346
35149,31531169,31484823,46346
35150,31531169,31484823,46346
35151,31805329,31805072,257
35152,31805329,31804977,352
35153,31805329,31805086,243
35154,31825594,31822353,3241
35155,31825594,31822353,3241
35156,31828010,31827959,51
35157,31832215,31827959,4256
35158,31832690,31827959,4731
35159,31832901,31827959,4942
35160,31832901,31827959,4942
35161,31832901,31827959,4942
35162,31833731,31827959,5772
35163,31839509,31827959,11550
35164,31839509,31827959,11550
35165,32127272,32126018,1254
35166,32127272,32126018,1254
35167,32127272,32126018,1254
35168,32452363,32452085,278
35169,32452363,32452085,278
35170,32457081,32456891,190
35171,32457081,32456891,190
35172,32457081,32456891,190
35173,32624037,32623945,92
35174,32624037,32623945,92
35175,32816156,32781789,34367
35176,32816204,32781789,34415
35177,32816204,32781789,34415
35178,32879669,32875073,4596
35179,32997176,32997102,74
35180,33001814,32998020,3794
35181,33014862,33014756,106
35182,33048263,33047704,559
35183,33049840,33049391,449
35184,33055128,33055001,127
35185,33055128,33055001,127
35186,33095109,33094222,887
35187,33095109,33094222,887
35188,33095109,33094222,887
35189,33095109,33094222,887
35190,33101000,33098090,2910
35191,33183037,33182871,166
35192,33183037,33182871,166
35193,33183037,33182871,166
35194,33378568,33375114,3454
35195,33378568,33375114,3454
35196,33378568,33375114,3454
35197,33378568,33375114,3454
35198,33621040,33620380,660
35199,33695646,33689700,5946
35200,33722286,33722286,0
35201,33722286,33722250,36
35202,33744273,33743991,282
35203,33744273,33743991,282
35204,33744273,33743991,282
35205,33744498,33743991,507
35206,33758025,33743991,14034
35207,33758025,33743991,14034
35208,33758025,33743991,14034
35209,33758025,33743991,14034
35210,33774945,33770431,4514
35211,33795893,33790415,5478
35212,33796071,33796043,28
35213,33796071,33796043,28
35214,33796071,33796043,28
35215,33886697,33886383,314
35216,33891132,33886383,4749
35217,33891371,33890932,439
35218,33891509,33890932,577
35219,33913836,33891262,22574
35220,34120607,34119328,1279
35221,34124157,34120914,3243
35222,34124157,34120914,3243
35223,34124157,34120914,3243
35224,34168458,34167739,719
35225,34168458,34167739,719
35226,34379555,34379130,425
35227,34493607,34492980,627
35228,34533346,34533116,230
35229,34533346,34533116,230
35230,34535347,34527296,8051
35231,34535347,34527296,8051
35232,34535347,34527296,8051
35233,34684834,34680478,4356
35234,34684834,34680478,4356
35235,34684834,34680478,4356
35236,34684834,34680478,4356
35237,34937939,34937787,152
35238,34937939,34937831,108
35239,35017675,35016719,956
35240,35017675,35016719,956
35241,35017675,35016719,956
35242,35236461,35236460,1
35243,35236461,35236460,1
35244,35244867,35243925,942
35245,35253949,35250880,3069
35246,35253949,35250880,3069
35247,35253949,35250880,3069
35248,35253949,35250880,3069
35249,35253949,35250880,3069
35250,35253949,35250880,3069
35251,35253949,35250834,3115
35252,35441105,35440513,592
35253,35441105,35440513,592
35254,35441610,35339053,102557
35255,35441610,35339053,102557
35256,35441610,35441487,123
35257,35547176,35547133,43
35258,35547176,35547133,43
35259,35547176,35547133,43
35260,35551848,35515773,36075
35261,35642421,35641498,923
35262,35830930,35827935,2995
35263,36252841,36250947,1894
35264,36252841,36250947,1894
35265,36252841,36250947,1894
35266,36310999,36310962,37
35267,36310999,36310962,37
35268,36310999,36310962,37
35269,36486754,36484286,2468
35270,36486754,36484286,2468
35271,36486754,36484286,2468
35272,36486754,36483924,2830
35273,36531863,36523065,8798
35274,36531863,36523065,8798
35275,36597986,36597986,0
35276,36601310,36597986,3324
35277,36615718,36615718,0
35278,36619829,36615718,4111
35279,36619829,36615718,4111
35280,36619829,36615718,4111
35281,36680841,36680736,105
35282,36680841,36680736,105
35283,36680841,36680736,105
35284,36680841,36680736,105
35285,36680841,36680736,105
35286,36680841,36680736,105
35287,36680841,36680736,105
35288,40137842,40137842,0
35289,40314680,40137830,176850
35290,40314680,40137830,176850
35291,41481186,40137842,1343344
35292,41481186,40137842,1343344
35293,42275240,42275178,62
35294,43290919,43284722,6197
35295,43357775,43357585,190
35296,43366080,43364060,2020
35297,43366080,43364005,2075
35298,43366080,43364060,2020
35299,43366080,43364005,2075
35300,43366080,43364005,2075
35301,43468067,43467515,552
35302,43468067,43467515,552
35303,43516483,43515454,1029
35304,43516483,43515454,1029
35305,43516483,43515454,1029
35306,43591945,43591675,270
35307,43878169,43876798,1371
35308,43921424,43919473,1951
35309,43941825,43941560,265
35310,43965433,43964823,610
35311,44081527,44081470,57
35312,44081527,44081470,57
35313,44098953,44097134,1819
35314,44101170,44098925,2245
35315,44105569,44105342,227
35316,44105569,44105342,227
35317,44266980,44265837,1143
35318,44266980,44265837,1143
35319,44266980,44265837,1143
35320,44266980,44265837,1143
35321,44331716,44331612,104
35322,44641315,44640676,639
35323,44641315,44640676,639
35324,44952884,44952517,367
35325,44953977,44950729,3248
35326,44971759,44959886,11873
35327,44972608,44959886,12722
35328,44972608,44959886,12722
35329,44972608,44959786,12822
35330,44972857,44959886,12971
35331,44972857,44959886,12971
35332,44972857,44959886,12971
35333,45236293,45234325,1968
35334,45246639,45246459,180
35335,45246639,45246459,180
35336,45256675,45249710,6965
35337,45307884,45275932,31952
35338,45307884,45307758,126
35339,45672473,45672473,0
35340,45687206,45672473,14733
35341,45793909,45793776,133
35342,45834567,45832886,1681
35343,45834567,45832886,1681
35344,45834567,45832886,1681
35345,45904799,45893782,11017
35346,45904799,45893782,11017
35347,45904799,45893782,11017
35348,45922003,45922003,0
35349,45928016,45927272,744
35350,45928833,45928796,37
35351,45939674,45939362,312
35352,45939674,45939362,312
35353,45950647,45950396,251
35354,45950647,45950396,251
35355,45950647,45950396,251
35356,45950647,45950475,172
35357,45992918,45987066,5852
35358,46142985,46105770,37215
35359,46142985,46105770,37215
35360,46142985,46105770,37215
35361,46142985,46105770,37215
35362,46342296,46342296,0
35363,46342972,46342447,525
35364,46342972,46342447,525
35365,46390725,46389810,915
35366,46400661,46400224,437
35367,46402104,46401497,607
35368,46402104,46401497,607
35369,46402104,46401497,607
35370,46402104,46401497,607
35371,46402104,46401497,607
35372,46402104,46401497,607
35373,46402104,46401497,607
35374,46402104,46401497,607
35375,46405348,46404363,985
35376,46405387,46405044,343
35377,46405387,46405044,343
35378,46405387,46405044,343
35379,46405387,46405044,343
35380,46405387,46405126,261
35381,46405387,46405044,343
35382,46405387,46405044,343
35383,46408107,46408107,0
35384,46564531,46564264,267
35385,46570050,46569930,120
35386,46612914,46569930,42984
35387,46612914,46569930,42984
35388,46615619,46569930,45689
35389,46615619,46569930,45689
35390,46615619,46569930,45689
35391,46638777,46637787,990
35392,46697568,46693882,3686
35393,46697568,46693882,3686
35394,46697568,46693882,3686
35395,46697568,46693882,3686
35396,46697568,46693882,3686
35397,46697568,46693882,3686
35398,46722215,46717657,4558
35399,46722215,46717657,4558
35400,46722215,46717657,4558
35401,46727466,46727413,53
35402,46727466,46727413,53
35403,46761056,46760958,98
35404,46791743,46791621,122
35405,46840054,46837864,2190
35406,46867859,46842782,25077
35407,46867859,46842782,25077
35408,46884484,46884267,217
35409,46940173,46939930,243
35410,46940173,46939930,243
35411,47183798,47183189,609
35412,47183798,47183189,609
35413,47183798,47183189,609
35414,47183798,47182745,1053
35415,47183798,47183189,609
35416,47183798,47183189,609
35417,47185931,47185803,128
35418,47195391,47193216,2175
35419,47198676,47198404,272
35420,47198676,47198404,272
35421,47198676,47198404,272
35422,47198676,47193216,5460
35423,47198676,47198404,272
35424,47207432,47204278,3154
35425,47208010,47204278,3732
35426,47208010,47204278,3732
35427,47260769,47260400,369
35428,47260769,47260400,369
35429,47260769,47260400,369
35430,47260769,47260400,369
35431,47270179,47270065,114
35432,47270457,47270340,117
35433,47270457,47269272,1185
35434,47270457,47270340,117
35435,47270457,47270340,117
35436,47270457,47266933,3524
35437,47270457,47266933,3524
35438,47270457,47270340,117
35439,47270457,47270340,117
35440,47290584,47290247,337
35441,47290584,47290247,337
35442,47290584,47290247,337
35443,47290584,47290247,337
35444,47290584,47290247,337
35445,47290584,47290247,337
35446,47346586,47346296,290
35447,47351582,47350701,881
35448,47351582,47350701,881
35449,47351582,47350232,1350
35450,47351582,47350701,881
35451,47351582,47350701,881
35452,47351582,47350701,881
35453,47351582,47350701,881
35454,47351582,47350232,1350
35455,47351582,47350701,881
35456,47351582,47350701,881
35457,47374253,47367806,6447
35458,47374253,47374198,55
35459,47400127,47399904,223
35460,47400127,47399904,223
35461,47400127,47399886,241
35462,47438045,47435468,2577
35463,47438051,47436914,1137
35464,47438051,47436914,1137
35465,47448024,47447830,194
35466,47470730,47470516,214
35467,47470730,47470516,214
35468,47470730,47470516,214
35469,47510576,47510566,10
35470,47510576,47510566,10
35471,47510576,47510566,10
35472,47516073,47510566,5507
35473,47545540,47521075,24465
35474,47574792,47510566,64226
35475,47574792,47521075,53717
35476,47595013,47593181,1832
35477,47595013,47593114,1899
35478,47595013,47593181,1832
35479,47595013,47591394,3619
35480,47600341,47599626,715
35481,47600521,47599551,970
35482,47600567,47600503,64
35483,47600567,47599551,1016
35484,47603400,47602554,846
35485,47606115,47606033,82
35486,47606115,47606033,82
35487,47610746,47609986,760
35488,47612362,47612362,0
35489,47615961,47612362,3599
35490,47664206,47664017,189
35491,47664206,47652622,11584
35492,47736302,47736202,100
35493,47736302,47736202,100
35494,47736928,47736202,726
35495,47788664,47786855,1809
35496,47788993,47788840,153
35497,47870057,47869972,85
35498,47870057,47869972,85
35499,47870057,47869972,85
35500,48154266,48153067,1199
35501,48161328,48161327,1
35502,48192394,48188914,3480
35503,48239291,48239291,0
35504,48267567,48267567,0
35505,48286330,48286330,0
35506,48328704,48328704,0
35507,48347482,48347482,0
35508,48373999,48373999,0
35509,48511274,48511274,0
35510,49059529,49059529,0
35511,49080664,49080664,0
35512,49176044,49175963,81
35513,49230222,49228402,1820
35514,49230222,49229961,261
35515,49230222,49228402,1820
35516,49230222,49229961,261
35517,49230222,49197505,32717
35518,49230222,49228402,1820
35519,49831969,49830180,1789
35520,49831969,49830180,1789
35521,49974971,49974904,67
35522,50004071,50004037,34
35523,51412448,51412395,53
35524,51516211,51516211,0
35525,55038595,55036814,1781
35526,55111663,55111663,0
35527,55136394,55136394,0
35528,55322895,55322895,0
35529,55340536,55340536,0
35530,55371874,55371849,25
35531,55406772,55406772,0
35532,55419315,55419315,0
35533,55433572,55433572,0
35534,55541858,55541858,0
35535,55563976,55563976,0
35536,55579878,55579878,0
35537,55588047,55588047,0
35538,55595630,55595630,0
35539,55607214,55607214,0
35540,55659284,55659108,176
35541,55659284,55659108,176
35542,55682058,55682058,0
35543,55703876,55703876,0
35544,55735939,55735939,0
35545,55762101,55762101,0
35546,55798869,55798869,0
35547,55861716,55861716,0
35548,55873457,55873457,0
35549,55890787,55890787,0
35550,55905194,55905194,0
35551,55927793,55927793,0
35552,55945032,55945032,0
35553,56000661,56000661,0
35554,56020698,56020698,0
35555,56044095,56044095,0
35556,56058538,56058538,0
35557,56086721,56086721,0
35558,56114474,56114474,0
35559,56128764,56128673,91
35560,56185708,56185708,0
35561,56230877,56230877,0
35562,56238014,56237973,41
35563,56258846,56258846,0
35564,56310733,56310733,0
35565,56345197,56345197,0
35566,56380978,56380978,0
35567,56409915,56409915,0
35568,56432094,56432094,0
35569,56468781,56468781,0
35570,56508560,56144029,364531
35571,56511287,56511287,0
35572,56757318,56757318,0
35573,56959188,56954954,4234
35574,57004927,57004478,449
35575,57070359,57070331,28
35576,57089671,57089359,312
35577,57092413,57089359,3054
35578,57092413,57080514,11899
35579,57102714,57102595,119
35580,57103351,57102595,756
35581,57137549,57137470,79
35582,57148623,57148181,442
35583,57158130,57157417,713
35584,57158130,57157417,713
35585,57191532,57191512,20
35586,57193952,57193645,307
35587,57194560,57193645,915
35588,57194560,57193645,915
35589,57194621,57193645,976
35590,57194621,57193645,976
35591,57194621,57193645,976
35592,57194621,57193645,976
35593,57195053,57193645,1408
35594,57244384,57244384,0
35595,57282358,57281584,774
35596,57283192,57281584,1608
35597,57298232,57297662,570
35598,57317747,57317585,162
35599,57335180,57335084,96
35600,57335803,57322021,13782
35601,57382326,57382054,272
35602,57382326,57382054,272
35603,57382326,57382054,272
35604,57382326,57382054,272
35605,57382326,57382054,272
35606,57417417,57414580,2837
35607,57429337,57428908,429
35608,57429337,57428908,429
35609,57429337,57428908,429
35610,57468659,57467503,1156
35611,57468659,57467503,1156
35612,57468659,57467503,1156
35613,57479673,57479651,22
35614,57479673,57479651,22
35615,57479673,57479651,22
35616,57508445,57507717,728
35617,57508445,57507717,728
35618,57508445,57507717,728
35619,57510883,57509689,1194
35620,57518846,57518660,186
35621,57519253,57518660,593
35622,57585415,57583780,1635
35623,57586652,57583780,2872
35624,57586652,57583780,2872
35625,57586652,57583780,2872
35626,57586652,57583780,2872
35627,57586652,57583780,2872
35628,57586652,57583780,2872
35629,57586652,57583780,2872
35630,57586652,57583780,2872
35631,57586652,57583780,2872
35632,57586652,57583780,2872
35633,57586652,57583780,2872
35634,57586652,57583780,2872
35635,57586652,57583780,2872
35636,57586652,57583780,2872
35637,57586652,57583780,2872
35638,57586652,57583780,2872
35639,57586652,57583780,2872
35640,57586652,57583780,2872
35641,57586652,57583780,2872
35642,57586652,57583780,2872
35643,57586652,57583780,2872
35644,57586652,57583780,2872
35645,57586652,57583780,2872
35646,57586652,57583780,2872
35647,57586652,57583780,2872
35648,57586652,57583780,2872
35649,57586652,57583780,2872
35650,57586652,57583780,2872
35651,57586652,57583780,2872
35652,57586652,57583780,2872
35653,57799378,57799378,0
35654,57877133,57877133,0
35655,57886916,57886916,0
35656,57947849,57947849,0
35657,57949038,57947849,1189
35658,57958990,57958907,83
35659,57971653,57971653,0
35660,57983194,57983194,0
35661,57996390,57996347,43
35662,58035732,58035330,402
35663,58126542,58126542,0
35664,58170882,58170882,0
35665,58190786,58190734,52
35666,58207646,58207624,22
35667,58275578,58275578,0
35668,58343390,58343245,145
35669,58343390,58318633,24757
35670,58345639,58345519,120
35671,58345693,58338186,7507
35672,58389023,58385179,3844
35673,58389023,58385179,3844
35674,58393205,58391995,1210
35675,58499447,58491969,7478
35676,58499447,58491969,7478
35677,58611997,58607085,4912
35678,58611997,58607085,4912
35679,58676071,58674868,1203
35680,58724543,58723500,1043
35681,58724543,58723500,1043
35682,58724543,58723500,1043
35683,58724543,58723500,1043
35684,58724543,58723500,1043
35685,58893775,58893775,0
35686,58894888,58893775,1113
35687,58894888,58893775,1113
35688,58894888,58893775,1113
35689,58922511,58920977,1534
35690,58922511,58920977,1534
35691,58922511,58920977,1534
35692,58922511,58920977,1534
35693,58922511,58920977,1534
35694,58922511,58920977,1534
35695,58976060,58972382,3678
35696,58976060,58972382,3678
35697,58980494,58980338,156
35698,59132867,59132867,0
35699,59190426,59190426,0
35700,59211589,59211589,0
35701,59225378,59225378,0
35702,59245838,59245838,0
35703,59271984,59271984,0
35704,59283330,59283330,0
35705,59383617,59383137,480
35706,59426419,59423141,3278
35707,59436511,59436368,143
35708,59436511,59436368,143
35709,59481318,59481318,0
35710,59517054,59516850,204
35711,59564869,59564839,30
35712,59573355,59564839,8516
35713,59573355,59568375,4980
35714,59573355,59568375,4980
35715,59578345,59578131,214
35716,59612974,59612926,48
35717,59612974,59612926,48
35718,59634041,59633943,98
35719,59737619,59737597,22
35720,59815516,59814546,970
35721,59838588,59837706,882
35722,59838588,59837706,882
35723,59838588,59837706,882
35724,59861504,59861082,422
35725,59865940,59863129,2811
35726,59865940,59863129,2811
35727,59950804,59949200,1604
35728,59950804,59949200,1604
35729,59950804,59949200,1604
35730,59952139,59949200,2939
35731,59952139,59950678,1461
35732,59997544,59997528,16
35733,59997544,59997528,16
35734,59997544,59997528,16
35735,60076445,60075651,794
35736,60076445,60075651,794
35737,60076445,60075651,794
35738,60108441,60107428,1013
35739,60157458,60157192,266
35740,60163426,60161334,2092
35741,60163426,60161334,2092
35742,60163426,60161334,2092
35743,60163426,60161334,2092
35744,60185228,60184481,747
35745,60185228,60184481,747
35746,60185228,60184481,747
35747,60185228,60184481,747
35748,60185228,60184481,747
35749,60185228,60184481,747
35750,60185228,60184481,747
35751,60185228,60184481,747
35752,60185228,60184481,747
35753,60215265,60215232,33
35754,60231785,60231285,500
35755,60238225,60235941,2284
35756,60238225,60235941,2284
35757,60238225,60235941,2284
35758,60238225,60235941,2284
35759,60238225,60235941,2284
35760,60265535,60265151,384
35761,60274901,60274597,304
35762,60274901,60274597,304
35763,60310191,60310048,143
35764,60310191,60310048,143
35765,60310191,60310048,143
35766,60476692,60476293,399
35767,60476692,60476293,399
35768,60483285,60482887,398
35769,60544204,60543188,1016
35770,60544204,60543188,1016
35771,60544204,60543188,1016
35772,60568778,60567382,1396
35773,60618561,60617798,763
35774,60621195,60621195,0
35775,60623444,60621195,2249
35776,60643164,60643129,35
35777,60643164,60643129,35
35778,60674061,60673854,207
35779,60690915,60689637,1278
35780,60702079,60701220,859
35781,60702089,60699416,2673
35782,60704631,60704379,252
35783,60704631,60704379,252
35784,60719257,60719023,234
35785,60719257,60719023,234
35786,60781035,60781034,1
35787,60781035,60781034,1
35788,60785822,60785822,0
35789,60787848,60786790,1058
35790,60787848,60786790,1058
35791,60787848,60786790,1058
35792,60895323,60893311,2012
35793,60928916,60906301,22615
35794,60928916,60906301,22615
35795,60980350,60980174,176
35796,60999179,60999003,176
35797,61018929,61018753,176
35798,61062788,61062509,279
35799,61100684,61100440,244
35800,61100684,61100440,244
35801,61100684,61100440,244
35802,61100684,61100440,244
35803,61110047,61100440,9607
35804,61113975,61113796,179
35805,61116231,61113975,2256
35806,61124361,61124185,176
35807,61124361,61124185,176
35808,61129755,61124710,5045
35809,61129755,61124185,5570
35810,61136055,61135628,427
35811,61136975,61136181,794
35812,61166335,61165748,587
35813,61166335,61165748,587
35814,61166335,61165748,587
35815,61196762,61188528,8234
35816,61197383,61197302,81
35817,61197464,61196707,757
35818,61197464,61196707,757
35819,61197464,61196707,757
35820,61214239,61213543,696
35821,61258400,61258042,358
35822,61258400,61258042,358
35823,61278490,61277349,1141
35824,61309870,61309858,12
35825,61348344,61348292,52
35826,61348344,61348292,52
35827,61406921,61405108,1813
35828,61514474,61511961,2513
35829,61525136,61525056,80
35830,61555989,61553615,2374
35831,61555989,61553615,2374
35832,61555989,61553615,2374
35833,61560085,61560030,55
35834,61563976,61563976,0
35835,61564714,61563976,738
35836,61581006,61580777,229
35837,61582589,61580777,1812
35838,61584529,61584401,128
35839,61631693,61631262,431
35840,61634825,61633161,1664
35841,61634825,61633161,1664
35842,61634825,61633161,1664
35843,61659006,61658853,153
35844,61685081,61684839,242
35845,61687741,61687664,77
35846,61726386,61725977,409
35847,61726386,61725977,409
35848,61730365,61729731,634
35849,61730365,61729825,540
35850,61730365,61729731,634
35851,61731066,61730621,445
35852,61731066,61730621,445
35853,61731935,61731594,341
35854,61731935,61731594,341
35855,61731935,61731594,341
35856,61731935,61731594,341
35857,61735132,61734897,235
35858,61736962,61736070,892
35859,61905448,61905359,89
35860,61916026,61916026,0
35861,61920635,61919448,1187
35862,61920635,61919448,1187
35863,61961009,61960900,109
35864,61981411,61981242,169
35865,62012280,62012171,109
35866,62040628,62040467,161
35867,62066536,62066482,54
35868,62160887,62159756,1131
35869,62160887,62159756,1131
35870,62160887,62159756,1131
35871,62190678,62190563,115
35872,62314332,62303570,10762
35873,62314332,62303570,10762
35874,62341460,62341314,146
35875,62342401,62342310,91
35876,62359109,62359071,38
35877,62368747,62365155,3592
35878,62369312,62368922,390
35879,62378816,62376932,1884
35880,62379068,62379003,65
35881,62379068,62379003,65
35882,62379853,62378700,1153
35883,62380237,62379929,308
35884,62380237,62379929,308
35885,62382592,62382311,281
35886,62389647,62389419,228
35887,62389647,62388587,1060
35888,62389647,62389419,228
35889,62414198,62414071,127
35890,62414198,62414071,127
35891,62414198,62406543,7655
35892,62414198,62414071,127
35893,62414198,62414071,127
35894,62420774,62420721,53
35895,62434869,62434523,346
35896,62434923,62434523,400
35897,62435954,62434149,1805
35898,62439241,62437503,1738
35899,62439241,62437503,1738
35900,62441162,62439586,1576
35901,62446527,62446395,132
35902,62446527,62446395,132
35903,62446527,62446395,132
35904,62446527,62446395,132
35905,62446545,62446169,376
35906,62455980,62455980,0
35907,62457371,62455980,1391
35908,62473787,62472984,803
35909,62473787,62472984,803
35910,62475179,62474667,512
35911,62476678,62476278,400
35912,62477091,62474667,2424
35913,62477091,62474667,2424
35914,62494857,62494628,229
35915,62506108,62505854,254
35916,62506108,62505854,254
35917,62521656,62521534,122
35918,62534187,62533979,208
35919,62546260,62545818,442
35920,62549937,62549809,128
35921,62554813,62554768,45
35922,62557872,62557519,353
35923,62559486,62559466,20
35924,62572964,62572828,136
35925,62572964,62572828,136
35926,62572964,62572828,136
35927,62572964,62569690,3274
35928,62599563,62598715,848
35929,62599563,62598715,848
35930,62599563,62595040,4523
35931,62607131,62607042,89
35932,62607131,62607042,89
35933,62607628,62607042,586
35934,62609281,62607042,2239
35935,62656355,62656165,190
35936,62656355,62656165,190
35937,62656355,62656165,190
35938,62656355,62656165,190
35939,62678572,62678572,0
35940,62689012,62678572,10440
35941,62752495,62752162,333
35942,62752495,62752162,333
35943,62752495,62752162,333
35944,62752495,62752162,333
35945,62766971,62766526,445
35946,62782434,62782430,4
35947,62783317,62768259,15058
35948,62783317,62782430,887
35949,62783317,62782430,887
35950,62783317,62782157,1160
35951,62902240,62902204,36
35952,62911693,62911251,442
35953,62997124,62997124,0
35954,62997124,62997124,0
35955,63072361,63072177,184
35956,63079246,63078506,740
35957,63177712,63177334,378
35958,63258680,63258506,174
35959,63258680,63258506,174
35960,63258680,63258506,174
35961,63284246,63283865,381
35962,63284246,63283865,381
35963,63284246,63283865,381
35964,63284246,63283865,381
35965,63284246,63283865,381
35966,63284246,63283865,381
35967,63313930,63313728,202
35968,63330855,63330796,59
35969,63381909,63381486,423
35970,63381909,63381572,337
35971,63381941,63381486,455
35972,63403069,63403014,55
35973,63439083,63438807,276
35974,63439444,63426716,12728
35975,63439444,63439187,257
35976,63527363,63525673,1690
35977,63527363,63525673,1690
35978,63527363,63525673,1690
35979,63527363,63525673,1690
35980,63527363,63525673,1690
35981,63527363,63525747,1616
35982,63527363,63525863,1500
35983,63533776,63533573,203
35984,63536113,63536094,19
35985,63595190,63594611,579
35986,63662810,63662810,0
35987,63678492,63676709,1783
35988,63678492,63676709,1783
35989,63678492,63676709,1783
35990,63678492,63676709,1783
35991,63678492,63676709,1783
35992,63678492,63676709,1783
35993,63684316,63683928,388
35994,63724446,63721951,2495
35995,63724446,63721951,2495
35996,63724446,63721951,2495
35997,63744015,63743792,223
35998,63765892,63765018,874
35999,63765892,63765018,874
36000,63765892,63765018,874
36001,63765892,63765018,874
36002,63885764,63885764,0
36003,63886645,63885764,881
36004,63933585,63933466,119
36005,63963348,63963324,24
36006,63972020,63971598,422
36007,63972020,63971598,422
36008,63991363,63990964,399
36009,63991363,63990964,399
36010,63993341,63993332,9
36011,63993726,63993332,394
36012,63993726,63993332,394
36013,63993726,63993332,394
36014,63993726,63993332,394
36015,63993726,63992980,746
36016,63994964,63994787,177
36017,63997488,63997462,26
36018,63997488,63997462,26
36019,63997488,63997462,26
36020,63997488,63997462,26
36021,63998760,63998328,432
36022,64000516,64000341,175
36023,64001753,64001656,97
36024,64001753,64001585,168
36025,64001753,64001585,168
36026,64006736,64005849,887
36027,64006736,64005105,1631
36028,64011607,64011501,106
36029,64011607,64011501,106
36030,64011607,64011501,106
36031,64014413,64014145,268
36032,64036619,64035028,1591
36033,64036924,64035028,1896
36034,64036924,64035028,1896
36035,64052176,64051840,336
36036,64052176,64051840,336
36037,64052176,64051840,336
36038,64055485,64055436,49
36039,64055686,64055686,0
36040,64056972,64056837,135
36041,64056972,64056559,413
36042,64056972,64056668,304
36043,64056972,64056668,304
36044,64056972,64056837,135
36045,64064898,64064755,143
36046,64067903,64067198,705
36047,64067903,64067296,607
36048,64067903,64067198,705
36049,64067903,64067296,607
36050,64067903,64067198,705
36051,64067903,64067198,705
36052,64072239,64072118,121
36053,64084210,64083438,772
36054,64084210,64083438,772
36055,64084210,64083438,772
36056,64085033,64084998,35
36057,64089295,64089163,132
36058,64089295,64089163,132
36059,64089295,64089163,132
36060,64118167,64117197,970
36061,64121642,64121641,1
36062,64125000,64123192,1808
36063,64125006,64124566,440
36064,64125006,64124960,46
36065,64125006,64124960,46
36066,64139687,64138952,735
36067,64139687,64138952,735
36068,64139687,64138952,735
36069,64139687,64138952,735
36070,64139687,64138952,735
36071,64334171,64333116,1055
36072,64334171,64333116,1055
36073,64338999,64338514,485
36074,64338999,64338514,485
36075,64366395,64366393,2
36076,64368466,64368414,52
36077,64369825,64369023,802
36078,64369825,64369023,802
36079,64369825,64369023,802
36080,64369825,64369023,802
36081,64391468,64390317,1151
36082,64410787,64410275,512
36083,64457948,64453291,4657
36084,64490660,64481171,9489
36085,64490660,64481171,9489
36086,64490660,64481171,9489
36087,64508355,64507712,643
36088,64508973,64507571,1402
36089,64511630,64510338,1292
36090,64512061,64511246,815
36091,64512329,64510338,1991
36092,64512928,64510338,2590
36093,64528187,64527370,817
36094,64528187,64527370,817
36095,64536608,64535721,887
36096,64545232,64544051,1181
36097,64545938,64545864,74
36098,64546316,64545864,452
36099,64546316,64545864,452
36100,64546316,64545864,452
36101,64546316,64545864,452
36102,64546316,64537771,8545
36103,64546316,64537771,8545
36104,64546316,64545864,452
36105,64570713,64570621,92
36106,64570713,64570621,92
36107,64570713,64570621,92
36108,64578035,64577581,454
36109,64578035,64577581,454
36110,64578035,64577581,454
36111,64578188,64577581,607
36112,64578188,64577581,607
36113,64578213,64577581,632
36114,64578766,64577581,1185
36115,64578766,64577581,1185
36116,64612041,64612041,0
36117,64623332,64622922,410
36118,64646191,64645936,255
36119,64647149,64645936,1213
36120,64647149,64647102,47
36121,64660921,64660278,643
36122,64670836,64670053,783
36123,64684722,64684607,115
36124,64684722,64684607,115
36125,64701950,64701316,634
36126,64701950,64701316,634
36127,64703360,64702932,428
36128,64727607,64726877,730
36129,64739557,64726877,12680
36130,64757745,64757170,575
36131,64757986,64757445,541
36132,64764517,64764386,131
36133,64787057,64786451,606
36134,64789657,64789327,330
36135,64789657,64789327,330
36136,64808044,64807264,780
36137,64808044,64807264,780
36138,64812300,64812199,101
36139,64826009,64825993,16
36140,64826014,64814973,11041
36141,64851615,64851450,165
36142,64853485,64852790,695
36143,64853485,64852790,695
36144,64855874,64855586,288
36145,64856542,64856503,39
36146,64879332,64879059,273
36147,64879332,64879059,273
36148,64883707,64883525,182
36149,64883707,64883525,182
36150,64883707,64883525,182
36151,64883707,64883525,182
36152,64885170,64885125,45
36153,64885170,64884843,327
36154,64889672,64889285,387
36155,64894841,64893344,1497
36156,64894841,64893344,1497
36157,64902003,64901072,931
36158,64902003,64901072,931
36159,64902003,64901072,931
36160,64940688,64940688,0
36161,64979477,64978757,720
36162,64979477,64978757,720
36163,64979477,64978757,720
36164,64979477,64978757,720
36165,64993511,64993167,344
36166,65010228,65009557,671
36167,65047491,65047130,361
36168,65063681,65063524,157
36169,65065088,65064740,348
36170,65065088,65064740,348
36171,65089002,65089002,0
36172,65089900,65089002,898
36173,65120451,65119230,1221
36174,65120451,65119230,1221
36175,65124695,65124695,0
36176,65125082,65124695,387
36177,65149440,65149422,18
36178,65149857,65149422,435
36179,65150142,65149422,720
36180,65150142,65147364,2778
36181,65151172,65147364,3808
36182,65180995,65178831,2164
36183,65180995,65178831,2164
36184,65180995,65178831,2164
36185,65273939,65265940,7999
36186,65306011,65305821,190
36187,65306182,65306037,145
36188,65306182,65306037,145
36189,65306182,65306011,171
36190,65306182,65306011,171
36191,65312102,65308071,4031
36192,65314171,65308071,6100
36193,65316569,65315526,1043
36194,65325699,65325430,269
36195,65325699,65321831,3868
36196,65325699,65325430,269
36197,65325699,65325430,269
36198,65326253,65325163,1090
36199,65337884,65337643,241
36200,65339239,65339205,34
36201,65341669,65341112,557
36202,65341669,65340997,672
36203,65341669,65341112,557
36204,65360116,65359773,343
36205,65363467,65363243,224
36206,65363467,65363243,224
36207,65363467,65363243,224
36208,65363467,65363243,224
36209,65374494,65373310,1184
36210,65375919,65374750,1169
36211,65378543,65375887,2656
36212,65381720,65381227,493
36213,65394250,65393794,456
36214,65404910,65404449,461
36215,65404910,65404449,461
36216,65418391,65418186,205
36217,65418391,65418186,205
36218,65418391,65418186,205
36219,65430443,65430303,140
36220,65430443,65430303,140
36221,65430443,65430303,140
36222,65430443,65430303,140
36223,65430443,65430303,140
36224,65430443,65429333,1110
36225,65430443,65430303,140
36226,65487077,65486652,425
36227,65487077,65486652,425
36228,65487077,65486652,425
36229,65487077,65486652,425
36230,65487077,65486652,425
36231,65488409,65488229,180
36232,65548062,65548062,0
36233,65564690,65562812,1878
36234,65564690,65562812,1878
36235,65617730,65617215,515
36236,65618025,65617726,299
36237,65621172,65620806,366
36238,65626101,65625570,531
36239,65626886,65625570,1316
36240,65633914,65633523,391
36241,65633914,65633523,391
36242,65640405,65639825,580
36243,65651212,65651089,123
36244,65656010,65655889,121
36245,65656010,65655889,121
36246,65656010,65655889,121
36247,65656010,65655889,121
36248,65659106,65658863,243
36249,65667997,65667810,187
36250,65667997,65667810,187
36251,65686531,65686502,29
36252,65686531,65686502,29
36253,65689048,65688906,142
36254,65727434,65727411,23
36255,65731983,65731697,286
36256,65734854,65733977,877
36257,65747607,65746501,1106
36258,65769637,65767860,1777
36259,65769637,65767860,1777
36260,65769637,65767860,1777
36261,65769637,65767860,1777
36262,65769637,65767860,1777
36263,65769637,65767860,1777
36264,65769637,65767860,1777
36265,65771617,65771243,374
36266,65771617,65771243,374
36267,65780975,65780641,334
36268,65780976,65780871,105
36269,65793988,65793850,138
36270,65803659,65803462,197
36271,65813046,65812886,160
36272,65816651,65812886,3765
36273,65821319,65820220,1099
36274,65824426,65824425,1
36275,65836382,65836216,166
36276,65986168,65984300,1868
36277,66012218,66010751,1467
36278,66012218,66010751,1467
36279,66035330,66034159,1171
36280,66035332,66034427,905
36281,66035332,66034427,905
36282,66035332,66034427,905
36283,66035332,66034427,905
36284,66035332,66034427,905
36285,66035332,66034427,905
36286,66044963,66043709,1254
36287,66051685,66051068,617
36288,66056638,66056456,182
36289,66056638,66056456,182
36290,66064135,66063124,1011
36291,66084515,66084498,17
36292,66103162,66102348,814
36293,66103629,66102348,1281
36294,66104000,66103873,127
36295,66104000,66103299,701
36296,66104311,66103299,1012
36297,66108341,66108322,19
36298,66112582,66109705,2877
36299,66112582,66109705,2877
36300,66115161,66115016,145
36301,66139117,66136585,2532
36302,66139291,66139062,229
36303,66139645,66139062,583
36304,66139645,66139062,583
36305,66194177,66193460,717
36306,66194177,66193460,717
36307,66206310,66206225,85
36308,66206310,66206225,85
36309,66206310,66206225,85
36310,66242122,66241552,570
36311,66244808,66243638,1170
36312,66244808,66243638,1170
36313,66244808,66243638,1170
36314,66244808,66243638,1170
36315,66277130,66276722,408
36316,66277130,66276722,408
36317,66277130,66276722,408
36318,66299676,66299246,430
36319,66301084,66299508,1576
36320,66301084,66299246,1838
36321,66301084,66299508,1576
36322,66301084,66299508,1576
36323,66301084,66299246,1838
36324,66313671,66313474,197
36325,66313671,66313474,197
36326,66330799,66330664,135
36327,66336047,66335957,90
36328,66360554,66360486,68
36329,66373490,66373326,164
36330,66397397,66394139,3258
36331,66397397,66393954,3443
36332,66397397,66393954,3443
36333,66408663,66407716,947
36334,66412103,66411603,500
36335,66413944,66411603,2341
36336,66413944,66413517,427
36337,66413944,66411603,2341
36338,66413944,66413517,427
36339,66413944,66411603,2341
36340,66435858,66433436,2422
36341,66445219,66444550,669
36342,66445275,66444550,725
36343,66455550,66455506,44
36344,66488870,66488711,159
36345,66610987,66610705,282
36346,66610987,66610705,282
36347,66610987,66610705,282
36348,66614003,66613566,437
36349,66614003,66613566,437
36350,66626357,66626355,2
36351,66627946,66627666,280
36352,66675340,66639630,35710
36353,66725847,66639630,86217
36354,66725847,66639630,86217
36355,66744479,66743722,757
36356,66818334,66816228,2106
36357,66818334,66816228,2106
36358,66839488,66839073,415
36359,67023046,67021960,1086
36360,67025550,67022526,3024
36361,67025550,67022526,3024
36362,67025550,67022526,3024
36363,67025550,67022526,3024
36364,67025550,67022526,3024
36365,67025550,67022526,3024
36366,67054029,67052921,1108
36367,67069955,67069803,152
36368,67069955,67069803,152
36369,67069955,67069803,152
36370,67069955,67069803,152
36371,67069955,67069803,152
36372,67069955,67069803,152
36373,67080078,67079358,720
36374,67080078,67079358,720
36375,67121067,67120870,197
36376,67121067,67120870,197
36377,67141206,67141010,196
36378,67141648,67135083,6565
36379,67165883,67165030,853
36380,67165883,67165030,853
36381,67169376,67169253,123
36382,67169376,67169253,123
36383,67169376,67169253,123
36384,67177561,67177225,336
36385,67177561,67177011,550
36386,67186714,67186714,0
36387,67188654,67188578,76
36388,67193075,67192072,1003
36389,67193078,67192072,1006
36390,67193078,67192072,1006
36391,67193078,67192072,1006
36392,67202879,67202640,239
36393,67202879,67202640,239
36394,67205153,67205090,63
36395,67210983,67210099,884
36396,67210983,67210099,884
36397,67210983,67210099,884
36398,67211292,67210099,1193
36399,67220200,67220195,5
36400,67229245,67226130,3115
36401,67229245,67226130,3115
36402,67236748,67236663,85
36403,67236748,67236663,85
36404,67236748,67236663,85
36405,67236748,67236663,85
36406,67236748,67236663,85
36407,67236748,67236663,85
36408,67236748,67236663,85
36409,67258579,67258464,115
36410,67266108,67263811,2297
36411,67271840,67271651,189
36412,67272843,67271651,1192
36413,67272843,67271651,1192
36414,67275658,67275077,581
36415,67275658,67275269,389
36416,67276199,67275553,646
36417,67290899,67290797,102
36418,67290899,67290811,88
36419,67354124,67354048,76
36420,67373482,67372540,942
36421,67379449,67379402,47
36422,67380012,67379929,83
36423,67380012,67379929,83
36424,67380012,67379929,83
36425,67380012,67379929,83
36426,67380012,67379929,83
36427,67397408,67397382,26
36428,67397408,67397382,26
36429,67407031,67406943,88
36430,67418130,67414514,3616
36431,67442102,67434406,7696
36432,67442102,67434406,7696
36433,67448685,67434406,14279
36434,67572807,67572784,23
36435,67771593,67771513,80
36436,67785348,67783178,2170
36437,67796743,67795406,1337
36438,67796743,67795406,1337
36439,67796743,67795406,1337
36440,67801197,67800894,303
36441,67804114,67804060,54
36442,67810330,67810330,0
36443,67811120,67811118,2
36444,67816363,67816299,64
36445,67818366,67818286,80
36446,67818366,67818286,80
36447,67888858,67888644,214
36448,67888858,67888644,214
36449,67957619,67926570,31049
36450,67980784,67957543,23241
36451,67980784,67942511,38273
36452,67980784,67957543,23241
36453,67981068,67939109,41959
36454,67981068,67957543,23525
36455,68039469,68031235,8234
36456,68216743,68216538,205
36457,68321725,68321723,2
36458,68382801,68380585,2216
36459,68382801,68380585,2216
36460,68382801,68380585,2216
36461,68382801,68380585,2216
36462,68382801,68382145,656
36463,68382801,68380585,2216
36464,68382801,68380585,2216
36465,68382801,68380585,2216
36466,68382801,68380585,2216
36467,68382801,68380585,2216
36468,68458643,68458455,188
36469,68518167,68518128,39
36470,68518988,68518128,860
36471,68518988,68518128,860
36472,68518988,68518128,860
36473,68609399,68582942,26457
36474,68609399,68582942,26457
36475,68671303,68664123,7180
36476,68671303,68671278,25
36477,68671303,68671278,25
36478,68704559,68704558,1
36479,68708069,68707199,870
36480,68708069,68707199,870
36481,68748455,68748455,0
36482,68780850,68777369,3481
36483,68780850,68777369,3481
36484,68847315,68846497,818
36485,68855834,68855421,413
36486,68858072,68855421,2651
36487,69064754,69063859,895
36488,69064754,69063859,895
36489,69064754,69063859,895
36490,69244389,69242419,1970
36491,69469242,69466050,3192
36492,69472853,69472683,170
36493,69490165,69490007,158
36494,69490165,69490007,158
36495,69490165,69490007,158
36496,69490165,69490007,158
36497,69519106,69518644,462
36498,69590171,69589852,319
36499,69590171,69589852,319
36500,69634192,69633701,491
36501,70009683,70009599,84
36502,70034203,70034110,93
36503,70035652,70034110,1542
36504,70035652,70034110,1542
36505,70053508,70052579,929
36506,70224598,70224309,289
36507,70230607,70228252,2355
36508,70230607,70228252,2355
36509,70230607,70228252,2355
36510,70282087,70281854,233
36511,70282690,70282514,176
36512,70282690,70281268,1422
36513,70282690,70281268,1422
36514,70282690,70281268,1422
36515,70346698,70319531,27167
36516,70346698,70338517,8181
36517,70507872,70507871,1
36518,70507923,70507872,51
36519,70507923,70507872,51
36520,70507923,70507872,51
36521,70935842,70858372,77470
36522,71134400,71118818,15582
36523,71159477,71155998,3479
36524,71159477,71155998,3479
36525,71212581,71212398,183
36526,71212581,71212398,183
36527,71212581,71212398,183
36528,71239210,71238844,366
36529,71250253,71249665,588
36530,71260653,71260213,440
36531,71277666,71277242,424
36532,71293921,71293883,38
36533,71512280,71510693,1587
36534,71512280,71510693,1587
36535,71512280,71510693,1587
36536,71548608,71548608,0
36537,71595607,71595607,0
36538,71639493,71634399,5094
36539,71639493,71634399,5094
36540,71708643,71707361,1282
36541,71708643,71707361,1282
36542,71708643,71707361,1282
36543,71708643,71706572,2071
36544,71713850,71712907,943
36545,71713850,71712907,943
36546,71713850,71712942,908
36547,71713850,71712907,943
36548,71713850,71712907,943
36549,71713850,71712942,908
36550,71713965,71712691,1274
36551,71719891,71718243,1648
36552,71727306,71727237,69
36553,71727306,71727237,69
36554,71752132,71746989,5143
36555,71752132,71746989,5143
36556,71781109,71746989,34120
36557,71791520,71746989,44531
36558,71791520,71746989,44531
36559,71791573,71746989,44584
36560,71791573,71746989,44584
36561,71791573,71746989,44584
36562,71791573,71746989,44584
36563,71807938,71806146,1792
36564,71807938,71806566,1372
36565,71807938,71806566,1372
36566,71807938,71807808,130
36567,71814433,71814270,163
36568,71821828,71819971,1857
36569,71821828,71819971,1857
36570,71821828,71819971,1857
36571,71823822,71823788,34
36572,71823822,71822322,1500
36573,71823822,71822322,1500
36574,71850934,71850875,59
36575,71850934,71850875,59
36576,71907367,71907221,146
36577,71907367,71907221,146
36578,71907367,71907221,146
36579,71907367,71907221,146
36580,71932994,71932806,188
36581,71932994,71932806,188
36582,71932994,71932806,188
36583,71932994,71932806,188
36584,71950188,71949397,791
36585,71950188,71949397,791
36586,71955220,71955048,172
36587,72019648,72018253,1395
36588,72145684,72114038,31646
36589,72145724,72145276,448
36590,72145724,72145518,206
36591,72145724,72145518,206
36592,72145724,72145518,206
36593,72284266,72282278,1988
36594,72353504,72353316,188
36595,72353504,72353420,84
36596,72353504,72353420,84
36597,72380108,72379385,723
36598,72385497,72385251,246
36599,72385497,72385251,246
36600,72424288,72423640,648
36601,72433403,72424232,9171
36602,72433403,72424232,9171
36603,72433403,72424232,9171
36604,72463434,72438173,25261
36605,72492779,72492226,553
36606,72504702,72492226,12476
36607,72504750,72438173,66577
36608,72504750,72492226,12524
36609,72504750,72492226,12524
36610,72530043,72528921,1122
36611,72535887,72533955,1932
36612,72540680,72540435,245
36613,72540680,72540435,245
36614,72554717,72539800,14917
36615,72851173,72788704,62469
36616,72853143,72852922,221
36617,72853143,72700049,153094
36618,72853143,72726927,126216
36619,72946338,72946338,0
36620,72953472,72946338,7134
36621,72953472,72946338,7134
36622,72953472,72946338,7134
36623,73008550,73008550,0
36624,73009670,73008550,1120
36625,73009670,73008550,1120
36626,73009670,73008550,1120
36627,73009670,73008550,1120
36628,73009670,73008550,1120
36629,73009670,73008550,1120
36630,73009670,73008550,1120
36631,73009670,73008550,1120
36632,73020887,73020886,1
36633,73080425,73078825,1600
36634,73103529,73103527,2
36635,73108519,73106536,1983
36636,73108519,73106536,1983
36637,73309228,73179519,129709
36638,73309228,73179519,129709
36639,73309228,73179519,129709
36640,73364464,73364462,2
36641,73373864,73372647,1217
36642,73373864,73372647,1217
36643,73373864,73372647,1217
36644,73373864,73372647,1217
36645,73373864,73372647,1217
36646,73373864,73372763,1101
36647,73471138,73441839,29299
36648,73472201,73471680,521
36649,73472201,73471680,521
36650,73472201,73471680,521
36651,73472201,73471680,521
36652,73575656,73575415,241
36653,73575656,73575415,241
36654,73575656,73575415,241
36655,73584423,73584423,0
36656,73587890,73584423,3467
36657,73638781,73638407,374
36658,73638781,73638407,374
36659,73638781,73638407,374
36660,73638781,73638407,374
36661,73638781,73638407,374
36662,73681332,73681159,173
36663,73693889,73689423,4466
36664,73720282,73718087,2195
36665,73720282,73718087,2195
36666,73882064,73881837,227
36667,73882064,73881837,227
36668,73965748,73964555,1193
36669,73965748,73964555,1193
36670,73965748,73964555,1193
36671,74022699,74022656,43
36672,74022699,74022656,43
36673,74109502,74109206,296
36674,74168608,74168608,0
36675,74173198,74168608,4590
36676,74178600,74168608,9992
36677,74204755,74204748,7
36678,74209578,74209129,449
36679,74354105,74351811,2294
36680,74354105,74351811,2294
36681,74354105,74351811,2294
36682,74430348,74421977,8371
36683,74442186,74441933,253
36684,74442186,74441933,253
36685,74442186,74441933,253
36686,74553458,74547775,5683
36687,74575159,74574187,972
36688,74617501,74617298,203
36689,74618318,74618251,67
36690,74656130,74617298,38832
36691,74660232,74651923,8309
36692,74660232,74618251,41981
36693,74660232,74651923,8309
36694,74660232,74617298,42934
36695,74690076,74688088,1988
36696,74718743,74717537,1206
36697,74718743,74717537,1206
36698,74718743,74717537,1206
36699,74800758,74800758,0
36700,74914355,74914045,310
36701,74917445,74915625,1820
36702,74917445,74915625,1820
36703,74917445,74915625,1820
36704,74917445,74915625,1820
36705,74917445,74915625,1820
36706,74954749,74953243,1506
36707,75062875,75062651,224
36708,75062875,75062651,224
36709,75114989,75113494,1495
36710,75117957,75115909,2048
36711,75117957,75115909,2048
36712,75117957,75115909,2048
36713,75133345,75115909,17436
36714,75141674,75141674,0
36715,75161028,75155519,5509
36716,75168831,75168815,16
36717,75190533,75160989,29544
36718,75201365,75188780,12585
36719,75201796,75188780,13016
36720,75236599,75188780,47819
36721,75280475,75280237,238
36722,75283849,75283128,721
36723,75283849,75283128,721
36724,75283849,75283128,721
36725,75283849,75283128,721
36726,75379479,75379414,65
36727,75379479,75379414,65
36728,75440372,75439394,978
36729,75442331,75442331,0
36730,75442331,75442331,0
36731,75512581,75511553,1028
36732,75512581,75511553,1028
36733,75855282,75852457,2825
36734,75855282,75852457,2825
36735,75855282,75852457,2825
36736,75855282,75852457,2825
36737,75855282,75852457,2825
36738,75917542,75905864,11678
36739,75917574,75917451,123
36740,75921803,75917451,4352
36741,76063722,76063668,54
36742,76091880,76091880,0
36743,76164970,76164436,534
36744,76172035,76169410,2625
36745,76208275,76207770,505
36746,76224579,76224578,1
36747,76255912,76255881,31
36748,76262589,76261190,1399
36749,76262589,76261190,1399
36750,76262589,76261190,1399
36751,76262589,76261190,1399
36752,76262589,76261190,1399
36753,76262589,76261190,1399
36754,76262589,76261190,1399
36755,76262589,76261190,1399
36756,76381044,76376998,4046
36757,76381044,76376998,4046
36758,76381791,76376998,4793
36759,76432833,76432833,0
36760,76507722,76507722,0
36761,76509198,76507722,1476
36762,76509198,76507722,1476
36763,76726305,76726165,140
36764,76734850,76731371,3479
36765,76734850,76731371,3479
36766,76734850,76731371,3479
36767,76734850,76731371,3479
36768,76734850,76731371,3479
36769,76734850,76731371,3479
36770,76751753,76751753,0
36771,76753005,76751753,1252
36772,76814377,76814377,0
36773,76837198,76834916,2282
36774,76837198,76834916,2282
36775,76837198,76834916,2282
36776,76837198,76834916,2282
36777,76837198,76834916,2282
36778,76896041,76895794,247
36779,76896041,76895794,247
36780,76914262,76914261,1
36781,76914262,76914261,1
36782,76926286,76925741,545
36783,76926286,76925741,545
36784,76998463,76996182,2281
36785,77070062,77060307,9755
36786,77122997,77090430,32567
36787,77122997,77103565,19432
36788,77185108,77103565,81543
36789,77185108,77103565,81543
36790,77321401,77320422,979
36791,77348851,77348759,92
36792,77414578,77413517,1061
36793,77531880,77531760,120
36794,77531880,77531760,120
36795,77583398,77583361,37
36796,77611760,77611732,28
36797,77629464,77629145,319
36798,77705717,77705689,28
36799,77705717,77705689,28
36800,77734320,77734295,25
36801,77775368,77775368,0
36802,77779403,77775368,4035
36803,77791265,77790790,475
36804,77791265,77790790,475
36805,77791265,77790790,475
36806,77791265,77790790,475
36807,77791265,77790790,475
36808,77791265,77790790,475
36809,77850699,77850634,65
36810,77850699,77850634,65
36811,77885600,77885600,0
36812,77899664,77885600,14064
36813,77921790,77921790,0
36814,77925757,77924859,898
36815,77925757,77924859,898
36816,77925757,77924859,898
36817,77925757,77924859,898
36818,77925757,77924859,898
36819,78052926,77991908,61018
36820,78128868,78128766,102
36821,78285909,78239895,46014
36822,78285909,78285533,376
36823,78387450,78387367,83
36824,78781054,78780989,65
36825,78980718,78780989,199729
36826,79151695,78780989,370706
36827,82444906,82444771,135
36828,82611557,82611444,113
36829,82611557,82611444,113
36830,82645699,82645377,322
36831,82645699,82645377,322
36832,82645699,82645377,322
36833,82669319,82668481,838
36834,82708455,82708352,103
36835,82745606,82708352,37254
36836,82782884,82708358,74526
36837,82782884,82708358,74526
36838,82782884,82708352,74532
36839,82881037,82881037,0
36840,82896835,82895936,899
36841,82926242,82923705,2537
36842,82960013,82959043,970
36843,82960013,82959246,767
36844,82967037,82966932,105
36845,82967042,82966976,66
36846,82997019,82989789,7230
36847,82997041,82989789,7252
36848,82997377,82997015,362
36849,82997414,82997215,199
36850,83393468,83344321,49147
36851,83393468,83344324,49144
36852,83984323,83984298,25
36853,83984323,83984298,25
36854,83984323,83984298,25
36855,84028382,84028188,194
36856,84028382,84028188,194
36857,84634465,84634162,303
36858,84634465,84634162,303
36859,84634465,84634162,303
36860,84634465,84634162,303
36861,85338314,85309740,28574
36862,85346128,85345349,779
36863,85347576,85346826,750
36864,85347583,85347273,310
36865,85347583,85347273,310
36866,85347583,85347273,310
36867,85347583,85347273,310
36868,85347583,85347273,310
36869,85367597,85367545,52
36870,85367597,85367545,52
36871,85376182,85375919,263
36872,85397320,85397173,147
36873,85425791,85425491,300
36874,85430196,85425491,4705
36875,85430196,85425491,4705
36876,85430383,85418537,11846
36877,85430383,85429835,548
36878,85430383,85425491,4892
36879,85437511,85437499,12
36880,85437511,85437499,12
36881,85437511,85437499,12
36882,85448699,85448662,37
36883,85469157,85468768,389
36884,85469157,85468768,389
36885,85469157,85468768,389
36886,85522178,85468768,53410
36887,85522178,85459423,62755
36888,85631051,85630553,498
36889,85631051,85630553,498
36890,85631051,85630553,498
36891,85714494,85711735,2759
36892,85718626,85711735,6891
36893,85780139,85779822,317
36894,85780139,85779822,317
36895,85780139,85779822,317
36896,85780923,85742630,38293
36897,85988577,85988210,367
36898,85989785,85989567,218
36899,85989785,85989037,748
36900,85989785,85989567,218
36901,86056985,86056680,305
36902,86056985,86056680,305
36903,86134151,86133757,394
36904,86134151,86133757,394
36905,86134151,86133757,394
36906,86134151,86133757,394
36907,86383240,86382986,254
36908,86383427,86382986,441
36909,86383678,86382986,692
36910,86519837,86519837,0
36911,86520169,86519837,332
36912,86522273,86519837,2436
36913,86568996,86568942,54
36914,86666440,86666127,313
36915,86890366,86889585,781
36916,87039876,87032375,7501
36917,87039876,87032375,7501
36918,87039876,87032375,7501
36919,87908635,87908552,83
36920,88070941,88070840,101
36921,88070941,88045658,25283
36922,88070941,88070840,101
36923,88070941,88070840,101
36924,88781240,88781040,200
36925,88796816,88781040,15776
36926,88799113,88781040,18073
36927,89028927,89028534,393
36928,89223905,89223852,53
36929,89224653,89184994,39659
36930,89224653,89224414,239
36931,89224653,89224414,239
36932,89224653,89224414,239
36933,89224653,89224414,239
36934,89224653,89166001,58652
36935,89224653,89224414,239
36936,89225387,89223706,1681
36937,89322779,89223706,99073
36938,89431886,89431767,119
36939,89451040,89451040,0
36940,89451040,89451040,0
36941,89541743,89537637,4106
36942,89584136,89582374,1762
36943,89609185,89609185,0
36944,89653576,89650878,2698
36945,89666229,89666053,176
36946,89707240,89707057,183
36947,89735676,89732905,2771
36948,89775193,89774718,475
36949,89796159,89796019,140
36950,89820299,89820299,0
36951,89892505,89891470,1035
36952,89897369,89896905,464
36953,89925779,89924915,864
36954,89925779,89924915,864
36955,89925779,89924847,932
36956,89956532,89956122,410
36957,89956532,89956122,410
36958,92629635,92624279,5356
36959,92629635,92624279,5356
36960,92715948,92715478,470
36961,92918980,92914906,4074
36962,92931095,92930998,97
36963,93129533,93129503,30
36964,93148366,93148364,2
36965,93171636,93170885,751
36966,93212355,93212355,0
36967,93276546,93212355,64191
36968,93463314,93463314,0
36969,93463522,93463435,87
36970,93463522,93463435,87
36971,93463522,93463435,87
36972,93474703,93472470,2233
36973,93496247,93494854,1393
36974,93496247,93494854,1393
36975,93496247,93494854,1393
36976,93496247,93494854,1393
36977,93496247,93494854,1393
36978,93496247,93494854,1393
36979,93496247,93494854,1393
36980,93522962,93521354,1608
36981,93546496,93545230,1266
36982,93583668,93583668,0
36983,93847374,93845060,2314
36984,93915132,93914035,1097
36985,93915137,93914035,1102
36986,94040858,94040858,0
36987,94134585,94134413,172
36988,94227040,94225967,1073
36989,94227040,94225967,1073
36990,94227040,94225836,1204
36991,94232744,94231698,1046
36992,94232744,94230237,2507
36993,94265289,94265066,223
36994,94283064,94278892,4172
36995,94354587,94354158,429
36996,94609918,94603960,5958
36997,94609918,94603960,5958
36998,94706710,94705349,1361
36999,94706776,94705349,1427
37000,94732108,94732108,0
37001,94732676,94732108,568
37002,94760760,94760242,518
37003,94804388,94801238,3150
37004,94865815,94862743,3072
37005,94964246,94964024,222
37006,94964246,94964024,222
37007,94965705,94924675,41030
37008,95522954,95522642,312
37009,95556379,95555148,1231
37010,95565850,95564420,1430
37011,95565857,95564420,1437
37012,95565857,95564420,1437
37013,95565857,95564420,1437
37014,95565857,95564420,1437
37015,95656960,95641054,15906
37016,95657371,95598810,58561
37017,95657371,95598810,58561
37018,95657371,95598810,58561
37019,95657371,95657118,253
37020,96076344,96075059,1285
37021,96118154,96117911,243
37022,96120777,96117911,2866
37023,96123083,96117911,5172
37024,96123083,96117911,5172
37025,96126727,96125388,1339
37026,96126727,96125388,1339
37027,100096179,100095570,609
37028,100180433,100179206,1227
37029,100229616,100226951,2665
37030,100229616,100226951,2665
37031,100229616,100226951,2665
37032,100229616,100226951,2665
37033,100558686,100558598,88
37034,100844065,100844065,0
37035,100861656,100859532,2124
37036,100864666,100863429,1237
37037,100934756,100933532,1224
37038,101000458,100996744,3714
37039,101000544,100999309,1235
37040,101000544,100999801,743
37041,101454659,101454234,425
37042,101454659,101454234,425
37043,101454659,101454234,425
37044,101787253,101778640,8613
37045,101834611,101834610,1
37046,101871793,101868374,3419
37047,101871793,101868374,3419
37048,101871793,101868374,3419
37049,101946842,101946635,207
37050,101955291,101953930,1361
37051,101955291,101953930,1361
37052,102094483,102094481,2
37053,102094483,102094481,2
37054,102094483,102094481,2
37055,102094483,102094481,2
37056,102104154,102100671,3483
37057,102104154,102100671,3483
37058,102104154,102100671,3483
37059,102104154,102100671,3483
37060,102104154,102100671,3483
37061,102104154,102100671,3483
37062,102104154,102100671,3483
37063,102210135,102207833,2302
37064,102249401,102248914,487
37065,102249401,102248914,487
37066,102249401,102248914,487
37067,102323775,102323354,421
37068,102323775,102323354,421
37069,102401478,102401431,47
37070,102401478,102401431,47
37071,102401478,102401431,47
37072,102496063,102496050,13
37073,102576468,102576445,23
37074,102593412,102593311,101
37075,102595685,102595586,99
37076,102595685,102593754,1931
37077,102651359,102651322,37
37078,102668966,102668823,143
37079,102668966,102668138,828
37080,102714342,102714277,65
37081,102745764,102745667,97
37082,102826463,102826434,29
37083,102962906,102954026,8880
37084,102962944,102962601,343
37085,103350591,103349981,610
37086,103350591,103349981,610
37087,103350591,103349981,610
37088,103909922,103908741,1181
37089,104035027,104034655,372
37090,104035027,104034655,372
37091,104769397,104769141,256
37092,104769397,104763198,6199
37093,104769397,104769141,256
37094,104769397,104769141,256
37095,104769397,104769141,256
37096,104769397,104769141,256
37097,104769397,104769141,256
37098,104769397,104769141,256
37099,104827422,104825567,1855
37100,104839325,104839252,73
37101,104839325,104822721,16604
37102,104839325,104839252,73
37103,104839325,104839252,73
37104,104893895,104893863,32
37105,104893895,104893863,32
37106,104893895,104893863,32
37107,104893895,104893863,32
37108,104893895,104872817,21078
37109,104893895,104872817,21078
37110,104905884,104905840,44
37111,104905884,104905840,44
37112,104905884,104905840,44
37113,104905884,104905840,44
37114,104905884,104905840,44
37115,104905884,104905840,44
37116,104905884,104905840,44
37117,104905884,104901218,4666
37118,104905884,104905091,793
37119,104905884,104905840,44
37120,104916051,104916024,27
37121,104916051,104916024,27
37122,104916051,104916024,27
37123,104972158,104972141,17
37124,105010461,105010453,8
37125,105485163,105483169,1994
37126,105733361,105732997,364
37127,105784231,105782634,1597
37128,105784231,105782634,1597
37129,105852819,105850466,2353
37130,105852819,105845282,7537
37131,105892944,105881644,11300
37132,105892954,105881644,11310
37133,105948465,105929824,18641
37134,105948465,105929824,18641
37135,105948465,105925178,23287
37136,105969419,105967634,1785
37137,105969419,105967634,1785
37138,106889171,106888781,390
37139,106889171,106888781,390
37140,106889171,106888781,390
37141,107328572,107328542,30
37142,107422638,107422548,90
37143,107427729,107424660,3069
37144,107436424,107431619,4805
37145,107436461,107431619,4842
37146,107463949,107463186,763
37147,107537505,107535923,1582
37148,107537505,107535923,1582
37149,107537505,107535923,1582
37150,107578656,107578656,0
37151,107582787,107578656,4131
37152,107729680,107677572,52108
37153,107729680,107729493,187
37154,107729914,107729493,421
37155,107834208,107833098,1110
37156,107978488,107975111,3377
37157,108007666,108006850,816
37158,108014664,108013309,1355
37159,108018891,108018117,774
37160,108040928,108040723,205
37161,108060064,108058847,1217
37162,108093365,108093263,102
37163,108100091,108100058,33
37164,108161367,108160532,835
37165,108166721,108165678,1043
37166,108186638,108186636,2
37167,108204695,108204695,0
37168,108239826,108236235,3591
37169,108239826,108236235,3591
37170,108239826,108236235,3591
37171,108338258,108332286,5972
37172,108338258,108332286,5972
37173,108362231,108361928,303
37174,108369159,108369093,66
37175,108408934,108398886,10048
37176,108408934,108389028,19906
37177,108464374,108464263,111
37178,108792970,108788803,4167
37179,108811648,108811150,498
37180,109294953,109294953,0
37181,109299893,109294953,4940
37182,110031155,110030219,936
37183,110042566,110036462,6104
37184,110042566,110036462,6104
37185,110042566,110036462,6104
37186,110042566,110036462,6104
37187,110107396,110104150,3246
37188,110108493,110108429,64
37189,110167437,110150417,17020
37190,110167437,110150417,17020
37191,110167437,110118476,48961
37192,110167437,110150417,17020
37193,110167437,110150417,17020
37194,110167437,110143319,24118
37195,110335608,110333192,2416
37196,110460409,110456983,3426
37197,110582773,110582416,357
37198,110583451,110582954,497
37199,110583451,110561349,22102
37200,110583912,110561721,22191
37201,110583912,110561349,22563
37202,111156972,111156779,193
37203,111179460,111179162,298
37204,111179460,111179162,298
37205,111179460,111179162,298
37206,111250157,111249902,255
37207,111327330,111327264,66
37208,111383079,111369501,13578
37209,111383079,111369501,13578
37210,111407755,111405193,2562
37211,111407756,111407552,204
37212,111407756,111407552,204
37213,111432470,111431183,1287
37214,111432470,111431183,1287
37215,111432470,111431183,1287
37216,111432470,111431183,1287
37217,111597632,111594853,2779
37218,111637169,111637085,84
37219,111637169,111637085,84
37220,111637169,111637085,84
37221,111637169,111637085,84
37222,111637169,111637085,84
37223,111637169,111631898,5271
37224,111742004,111731321,10683
37225,111742004,111731321,10683
37226,111742305,111731321,10984
37227,111742305,111731321,10984
37228,111742305,111742206,99
37229,111742305,111740980,1325
37230,111750181,111731318,18863
37231,111750181,111749856,325
37232,111750181,111747617,2564
37233,111754797,111754604,193
37234,111754797,111754604,193
37235,111782473,111782448,25
37236,111782473,111782448,25
37237,111784817,111784619,198
37238,111797595,111796923,672
37239,111846719,111845711,1008
37240,111846719,111845711,1008
37241,111893307,111889760,3547
37242,111893307,111889760,3547
37243,111893307,111889760,3547
37244,111893307,111889760,3547
37245,111935002,111933259,1743
37246,111935002,111933259,1743
37247,111935002,111933259,1743
37248,111944895,111943898,997
37249,111944895,111943898,997
37250,111944895,111943898,997
37251,111953151,111951310,1841
37252,111955874,111953696,2178
37253,111955874,111953696,2178
37254,111955874,111953696,2178
37255,111955874,111953696,2178
37256,111955874,111953696,2178
37257,111957522,111957492,30
37258,111966525,111961803,4722
37259,111966525,111963921,2604
37260,111966525,111965694,831
37261,111966525,111965694,831
37262,111966525,111965617,908
37263,112021796,112020942,854
37264,112034840,112025776,9064
37265,112034840,112025776,9064
37266,112043279,112042639,640
37267,112043279,112042639,640
37268,112086460,112085727,733
37269,112089649,112088597,1052
37270,112089649,112088597,1052
37271,112089649,112088597,1052
37272,112089649,112088597,1052
37273,112089649,112088597,1052
37274,112095422,112088597,6825
37275,112104695,112104278,417
37276,112131583,112131312,271
37277,113092626,113092053,573
37278,113135919,113133647,2272
37279,113135919,113133647,2272
37280,113149158,113146109,3049
37281,113149158,113146109,3049
37282,113149158,113146109,3049
37283,113149158,113146002,3156
37284,113149158,113146109,3049
37285,113237114,113237022,92
37286,113237114,113237022,92
37287,113237114,113237022,92
37288,113271140,113270989,151
37289,113295404,113295373,31
37290,113295694,113295373,321
37291,113346001,113295373,50628
37292,113346001,113295373,50628
37293,113346413,113295373,51040
37294,113577068,113576946,122
37295,113577068,113570762,6306
37296,113577068,113570389,6679
37297,113577068,113565207,11861
37298,113577068,113570863,6205
37299,113577068,113565207,11861
37300,113577068,113570389,6679
37301,113644485,113644388,97
37302,113651207,113651207,0
37303,113700189,113700101,88
37304,113746256,113746223,33
37305,113746256,113711478,34778
37306,113746256,113683034,63222
37307,113746256,113746223,33
37308,113746256,113746223,33
37309,113817283,113816859,424
37310,113817283,113816859,424
37311,113861034,113860485,549
37312,113861034,113860485,549
37313,113861034,113860485,549
37314,114060486,114057822,2664
37315,114121397,114121277,120
37316,114121397,114121277,120
37317,114183238,114183199,39
37318,114183238,114183199,39
37319,114271272,114271053,219
37320,114271272,114271053,219
37321,114279635,114278529,1106
37322,114279635,114278529,1106
37323,114279635,114278529,1106
37324,114321000,114320697,303
37325,114321000,114320576,424
37326,114401630,114398579,3051
37327,114425092,114421923,3169
37328,114430580,114401303,29277
37329,114466484,114465481,1003
37330,114466484,114452486,13998
37331,114577652,114577652,0
37332,115285467,115102193,183274
37333,115375241,115375112,129
37334,115375241,115375112,129
37335,115375241,115375112,129
37336,115375241,115102193,273048
37337,115375241,115375112,129
37338,115375241,115375112,129
37339,115375241,115375112,129
37340,115375241,115375112,129
37341,116643714,116643680,34
37342,116643714,116643680,34
37343,116643714,116643680,34
37344,116658739,116658706,33
37345,116663136,116662576,560
37346,116663136,116662576,560
37347,116663136,116662022,1114
37348,116694011,116693907,104
37349,116703787,116703600,187
37350,116708338,116708103,235
37351,116732099,116732005,94
37352,116735784,116734419,1365
37353,116740967,116740914,53
37354,116942325,116941810,515
37355,116968993,116968957,36
37356,116968993,116798073,170920
37357,116968993,116968957,36
37358,117041761,117038415,3346
37359,117047131,117046694,437
37360,117047131,117046678,453
37361,117047592,117045614,1978
37362,117066717,117066700,17
37363,117066717,117066700,17
37364,117068161,117066782,1379
37365,117068161,117066782,1379
37366,117075508,117075075,433
37367,117075508,117075075,433
37368,117075508,117075075,433
37369,117075508,117075075,433
37370,117102811,117100560,2251
37371,117156404,117155867,537
37372,117156404,117155867,537
37373,117156404,117155867,537
37374,117162529,117162522,7
37375,117166386,117166263,123
37376,117166386,117166263,123
37377,117186972,117186511,461
37378,117186972,117186511,461
37379,117186972,117186511,461
37380,117186972,117186511,461
37381,117186972,117186511,461
37382,117222704,117222704,0
37383,117226252,117226250,2
37384,117266896,117266896,0
37385,117281417,117280845,572
37386,117283982,117282884,1098
37387,117283982,117282884,1098
37388,117667976,117667974,2
37389,117688240,117647608,40632
37390,117695459,117695393,66
37391,117695459,117695393,66
37392,117698807,117698728,79
37393,117747746,117713491,34255
37394,117747746,117713491,34255
37395,117747746,117713491,34255
37396,117747746,117713491,34255
37397,117747746,117713491,34255
37398,117747746,117713491,34255
37399,117748201,117713491,34710
37400,117789553,117780666,8887
37401,117800168,117800022,146
37402,117800168,117800022,146
37403,117800168,117800022,146
37404,117800168,117800022,146
37405,117872199,117870356,1843
37406,117872199,117870356,1843
37407,117872199,117870356,1843
37408,117872199,117870356,1843
37409,117872199,117870356,1843
37410,117872199,117870356,1843
37411,117990556,117988628,1928
37412,117990556,117988628,1928
37413,117990556,117988628,1928
37414,117990556,117988628,1928
37415,117990556,117988628,1928
37416,117990556,117988628,1928
37417,117996042,117996042,0
37418,118016184,118014680,1504
37419,118023630,118023388,242
37420,118023630,118023388,242
37421,118047337,118047146,191
37422,118074951,118074344,607
37423,118083773,118083202,571
37424,118083773,118083632,141
37425,118084074,118083632,442
37426,118095809,118085581,10228
37427,118095809,118083202,12607
37428,118095809,118085581,10228
37429,118123011,118123009,2
37430,118123011,118123009,2
37431,118135251,118134868,383
37432,118135251,118134868,383
37433,118184056,118183652,404
37434,118186890,118186257,633
37435,118213459,118213322,137
37436,118213459,118213322,137
37437,118213459,118213322,137
37438,118223864,118223184,680
37439,118224497,118223184,1313
37440,118269926,118267155,2771
37441,118269926,118267155,2771
37442,118280562,118279813,749
37443,118305920,118305820,100
37444,118345030,118345030,0
37445,118347697,118347696,1
37446,118355029,118355029,0
37447,118355584,118353190,2394
37448,118397539,118392887,4652
37449,118397539,118392887,4652
37450,118401740,118401631,109
37451,118401740,118401631,109
37452,118401740,118401631,109
37453,118404337,118404310,27
37454,118406548,118406344,204
37455,118406550,118405295,1255
37456,118406550,118405295,1255
37457,118406550,118405295,1255
37458,118406550,118405295,1255
37459,118406550,118405295,1255
37460,118417313,118416862,451
37461,118417313,118416862,451
37462,118436791,118430544,6247
37463,118436791,118430544,6247
37464,118473747,118471429,2318
37465,118473747,118471429,2318
37466,118473747,118471429,2318
37467,118498645,118498643,2
37468,118515409,118514900,509
37469,118516501,118516423,78
37470,118528748,118527533,1215
37471,118528748,118527533,1215
37472,118528748,118527533,1215
37473,118528748,118527533,1215
37474,118528748,118527533,1215
37475,118528748,118527533,1215
37476,118528748,118527533,1215
37477,118550381,118550336,45
37478,118550381,118550336,45
37479,118550381,118533651,16730
37480,118550381,118550336,45
37481,118630078,118629575,503
37482,118661657,118656960,4697
37483,118661972,118656960,5012
37484,118766980,118765372,1608
37485,118766980,118765372,1608
37486,118781613,118780648,965
37487,118781613,118780648,965
37488,118829269,118828943,326
37489,118851995,118851946,49
37490,118851995,118851946,49
37491,118886455,118886308,147
37492,118889057,118888994,63
37493,118891459,118891022,437
37494,118894385,118894109,276
37495,118894385,118894109,276
37496,118894385,118894109,276
37497,118901616,118900079,1537
37498,118901616,118900079,1537
37499,118901616,118899065,2551
37500,118901616,118900079,1537
37501,118926555,118926541,14
37502,118927782,118926872,910
37503,118927916,118926872,1044
37504,118927916,118927043,873
37505,118927916,118926872,1044
37506,118927925,118926872,1053
37507,118952688,118952333,355
37508,118952688,118952333,355
37509,118963521,118962903,618
37510,118964259,118963993,266
37511,118964259,118963993,266
37512,118964259,118963993,266
37513,118964259,118963993,266
37514,118966177,118966104,73
37515,118971553,118971514,39
37516,118972785,118972365,420
37517,118972785,118971514,1271
37518,118972785,118971514,1271
37519,118972852,118971098,1754
37520,118987827,118986966,861
37521,118987827,118986966,861
37522,119002246,119001685,561
37523,119005765,119005208,557
37524,119005765,119005208,557
37525,119005765,119004852,913
37526,119005765,119005208,557
37527,119033374,119031816,1558
37528,119033374,119031816,1558
37529,119052066,119051970,96
37530,119054725,119054148,577
37531,119054725,119054689,36
37532,119054725,119054148,577
37533,119054725,119054148,577
37534,119060932,119060201,731
37535,119060932,119060201,731
37536,119060932,119060201,731
37537,119060932,119060201,731
37538,119060932,119060201,731
37539,119066710,119066197,513
37540,119178859,119170491,8368
37541,119187840,119187811,29
37542,119208024,119207134,890
37543,119217383,119211107,6276
37544,119217383,119217223,160
37545,119234892,119234705,187
37546,119252436,119244190,8246
37547,119252436,119252227,209
37548,119294246,119291615,2631
37549,119369944,119369463,481
37550,119599435,119599263,172
37551,119599435,119599263,172
37552,119599435,119599263,172
37553,119999561,119999376,185
37554,119999577,119999414,163
37555,120008863,120008739,124
37556,120100650,120099851,799
37557,120190653,120189101,1552
37558,120190653,120189101,1552
37559,120190653,120189101,1552
37560,120190653,120189101,1552
37561,120190653,120189101,1552
37562,120204388,120201224,3164
37563,120204388,120201224,3164
37564,120204388,120201224,3164
37565,120204388,120201224,3164
37566,120204388,120201224,3164
37567,120204388,120201224,3164
37568,120204388,120201224,3164
37569,120319068,120319066,2
37570,120348355,120348249,106
37571,120360645,120355786,4859
37572,120360645,120355786,4859
37573,120360645,120355786,4859
37574,120833687,120833422,265
37575,120856969,120856969,0
37576,120856969,120856969,0
37577,120856969,120856969,0
37578,120960354,120957805,2549
37579,120960354,120957805,2549
37580,120960354,120957805,2549
37581,121061515,121061515,0
37582,121176419,121174348,2071
37583,121179341,121177381,1960
37584,121184119,121178221,5898
37585,121184119,121178221,5898
37586,121504471,121500272,4199
37587,121504471,121500272,4199
37588,121504471,121500272,4199
37589,121986923,121986630,293
37590,122685187,122680594,4593
37591,122743347,122742107,1240
37592,122743347,122742107,1240
37593,122776595,122775939,656
37594,122830430,122830153,277
37595,122852379,122852379,0
37596,122931094,122930592,502
37597,122932901,122932032,869
37598,122932901,122932032,869
37599,122932901,122932032,869
37600,122932901,122932032,869
37601,122933186,122932032,1154
37602,123066007,123065648,359
37603,123480621,123480621,0
37604,123490189,123490079,110
37605,123493518,123493303,215
37606,123493518,123493303,215
37607,123493518,123493303,215
37608,123493518,123493303,215
37609,123525315,123524509,806
37610,123525315,123524509,806
37611,123601606,123599863,1743
37612,123612363,123601596,10767
37613,123612363,123601596,10767
37614,123612363,123601596,10767
37615,123625226,123625226,0
37616,123677057,123677057,0
37617,123756340,123756132,208
37618,123778083,123778083,0
37619,123811280,123811280,0
37620,123814545,123814545,0
37621,123848398,123848398,0
37622,123887217,123887217,0
37623,123894655,123894655,0
37624,123901265,123901265,0
37625,123909708,123909708,0
37626,123995543,123995027,516
37627,123995543,123995027,516
37628,123995543,123995027,516
37629,124017618,124016652,966
37630,124017618,124016652,966
37631,124029838,124029802,36
37632,124056912,124056912,0
37633,124096312,124096312,0
37634,124135763,124121286,14477
37635,124180662,124180662,0
37636,124190093,124190093,0
37637,124253239,124253239,0
37638,124267247,124267247,0
37639,124294767,124294767,0
37640,124310981,124310981,0
37641,124413550,124413550,0
37642,124440945,124440945,0
37643,124490251,124489831,420
37644,124494261,124493351,910
37645,124505822,124502134,3688
37646,124505822,124502134,3688
37647,124505822,124502134,3688
37648,124505822,124502134,3688
37649,124543777,124543604,173
37650,124543777,124543604,173
37651,124546199,124539379,6820
37652,124564687,124564342,345
37653,124617102,124615620,1482
37654,124617102,124615620,1482
37655,124622109,124622033,76
37656,124622109,124622033,76
37657,124627433,124626668,765
37658,124632223,124632050,173
37659,124632223,124632050,173
37660,124646138,124644690,1448
37661,124670299,124670276,23
37662,124670299,124637911,32388
37663,124670299,124670276,23
37664,124748306,124747715,591
37665,124750504,124750504,0
37666,124750504,124750504,0
37667,124751370,124751146,224
37668,124751370,124751146,224
37669,124751370,124751146,224
37670,124763936,124763933,3
37671,124765089,124763933,1156
37672,124767831,124767691,140
37673,124767831,124766531,1300
37674,124767831,124767691,140
37675,124790573,124789913,660
37676,124793329,124792674,655
37677,124806308,124805902,406
37678,124806308,124805902,406
37679,124911385,124910607,778
37680,124956293,124956127,166
37681,124960412,124956127,4285
37682,124960412,124958030,2382
37683,124960412,124958030,2382
37684,124981604,124972137,9467
37685,124981604,124972561,9043
37686,124981604,124972137,9467
37687,124981604,124972228,9376
37688,124981604,124972137,9467
37689,124981604,124972561,9043
37690,124981604,124972561,9043
37691,124981604,124972137,9467
37692,124981659,124972561,9098
37693,124981659,124972137,9522
37694,124981659,124972137,9522
37695,124981659,124972137,9522
37696,125303285,125301288,1997
37697,125303285,125301288,1997
37698,125303285,125301288,1997
37699,125303285,125301288,1997
37700,125303285,125301288,1997
37701,125359673,125359673,0
37702,125366206,125359673,6533
37703,125366206,125359673,6533
37704,125366206,125359673,6533
37705,125368166,125366707,1459
37706,125454575,125453578,997
37707,125454575,125453456,1119
37708,125454575,125453578,997
37709,125454575,125453578,997
37710,125479793,125479522,271
37711,125491280,125490705,575
37712,125491280,125490705,575
37713,125491280,125490705,575
37714,125491280,125490705,575
37715,125527042,125525215,1827
37716,125527042,125525215,1827
37717,125527042,125525215,1827
37718,125527042,125525215,1827
37719,125527042,125525215,1827
37720,125546150,125525215,20935
37721,125550793,125550675,118
37722,125550793,125550675,118
37723,125550793,125550675,118
37724,125550793,125550675,118
37725,125619743,125618628,1115
37726,125619743,125618628,1115
37727,125648714,125648668,46
37728,125648714,125648668,46
37729,125661495,125660497,998
37730,125709967,125708322,1645
37731,125770163,125770163,0
37732,125770541,125770163,378
37733,125770541,125770163,378
37734,125773116,125766179,6937
37735,125773116,125765438,7678
37736,125791355,125791282,73
37737,125793006,125792776,230
37738,125826214,125825777,437
37739,125874340,125873953,387
37740,125932210,125893371,38839
37741,125933187,125893371,39816
37742,125933187,125893371,39816
37743,126077512,126075654,1858
37744,126081587,126081533,54
37745,126081587,126081533,54
37746,126132879,126132028,851
37747,126132879,126132028,851
37748,126138877,126138699,178
37749,126138877,126138699,178
37750,126148027,126147584,443
37751,126148027,126147584,443
37752,126148027,126147584,443
37753,126148027,126147584,443
37754,126148027,126147584,443
37755,126148027,126147584,443
37756,126163071,126163012,59
37757,126163071,126163012,59
37758,126164534,126163582,952
37759,126164828,126163582,1246
37760,126164828,126163582,1246
37761,126215644,126215508,136
37762,126225482,126225444,38
37763,126284536,126283942,594
37764,126284536,126283942,594
37765,126284536,126283942,594
37766,126284536,126283942,594
37767,126284536,126283942,594
37768,126284536,126283942,594
37769,126310752,126310533,219
37770,126870766,126870405,361
37771,126870766,126870405,361
37772,126870766,126870405,361
37773,128392205,128391889,316
37774,128392205,128391889,316
37775,128392205,128391889,316
37776,128457453,128443025,14428
37777,128638413,128638322,91
37778,128683162,128680883,2279
37779,128683162,128680883,2279
37780,128683162,128680883,2279
37781,128683162,128680883,2279
37782,128710138,128710138,0
37783,128712429,128712312,117
37784,128737268,128710138,27130
37785,128737268,128736447,821
37786,128737268,128710138,27130
37787,128737268,128710138,27130
37788,128775592,128774461,1131
37789,128775964,128774461,1503
37790,128776126,128774461,1665
37791,128787951,128786626,1325
37792,128787951,128786626,1325
37793,128787951,128786626,1325
37794,128807713,128807713,0
37795,128807789,128807713,76
37796,128813294,128807713,5581
37797,128813294,128807713,5581
37798,128813294,128807713,5581
37799,128868363,128843235,25128
37800,128894088,128868319,25769
37801,128936763,128934810,1953
37802,129034322,129034318,4
37803,129062093,129062093,0
37804,129322174,129321297,877
37805,129729898,129728580,1318
37806,129729898,129728580,1318
37807,129744811,129744144,667
37808,129762904,129762783,121
37809,129765490,129762744,2746
37810,129765490,129763239,2251
37811,129765490,129762744,2746
37812,129785755,129785641,114
37813,129817517,129817301,216
37814,129817517,129817301,216
37815,129817517,129817301,216
37816,129817517,129817301,216
37817,129872730,129830859,41871
37818,129872730,129830859,41871
37819,129872730,129830859,41871
37820,129875381,129873392,1989
37821,130014706,130013343,1363
37822,130014706,130013343,1363
37823,130014706,130013343,1363
37824,130014706,130013343,1363
37825,130014706,130013343,1363
37826,130014706,130013343,1363
37827,130014706,130013343,1363
37828,130014706,130013343,1363
37829,130014706,130013343,1363
37830,130066689,130066603,86
37831,130080257,130079718,539
37832,130131824,130131768,56
37833,130184607,130131768,52839
37834,130184607,130131768,52839
37835,130184607,130131768,52839
37836,130282008,130281504,504
37837,130298539,130298181,358
37838,130346539,130343716,2823
37839,130587247,130584092,3155
37840,130732005,130731928,77
37841,130786344,130780218,6126
37842,130786344,130784591,1753
37843,130786344,130776001,10343
37844,130786382,130785834,548
37845,130786382,130785834,548
37846,132184961,132184614,347
37847,132206716,132205040,1676
37848,132206716,132205040,1676
37849,132206716,132205040,1676
37850,132206716,132205040,1676
37851,132206716,132205040,1676
37852,132206716,132205040,1676
37853,132813037,132812987,50
37854,132813037,132812987,50
37855,132813037,132812987,50
37856,132813663,132812864,799
37857,133402403,133402219,184
37858,133715392,133715341,51
37859,133807995,133807791,204
37860,133826649,133826649,0
37861,134021652,134019076,2576
37862,134021652,134019076,2576
37863,134094426,134093820,606
37864,134117686,134115484,2202
37865,134123260,134122776,484
37866,134123260,134122776,484
37867,134123260,134122776,484
37868,134123260,134122776,484
37869,134123260,134122776,484
37870,134123260,134122776,484
37871,134129819,134129077,742
37872,134131073,134129741,1332
37873,134131073,134129741,1332
37874,134131073,134129741,1332
37875,134132852,134132773,79
37876,134135746,134134854,892
37877,134135746,134134854,892
37878,134175202,134175074,128
37879,134175202,134175074,128
37880,134181064,134179755,1309
37881,134189458,134188836,622
37882,134246218,134244952,1266
37883,134257781,134257741,40
37884,134281812,134257553,24259
37885,134281812,134257553,24259
37886,134357809,134357084,725
37887,134856693,134856643,50
37888,90369,89095,1274
37889,87703,87703,0
37890,91263,90929,334
37891,91263,90826,437
37892,91263,90929,334
37893,91263,90929,334
37894,91263,90929,334
37895,93018,92990,28
37896,287625,284199,3426
37897,280494,280487,7
37898,308224,304487,3737
37899,322613,319152,3461
37900,322863,319152,3711
37901,323371,319152,4219
37902,323371,319152,4219
37903,369223,369218,5
37904,372039,369218,2821
37905,372039,369218,2821
37906,351920,351900,20
37907,372039,369218,2821
37908,369218,369218,0
37909,404974,404846,128
37910,498620,498257,363
37911,498620,498257,363
37912,498620,498257,363
37913,551806,551086,720
37914,551806,551086,720
37915,551806,551086,720
37916,551806,551086,720
37917,671058,670617,441
37918,664596,664594,2
37919,671058,670617,441
37920,772755,772664,91
37921,752802,675269,77533
37922,772755,772664,91
37923,1020618,1017958,2660
37924,1020618,1017958,2660
37925,1020618,1017958,2660
37926,1020618,1017958,2660
37927,1020618,1017958,2660
37928,936665,936457,208
37929,1020618,1017958,2660
37930,978360,978300,60
37931,1042242,1025896,16346
37932,1058863,1042224,16639
37933,1058863,1025896,32967
37934,1058863,1039265,19598
37935,1099219,1042224,56995
37936,1058863,1025896,32967
37937,1058863,1042224,16639
37938,1042242,1042224,18
37939,1605099,1599396,5703
37940,1605099,1599396,5703
37941,1605099,1590056,15043
37942,1553916,1519581,34335
37943,1354122,1353792,330
37944,1703331,1703232,99
37945,1756378,1755418,960
37946,1756378,1755418,960
37947,1756378,1755418,960
37948,1756378,1755418,960
37949,1897845,1895238,2607
37950,1897845,1895238,2607
37951,2027870,2027639,231
37952,1920889,1910277,10612
37953,1920957,1920875,82
37954,2027870,2027639,231
37955,1945918,1943887,2031
37956,1945918,1943887,2031
37957,1945918,1943887,2031
37958,1945918,1943887,2031
37959,2113677,2100299,13378
37960,2113677,2113597,80
37961,2113677,2113597,80
37962,2807115,2800365,6750
37963,2807115,2800365,6750
37964,2807115,2800365,6750
37965,2807115,2800365,6750
37966,2807115,2800365,6750
37967,2807115,2800365,6750
37968,2807115,2800365,6750
37969,2807115,2800365,6750
37970,2807115,2800365,6750
37971,2807115,2800365,6750
37972,2807115,2800365,6750
37973,2807115,2800365,6750
37974,2807115,2800365,6750
37975,2807115,2800365,6750
37976,2807115,2800365,6750
37977,2807115,2800365,6750
37978,2807115,2800365,6750
37979,2807115,2800365,6750
37980,2807115,2800365,6750
37981,2807115,2800365,6750
37982,2807115,2800365,6750
37983,2807115,2800365,6750
37984,2807115,2800365,6750
37985,2724137,2721191,2946
37986,2807115,2800365,6750
37987,2675748,2675747,1
37988,2675748,2675747,1
37989,2807115,2800365,6750
37990,2807115,2800365,6750
37991,2880835,2879483,1352
37992,2914587,2912424,2163
37993,2927826,2927481,345
37994,2934237,2933359,878
37995,2934237,2933359,878
37996,2944221,2944149,72
37997,2944221,2944149,72
37998,2986321,2983644,2677
37999,2986321,2983644,2677
38000,2986321,2983644,2677
38001,2986321,2983644,2677
38002,2986321,2983644,2677
38003,2998691,2997625,1066
38004,2998691,2997625,1066
38005,2998691,2997625,1066
38006,2998691,2997625,1066
38007,2998691,2997625,1066
38008,2998691,2997625,1066
38009,3048765,3048610,155
38010,3050306,3049892,414
38011,3050306,3048610,1696
38012,3050306,3048610,1696
38013,3149842,3149644,198
38014,3149842,3149644,198
38015,3149842,3149644,198
38016,3395730,3392282,3448
38017,3395730,3392282,3448
38018,3409390,3409323,67
38019,3703138,3702348,790
38020,3703138,3702348,790
38021,3703138,3702348,790
38022,3862366,3806165,56201
38023,3862366,3806165,56201
38024,3939236,3939181,55
38025,3982608,3982395,213
38026,3982608,3939080,43528
38027,3982608,3939080,43528
38028,4414522,4409175,5347
38029,4469190,4461857,7333
38030,4488894,4488748,146
38031,4554780,4554736,44
38032,4647637,4645360,2277
38033,4647637,4645360,2277
38034,4669213,4668159,1054
38035,4669213,4668159,1054
38036,4669213,4668159,1054
38037,4669213,4668159,1054
38038,4721884,4721883,1
38039,4723041,4722919,122
38040,4723041,4722919,122
38041,4723041,4722919,122
38042,4723041,4722919,122
38043,4723041,4722919,122
38044,4723041,4722919,122
38045,4754358,4747362,6996
38046,4758213,4747362,10851
38047,4777876,4777677,199
38048,4796720,4796274,446
38049,4796720,4796274,446
38050,4881892,4881763,129
38051,4960278,4920797,39481
38052,4920797,4920797,0
38053,5027422,5022032,5390
38054,5022032,5022032,0
38055,5155954,5155155,799
38056,5604465,5604154,311
38057,5604465,5604154,311
38058,6055398,6055326,72
38059,6054425,6054383,42
38060,6233836,6232362,1474
38061,6233836,6232362,1474
38062,6233836,6232056,1780
38063,6342594,6341931,663
38064,6344902,6344796,106
38065,6347437,6346994,443
38066,6437672,6437311,361
38067,6428139,6428123,16
38068,6437672,6437311,361
38069,6437672,6437311,361
38070,6443422,6442680,742
38071,6451283,6450980,303
38072,6451283,6439806,11477
38073,6451283,6442680,8603
38074,6451283,6450980,303
38075,6451283,6450980,303
38076,6473313,6465021,8292
38077,6484390,6484126,264
38078,6484905,6483949,956
38079,6486523,6486432,91
38080,6500737,6500103,634
38081,6500737,6500103,634
38082,6500737,6500103,634
38083,6560884,6560558,326
38084,6571488,6571315,173
38085,6579843,6579697,146
38086,6579843,6579697,146
38087,6579843,6579697,146
38088,6602471,6602302,169
38089,6637494,6637492,2
38090,6641132,6640578,554
38091,6641132,6640578,554
38092,6647537,6647336,201
38093,6647537,6647336,201
38094,6658279,6657982,297
38095,6658279,6657982,297
38096,6659633,6659023,610
38097,6665249,6665195,54
38098,6665249,6665195,54
38099,6665249,6665195,54
38100,6658279,6657982,297
38101,6677498,6677084,414
38102,6677498,6677084,414
38103,6677498,6677084,414
38104,6677498,6677084,414
38105,6677498,6677084,414
38106,6677128,6677084,44
38107,6715617,6715539,78
38108,6716551,6715539,1012
38109,6716551,6715539,1012
38110,6693905,6692130,1775
38111,6740815,6730414,10401
38112,6745297,6730414,14883
38113,6748203,6730414,17789
38114,6730414,6730414,0
38115,6756580,6756532,48
38116,6756580,6756532,48
38117,6772308,6772267,41
38118,6772308,6772267,41
38119,6772308,6772267,41
38120,6772308,6772267,41
38121,6772308,6772267,41
38122,6772308,6772267,41
38123,6798541,6788686,9855
38124,6798738,6788686,10052
38125,6798738,6788686,10052
38126,6787626,6787543,83
38127,6809596,6807227,2369
38128,6810009,6807227,2782
38129,6810009,6807227,2782
38130,6841041,6840205,836
38131,6841041,6840205,836
38132,6841041,6840205,836
38133,6841041,6840205,836
38134,6862082,6861500,582
38135,6862636,6861500,1136
38136,6876641,6861500,15141
38137,6880118,6879608,510
38138,6884897,6884740,157
38139,6887621,6887556,65
38140,6887621,6887177,444
38141,6925569,6924901,668
38142,6929976,6928495,1481
38143,6929976,6928495,1481
38144,6929976,6928495,1481
38145,6929976,6928495,1481
38146,6929976,6928495,1481
38147,6929976,6928495,1481
38148,6934563,6934102,461
38149,6936583,6936369,214
38150,6936583,6936369,214
38151,6936583,6936369,214
38152,6939175,6939175,0
38153,6949018,6948625,393
38154,6949018,6948625,393
38155,6956557,6956062,495
38156,6956557,6956062,495
38157,6956557,6956062,495
38158,6960456,6960116,340
38159,6960456,6960116,340
38160,6975795,6975241,554
38161,6975795,6975241,554
38162,6980110,6979547,563
38163,6980110,6979547,563
38164,6982449,6982065,384
38165,6982521,6982065,456
38166,6993768,6993441,327
38167,6994950,6994548,402
38168,7023406,7022167,1239
38169,7023406,7022167,1239
38170,7023406,7023235,171
38171,7023406,7023235,171
38172,7023406,7023173,233
38173,7032859,7031963,896
38174,7032859,7031963,896
38175,7032859,7031963,896
38176,7032859,7031963,896
38177,7053815,7050943,2872
38178,7053815,7050943,2872
38179,7045891,7045891,0
38180,7054229,7054121,108
38181,7055165,7055085,80
38182,7070479,7070083,396
38183,7070479,7070083,396
38184,7070479,7070027,452
38185,7070479,7070083,396
38186,7070479,7070083,396
38187,7079916,7079706,210
38188,7079916,7079706,210
38189,7079916,7079706,210
38190,7079916,7079706,210
38191,7079916,7079706,210
38192,7085165,7084971,194
38193,7125792,7091884,33908
38194,7125842,7125728,114
38195,7125842,7091005,34837
38196,7178335,7177955,380
38197,7178335,7177955,380
38198,7178335,7177955,380
38199,7178335,7177955,380
38200,7245043,7244984,59
38201,7244444,7244412,32
38202,7245037,7242742,2295
38203,7245043,7244984,59
38204,7261869,7261776,93
38205,7261869,7261776,93
38206,7261869,7261776,93
38207,7281466,7281371,95
38208,7311530,7310677,853
38209,7311530,7310677,853
38210,7311530,7310595,935
38211,7371169,7362819,8350
38212,7364079,7362819,1260
38213,7364079,7362819,1260
38214,7364079,7362819,1260
38215,7364079,7362819,1260
38216,7364079,7362819,1260
38217,7480969,7480969,0
38218,7596749,7596723,26
38219,7596749,7596723,26
38220,7656414,7656286,128
38221,7656414,7656286,128
38222,7656414,7656286,128
38223,7818502,7818468,34
38224,7818502,7805340,13162
38225,7848360,7848324,36
38226,7870152,7869673,479
38227,7900118,7899944,174
38228,7902069,7899944,2125
38229,7902069,7899944,2125
38230,7926717,7926447,270
38231,7948655,7947691,964
38232,8025453,8016051,9402
38233,8025453,8022476,2977
38234,8025453,8022476,2977
38235,8025453,7985331,40122
38236,8025495,8016051,9444
38237,8043744,8043723,21
38238,8051896,8051499,397
38239,8088892,8088630,262
38240,8202818,8202211,607
38241,8208118,8205446,2672
38242,8218955,8212781,6174
38243,8212781,8212781,0
38244,8250373,8248686,1687
38245,8250373,8248686,1687
38246,8291203,8290883,320
38247,8291203,8290883,320
38248,8291203,8290883,320
38249,8291203,8290883,320
38250,8291203,8289472,1731
38251,8287448,8287447,1
38252,8332642,8330179,2463
38253,8380214,8377428,2786
38254,8380214,8377428,2786
38255,8543565,8543355,210
38256,8630926,8630060,866
38257,8674960,8673867,1093
38258,8693558,8693393,165
38259,8759608,8759601,7
38260,8759608,8759601,7
38261,8765442,8765363,79
38262,8815433,8814700,733
38263,8815433,8814700,733
38264,8815433,8814700,733
38265,8929787,8926380,3407
38266,8929787,8926380,3407
38267,8930398,8930266,132
38268,9029381,9027607,1774
38269,9028414,9027607,807
38270,9029381,9027607,1774
38271,9085427,9085427,0
38272,9086608,9086465,143
38273,9094060,9092055,2005
38274,9094060,9092055,2005
38275,9102357,9099000,3357
38276,9102357,9099000,3357
38277,9163340,9162133,1207
38278,9163340,9162624,716
38279,9268558,9268445,113
38280,9268558,9264787,3771
38281,9360966,9360937,29
38282,9360966,9355001,5965
38283,9322693,9321567,1126
38284,9452059,9451874,185
38285,9452013,9451528,485
38286,9452064,9452064,0
38287,9572677,9572614,63
38288,9590085,9589652,433
38289,9760497,9760435,62
38290,9852151,9847397,4754
38291,9852151,9847470,4681
38292,9852151,9847397,4754
38293,9852151,9847470,4681
38294,9852151,9847397,4754
38295,9885895,9885860,35
38296,9885895,9885860,35
38297,9885895,9885860,35
38298,9913497,9913416,81
38299,9913497,9913416,81
38300,9913497,9913416,81
38301,9997603,9997125,478
38302,9997603,9997125,478
38303,9997603,9997027,576
38304,10022458,10015170,7288
38305,10048432,10048432,0
38306,10084980,10084928,52
38307,10084980,10084928,52
38308,10138194,10137625,569
38309,10138194,10137625,569
38310,10138194,10137625,569
38311,10138194,10137625,569
38312,10151899,10151699,200
38313,10151899,10151699,200
38314,10170548,10168345,2203
38315,10170548,10168345,2203
38316,10171399,10171080,319
38317,10218565,10218231,334
38318,10251605,10251521,84
38319,10251605,10251491,114
38320,10251605,10251491,114
38321,10282868,10282681,187
38322,10282868,10282681,187
38323,10282868,10282681,187
38324,10282868,10282681,187
38325,10282868,10282681,187
38326,10282696,10282681,15
38327,10282868,10282681,187
38328,10282868,10282681,187
38329,10320198,10319422,776
38330,10324790,10324676,114
38331,10324790,10324676,114
38332,10324790,10324676,114
38333,10344403,10342739,1664
38334,10344403,10342739,1664
38335,10373561,10373310,251
38336,10375724,10374451,1273
38337,10469850,10467392,2458
38338,10469850,10467392,2458
38339,10469850,10467392,2458
38340,10469850,10467392,2458
38341,10469850,10466061,3789
38342,10469850,10467392,2458
38343,10542653,10541409,1244
38344,10560388,10541409,18979
38345,10562356,10541409,20947
38346,10562745,10541409,21336
38347,10562356,10562174,182
38348,10573194,10573149,45
38349,10573194,10573149,45
38350,10588592,10588585,7
38351,10573194,10573149,45
38352,10573194,10573149,45
38353,10588592,10588585,7
38354,10588592,10588585,7
38355,10607215,10603755,3460
38356,10605979,10603755,2224
38357,10605979,10603755,2224
38358,10607215,10603755,3460
38359,10607215,10603755,3460
38360,10766208,10766131,77
38361,10826891,10787217,39674
38362,10875953,10875710,243
38363,10875953,10875710,243
38364,10955226,10955169,57
38365,10959579,10959579,0
38366,10962767,10962674,93
38367,10978868,10978868,0
38368,11002075,11002036,39
38369,11002075,11002036,39
38370,11036874,11036816,58
38371,11324224,11036816,287408
38372,11463369,11463332,37
38373,11062161,11061897,264
38374,11086394,11083661,2733
38375,11087444,11083661,3783
38376,11087444,11083661,3783
38377,11324224,11199654,124570
38378,11091806,11091806,0
38379,11139511,11139459,52
38380,11150474,11150474,0
38381,11175170,11175170,0
38382,11184006,11183934,72
38383,11214893,11214893,0
38384,11244912,11244828,84
38385,11286843,11286843,0
38386,11328619,11324162,4457
38387,11339543,11339543,0
38388,11422641,11422603,38
38389,11463369,11463332,37
38390,11463369,11463332,37
38391,11508524,11508487,37
38392,11508524,11508487,37
38393,11508524,11508487,37
38394,11548498,11548463,35
38395,12048325,12043980,4345
38396,12268261,12268260,1
38397,12252627,12251922,705
38398,12252627,12251922,705
38399,12252627,12247525,5102
38400,12419811,12419669,142
38401,12419811,12419669,142
38402,12491608,12491519,89
38403,12503169,12496248,6921
38404,12503169,12496248,6921
38405,12619838,12618710,1128
38406,12619838,12618710,1128
38407,12674397,12672882,1515
38408,12715448,12674032,41416
38409,12798041,12794932,3109
38410,12837455,12815382,22073
38411,12849121,12815382,33739
38412,12815382,12815382,0
38413,12875305,12871880,3425
38414,12944399,12940586,3813
38415,12982915,12982488,427
38416,12944399,12940586,3813
38417,12974982,12974359,623
38418,12978041,12977641,400
38419,12982915,12982488,427
38420,12982915,12982488,427
38421,13029070,13029044,26
38422,13066600,13065473,1127
38423,13103318,13103318,0
38424,13153243,13153048,195
38425,13236383,13233564,2819
38426,13248740,13248541,199
38427,13248740,13248541,199
38428,13248740,13248541,199
38429,13248740,13248541,199
38430,13256630,13256446,184
38431,13256630,13256446,184
38432,13256630,13256446,184
38433,13256630,13256446,184
38434,13367734,13367614,120
38435,13369708,13367625,2083
38436,13369708,13367625,2083
38437,13529679,13529339,340
38438,14133022,14019142,113880
38439,14614067,14613471,596
38440,14629347,14628958,389
38441,14635024,14634160,864
38442,14651697,14651007,690
38443,14651697,14651007,690
38444,14614067,14613471,596
38445,14651697,14651007,690
38446,14578407,14578406,1
38447,14651697,14651007,690
38448,14579759,14578412,1347
38449,14720791,14720630,161
38450,14849519,14849382,137
38451,14849519,14849382,137
38452,14924065,14924018,47
38453,14930936,14927794,3142
38454,14956401,14954317,2084
38455,14976791,14976607,184
38456,14967116,14959614,7502
38457,14959614,14959614,0
38458,14976607,14976607,0
38459,14996413,14996047,366
38460,14996413,14996047,366
38461,14996413,14996047,366
38462,15038853,15038725,128
38463,15038853,15038725,128
38464,15091463,15091442,21
38465,15114562,15103646,10916
38466,15134799,15134410,389
38467,15370563,15370423,140
38468,15374411,15370423,3988
38469,15374411,15370423,3988
38470,15669997,15669905,92
38471,15751265,15747975,3290
38472,15751265,15747975,3290
38473,15751265,15747975,3290
38474,15751265,15747975,3290
38475,15751265,15747975,3290
38476,15751265,15747975,3290
38477,15815626,15814989,637
38478,15865859,15835885,29974
38479,15942510,15835885,106625
38480,15942510,15814989,127521
38481,16056410,16055912,498
38482,16056410,16055912,498
38483,16056410,16055912,498
38484,16185982,16185687,295
38485,16190315,16189680,635
38486,16430619,16430619,0
38487,16517344,16516975,369
38488,16517344,16513333,4011
38489,16517344,16516975,369
38490,16517344,16516975,369
38491,16530123,16529098,1025
38492,16517344,16516975,369
38493,16517344,16516975,369
38494,16758313,16757823,490
38495,16758904,16758747,157
38496,16759536,16753794,5742
38497,16759734,16753794,5940
38498,16760084,16753794,6290
38499,16761148,16753794,7354
38500,16761148,16753794,7354
38501,17143562,17142548,1014
38502,18243114,18242217,897
38503,18801352,18800962,390
38504,18801352,18800962,390
38505,18801352,18800962,390
38506,18867705,18858186,9519
38507,18889278,18858186,31092
38508,18890993,18876299,14694
38509,18890993,18890305,688
38510,18892122,18892102,20
38511,19354937,19353262,1675
38512,19514640,19514638,2
38513,19526602,19522721,3881
38514,19529333,19522721,6612
38515,19529333,19522721,6612
38516,19529333,19522721,6612
38517,19529333,19522721,6612
38518,19514640,19514638,2
38519,19514640,19514638,2
38520,19529333,19522721,6612
38521,19675173,19671654,3519
38522,19675173,19671051,4122
38523,19675173,19671654,3519
38524,20837041,20833205,3836
38525,20837041,20833205,3836
38526,20906320,20905413,907
38527,20906320,20905462,858
38528,20906320,20905413,907
38529,20906320,20905462,858
38530,20906320,20905413,907
38531,21028411,21028410,1
38532,21069843,21069181,662
38533,21243040,21243040,0
38534,21243040,21243040,0
38535,21243040,21243040,0
38536,21392730,21392123,607
38537,21487638,21459861,27777
38538,21487832,21487581,251
38539,21487834,21459861,27973
38540,21548371,21487581,60790
38541,21548371,21459861,88510
38542,21477615,21472359,5256
38543,21477615,21471857,5758
38544,21532914,21531360,1554
38545,21624182,21621688,2494
38546,21624182,21621688,2494
38547,21654603,21652504,2099
38548,21654603,21652504,2099
38549,21671337,21668641,2696
38550,21684210,21684129,81
38551,21757781,21757526,255
38552,21810728,21807605,3123
38553,21810789,21807605,3184
38554,21927755,21926550,1205
38555,22089628,22089608,20
38556,22089628,22089608,20
38557,22094336,22089608,4728
38558,22094336,22089608,4728
38559,22218606,22218245,361
38560,22487648,22487166,482
38561,22487648,22440144,47504
38562,22688278,22677412,10866
38563,22697187,22697084,103
38564,22697452,22697084,368
38565,22697452,22697084,368
38566,22697452,22697084,368
38567,22697452,22697084,368
38568,22697452,22697084,368
38569,22797349,22797238,111
38570,22843608,22837888,5720
38571,22843608,22837450,6158
38572,23737546,23737486,60
38573,24102637,24102535,102
38574,24103966,24103810,156
38575,24715383,24048957,666426
38576,24715383,24048957,666426
38577,24103865,24048957,54908
38578,24103954,24102535,1419
38579,25055322,25054899,423
38580,25056009,25055922,87
38581,25102393,25101866,527
38582,25102393,25101866,527
38583,25102393,25101866,527
38584,25150373,25150168,205
38585,25150453,25148982,1471
38586,25261269,25260994,275
38587,25261269,25260994,275
38588,25261269,25260994,275
38589,25261269,25260994,275
38590,25261269,25260994,275
38591,25348094,25311465,36629
38592,25348094,25348012,82
38593,25348094,25347996,98
38594,25348094,25348012,82
38595,25348094,25348012,82
38596,25348094,25307336,40758
38597,25348094,25348012,82
38598,25348094,25311465,36629
38599,25357949,25357246,703
38600,25357949,25357246,703
38601,25403854,25398318,5536
38602,25403854,25398318,5536
38603,25706217,25705893,324
38604,25706217,25706028,189
38605,25706217,25699444,6773
38606,25801496,25801485,11
38607,25706217,25705893,324
38608,26225807,26221751,4056
38609,26225807,26221751,4056
38610,26232825,26232006,819
38611,26225807,26221751,4056
38612,26225807,26221751,4056
38613,26278003,26277712,291
38614,26387708,26384009,3699
38615,26387708,26384009,3699
38616,26405853,26405821,32
38617,26405853,26405821,32
38618,26986131,26985714,417
38619,26647273,26639756,7517
38620,26986131,26878675,107456
38621,26986131,26985714,417
38622,27070666,27069057,1609
38623,27091254,27089736,1518
38624,27091254,27081835,9419
38625,27113679,27113570,109
38626,27119581,27117666,1915
38627,27119581,27117666,1915
38628,27167339,27167101,238
38629,27183606,27181394,2212
38630,27183606,27180331,3275
38631,27235455,27235416,39
38632,27478890,27475388,3502
38633,27478890,27475388,3502
38634,27478890,27475388,3502
38635,27478890,27475388,3502
38636,27578746,27573465,5281
38637,27578746,27573465,5281
38638,27578746,27573465,5281
38639,27578746,27573465,5281
38640,27578746,27573397,5349
38641,27578746,27573465,5281
38642,27655118,27655054,64
38643,27789190,27788108,1082
38644,27800900,27800817,83
38645,27844861,27844861,0
38646,27848497,27845815,2682
38647,27848497,27845815,2682
38648,27848497,27845815,2682
38649,27848497,27845815,2682
38650,27848497,27845815,2682
38651,27850566,27850206,360
38652,27909237,27908383,854
38653,27909237,27890534,18703
38654,27924209,27924209,0
38655,27955973,27951099,4874
38656,28122894,28122427,467
38657,28124916,28122427,2489
38658,28122894,28122427,467
38659,28124916,28122427,2489
38660,28703099,28702106,993
38661,28605587,28605587,0
38662,28703099,28702106,993
38663,28703099,28702106,993
38664,29488549,29486727,1822
38665,29488549,29486727,1822
38666,29488549,29486727,1822
38667,29534143,29524566,9577
38668,29617863,29614845,3018
38669,29617863,29617400,463
38670,29640257,29639899,358
38671,29650619,29650619,0
38672,29672387,29671472,915
38673,29794171,29786154,8017
38674,29897921,29813778,84143
38675,29936743,29936684,59
38676,29937692,29920986,16706
38677,29935979,29920986,14993
38678,30830178,30829853,325
38679,30848929,30848581,348
38680,30816588,30816483,105
38681,30888140,30888101,39
38682,30904067,30884337,19730
38683,30907448,30906697,751
38684,30907448,30906697,751
38685,30907448,30906697,751
38686,30907448,30884337,23111
38687,30907448,30906697,751
38688,30884444,30884337,107
38689,30884444,30884337,107
38690,31149537,31144850,4687
38691,31149537,31144850,4687
38692,31149537,31144850,4687
38693,31243028,31242190,838
38694,31257725,31256967,758
38695,31257725,31256770,955
38696,31257725,31256967,758
38697,31257725,31256770,955
38698,31257725,31256770,955
38699,31257725,31256770,955
38700,31246654,31246359,295
38701,31257725,31256967,758
38702,31359088,31359088,0
38703,31451455,31451213,242
38704,31477096,31451138,25958
38705,31479159,31451138,28021
38706,31479159,31451138,28021
38707,31479159,31451138,28021
38708,31478879,31478257,622
38709,31743376,31653492,89884
38710,31743952,31743766,186
38711,31743952,31743766,186
38712,31648853,31648746,107
38713,31822016,31820924,1092
38714,31822016,31820924,1092
38715,31822016,31820924,1092
38716,31882108,31881942,166
38717,31882108,31862343,19765
38718,31882108,31862343,19765
38719,31945175,31945100,75
38720,32146043,32145469,574
38721,32531141,32530561,580
38722,32531141,32520651,10490
38723,32491094,32490802,292
38724,32798984,32793467,5517
38725,32735889,32735425,464
38726,32791863,32791846,17
38727,32798984,32793467,5517
38728,32798984,32793467,5517
38729,32798984,32793467,5517
38730,32898584,32896344,2240
38731,32898584,32896344,2240
38732,32898584,32896344,2240
38733,32898584,32896344,2240
38734,32898584,32896344,2240
38735,32898584,32896344,2240
38736,32898584,32896344,2240
38737,32908887,32908808,79
38738,33049780,33049665,115
38739,33049780,33049665,115
38740,33049780,33049665,115
38741,33592754,33592457,297
38742,33592754,33560230,32524
38743,34181236,34179850,1386
38744,38723528,38715015,8513
38745,39115024,39087578,27446
38746,39299420,39299336,84
38747,39706628,39703524,3104
38748,39713815,39703524,10291
38749,39726210,39726102,108
38750,39734896,39734768,128
38751,39837192,39836772,420
38752,39837192,39836772,420
38753,39837192,39836772,420
38754,39837192,39836772,420
38755,40013843,40013417,426
38756,40115720,40115053,667
38757,40499661,40499610,51
38758,40265763,40265738,25
38759,40499661,40499610,51
38760,40763086,40761567,1519
38761,40698778,40697975,803
38762,40763086,40761567,1519
38763,40763086,40758935,4151
38764,40813035,40813034,1
38765,40813035,40813034,1
38766,40813035,40813034,1
38767,40813035,40813034,1
38768,40813035,40813034,1
38769,40813035,40813034,1
38770,40813035,40813034,1
38771,40813035,40813034,1
38772,40813035,40813034,1
38773,40813035,40813034,1
38774,40813035,40813034,1
38775,40813035,40813034,1
38776,40813035,40813034,1
38777,40813035,40813034,1
38778,40813035,40813034,1
38779,40813035,40813034,1
38780,40813035,40813034,1
38781,40813035,40813034,1
38782,40957362,40957361,1
38783,41366519,41365315,1204
38784,41466213,41463837,2376
38785,41366519,41365315,1204
38786,41466213,41463837,2376
38787,41968392,41967692,700
38788,41968392,41967692,700
38789,41968392,41967692,700
38790,41968392,41967692,700
38791,42538673,42538448,225
38792,42538673,42538448,225
38793,42632154,42631982,172
38794,42632154,42631425,729
38795,42632154,42631982,172
38796,42632154,42631982,172
38797,42632154,42631982,172
38798,42719932,42717904,2028
38799,42793227,42792808,419
38800,42835765,42835311,454
38801,42835765,42835311,454
38802,42835765,42835311,454
38803,42835765,42835311,454
38804,42835765,42835311,454
38805,42840092,42838911,1181
38806,42842422,42840420,2002
38807,42842422,42840420,2002
38808,42842422,42840420,2002
38809,42842422,42840420,2002
38810,42853517,42853168,349
38811,42793227,42792808,419
38812,42877416,42866318,11098
38813,42877797,42866318,11479
38814,42877797,42866318,11479
38815,42983572,42866318,117254
38816,42983572,42866306,117266
38817,43945724,43945724,0
38818,43833554,43833479,75
38819,43833566,43833479,87
38820,44152561,44149048,3513
38821,44152576,44149048,3528
38822,44152620,44149048,3572
38823,44152620,44142383,10237
38824,44183346,44180518,2828
38825,44183346,44180518,2828
38826,44183346,44180518,2828
38827,44183346,44180518,2828
38828,44183346,44180518,2828
38829,44183346,44180518,2828
38830,44183346,44180518,2828
38831,44200178,44200048,130
38832,44200178,44194321,5857
38833,44200178,44200048,130
38834,44783541,44782455,1086
38835,44783541,44782455,1086
38836,44783541,44781847,1694
38837,45269444,45269341,103
38838,45270247,45269652,595
38839,45270247,45269652,595
38840,45270247,45269341,906
38841,45270633,45270508,125
38842,45307711,45307619,92
38843,45270880,45269652,1228
38844,45270247,45269341,906
38845,45270247,45269652,595
38846,45444882,45444710,172
38847,45609789,45568148,41641
38848,45826134,45823094,3040
38849,45826134,45823094,3040
38850,45834187,45833721,466
38851,45826134,45823094,3040
38852,46121704,46121493,211
38853,46287699,46287508,191
38854,46301819,46298861,2958
38855,46236017,46233284,2733
38856,46301819,46298861,2958
38857,46301819,46298861,2958
38858,46301819,46298143,3676
38859,46323748,46322538,1210
38860,46384401,46357950,26451
38861,46385903,46385838,65
38862,46384401,46357950,26451
38863,46660278,46633583,26695
38864,46663208,46633583,29625
38865,46663208,46633583,29625
38866,46663208,46633583,29625
38867,46663208,46633583,29625
38868,46661484,46633583,27901
38869,46663208,46662688,520
38870,46759090,46759049,41
38871,46766645,46765076,1569
38872,46766645,46764572,2073
38873,47219780,47186854,32926
38874,47219780,47186854,32926
38875,47219780,47186854,32926
38876,47473734,47472785,949
38877,47473734,47472785,949
38878,47473734,47472785,949
38879,47472785,47472785,0
38880,47630443,47630145,298
38881,47630443,47630145,298
38882,47630145,47630145,0
38883,48099844,48096623,3221
38884,48099844,48090126,9718
38885,48099844,48096623,3221
38886,48111438,48110131,1307
38887,48119355,48119196,159
38888,48119355,48119196,159
38889,48119355,48119196,159
38890,48136075,48134534,1541
38891,48138689,48137382,1307
38892,48141645,48141533,112
38893,48152181,48151741,440
38894,48152244,48151741,503
38895,48152889,48152339,550
38896,48141645,48141533,112
38897,48164823,48164681,142
38898,48152889,48152339,550
38899,48176536,48174064,2472
38900,48187371,48185767,1604
38901,48213763,48213568,195
38902,48213763,48213568,195
38903,48213763,48192708,21055
38904,48192923,48192708,215
38905,48298814,48272896,25918
38906,48298814,48272896,25918
38907,48298814,48298413,401
38908,48298814,48272648,26166
38909,48362661,48362012,649
38910,48362661,48362012,649
38911,48362661,48362012,649
38912,48362661,48362012,649
38913,48369396,48369328,68
38914,48398285,48398104,181
38915,48398285,48398104,181
38916,48491907,48491890,17
38917,48499775,48468531,31244
38918,48499775,48468531,31244
38919,48499775,48495255,4520
38920,48500091,48495255,4836
38921,48540187,48539491,696
38922,48540187,48539491,696
38923,48540187,48539491,696
38924,48540187,48539491,696
38925,48540187,48539491,696
38926,48540187,48539491,696
38927,48540187,48539491,696
38928,48551377,48547279,4098
38929,48551377,48547279,4098
38930,48579709,48578490,1219
38931,48597075,48597075,0
38932,48724062,48723842,220
38933,48744674,48743845,829
38934,48744674,48741873,2801
38935,48745029,48741873,3156
38936,48866843,48866843,0
38937,48890297,48888722,1575
38938,48921886,48921886,0
38939,48963829,48963803,26
38940,49073616,49065705,7911
38941,49076008,49075964,44
38942,49076035,49075415,620
38943,49110781,49110458,323
38944,49110781,49110458,323
38945,49159569,49159438,131
38946,49159569,49159438,131
38947,49177877,49177217,660
38948,49182820,49177217,5603
38949,49182820,49177217,5603
38950,49168561,49167565,996
38951,49219026,49218557,469
38952,49222726,49221682,1044
38953,49222726,49221682,1044
38954,49222726,49221682,1044
38955,49222726,49221682,1044
38956,49222726,49221682,1044
38957,49245957,49239565,6392
38958,49259653,49259550,103
38959,49315359,49315226,133
38960,49318664,49318016,648
38961,49319330,49319211,119
38962,49319330,49319211,119
38963,49319330,49319211,119
38964,49351252,49334878,16374
38965,49351252,49334878,16374
38966,49365641,49364312,1329
38967,49365641,49364312,1329
38968,49376396,49375423,973
38969,49393088,49393070,18
38970,49412531,49399597,12934
38971,49412629,49412523,106
38972,49412629,49412523,106
38973,49412629,49412523,106
38974,49449107,49449107,0
38975,49463775,49463568,207
38976,49463775,49462929,846
38977,49488602,49488295,307
38978,49504680,49504338,342
38979,49504680,49500469,4211
38980,49504680,49504338,342
38981,49498162,49497563,599
38982,49504680,49498284,6396
38983,49504680,49504352,328
38984,49522635,49522490,145
38985,49525178,49523403,1775
38986,49525304,49525083,221
38987,49522719,49522625,94
38988,49583107,49582202,905
38989,49583107,49582762,345
38990,49583107,49580514,2593
38991,49667113,49667010,103
38992,49667113,49667010,103
38993,49667009,49666587,422
38994,49692481,49692136,345
38995,49718171,49718035,136
38996,49718171,49718057,114
38997,49723568,49723309,259
38998,49723568,49723309,259
38999,49725514,49725400,114
39000,49725514,49725400,114
39001,49730971,49730260,711
39002,49745685,49745285,400
39003,49745685,49745285,400
39004,49921207,49920038,1169
39005,49921207,49920038,1169
39006,49921207,49920038,1169
39007,49786116,49783628,2488
39008,49952077,49951736,341
39009,49952077,49951736,341
39010,49960222,49960222,0
39011,49961533,49959969,1564
39012,49961911,49960514,1397
39013,49961911,49957313,4598
39014,49999410,49998147,1263
39015,49999433,49999260,173
39016,50038452,50037975,477
39017,50038452,50037975,477
39018,50038452,50037975,477
39019,50046025,50046016,9
39020,50055832,50055750,82
39021,50101197,50100963,234
39022,50101197,50100963,234
39023,50158717,50156679,2038
39024,50158717,50155509,3208
39025,50158717,50156679,2038
39026,50158717,50156679,2038
39027,50189429,50189321,108
39028,50191177,50190421,756
39029,50222208,50197827,24381
39030,50236912,50236870,42
39031,50296162,50294985,1177
39032,50297760,50297575,185
39033,50305646,50304975,671
39034,50352664,50349391,3273
39035,50359465,50358960,505
39036,50370922,50369454,1468
39037,50370922,50369454,1468
39038,50419307,50410498,8809
39039,50419307,50410498,8809
39040,50419307,50410498,8809
39041,50419307,50410498,8809
39042,50477405,50475432,1973
39043,50477405,50475432,1973
39044,50477405,50475432,1973
39045,50477405,50475432,1973
39046,50477405,50475432,1973
39047,50477405,50475432,1973
39048,50483205,50482441,764
39049,50494494,50492783,1711
39050,50494494,50492783,1711
39051,50494494,50492783,1711
39052,50499825,50499753,72
39053,50505103,50503302,1801
39054,50505103,50503302,1801
39055,50514240,50514000,240
39056,50514240,50514000,240
39057,50514240,50514000,240
39058,50514000,50514000,0
39059,50537913,50537047,866
39060,50561097,50561080,17
39061,50561097,50538571,22526
39062,50561097,50536858,24239
39063,50595316,50594625,691
39064,50616268,50615953,315
39065,50616488,50615953,535
39066,50677353,50642534,34819
39067,50677353,50642534,34819
39068,50750031,50749948,83
39069,50790405,50790267,138
39070,50855272,50855134,138
39071,50855272,50855134,138
39072,50873788,50869647,4141
39073,50873788,50869647,4141
39074,50873788,50869647,4141
39075,50873788,50869647,4141
39076,50873788,50869647,4141
39077,50873788,50869647,4141
39078,50873788,50869647,4141
39079,51074044,51072694,1350
39080,51142450,51138622,3828
39081,51074044,51072694,1350
39082,51142450,51138622,3828
39083,51214943,51213562,1381
39084,51214943,51213562,1381
39085,51281663,51281296,367
39086,51281663,51279339,2324
39087,51326300,51323933,2367
39088,51324574,51323734,840
39089,51364289,51364289,0
39090,51420199,51394178,26021
39091,51420199,51404511,15688
39092,51420199,51404511,15688
39093,51388875,51386628,2247
39094,51403053,51402921,132
39095,51419924,51404511,15413
39096,51420199,51404480,15719
39097,51420199,51404511,15688
39098,51420199,51404511,15688
39099,51422058,51422008,50
39100,51450285,51450285,0
39101,51450735,51450386,349
39102,51454207,51453214,993
39103,51454207,51453214,993
39104,51454207,51453214,993
39105,51454207,51453214,993
39106,51454207,51453214,993
39107,51477437,51470344,7093
39108,51477454,51470344,7110
39109,51566926,51566205,721
39110,51566926,51566205,721
39111,51566926,51566205,721
39112,51566576,51511510,55066
39113,51519265,51519016,249
39114,51590818,51590626,192
39115,51591950,51590626,1324
39116,51611477,51590626,20851
39117,51637717,51636242,1475
39118,51637717,51636242,1475
39119,51637717,51636242,1475
39120,51637717,51636242,1475
39121,51637717,51636436,1281
39122,51640501,51639928,573
39123,51663994,51663062,932
39124,51664202,51663062,1140
39125,51717938,51717886,52
39126,51717938,51717886,52
39127,51717938,51695839,22099
39128,51718452,51718299,153
39129,51740463,51740422,41
39130,51754010,51752978,1032
39131,51777366,51773565,3801
39132,51785200,51773565,11635
39133,51785401,51773565,11836
39134,51868361,51868297,64
39135,51891650,51890962,688
39136,51891650,51890962,688
39137,51909547,51901222,8325
39138,51856676,51855123,1553
39139,51891650,51890962,688
39140,51868361,51868297,64
39141,51891650,51890962,688
39142,51909547,51901222,8325
39143,51874391,51874006,385
39144,51909547,51901688,7859
39145,52206648,52201213,5435
39146,52206648,52201213,5435
39147,52139819,52139818,1
39148,52139819,52139818,1
39149,52160035,52159829,206
39150,52225701,52216197,9504
39151,52285441,52282785,2656
39152,52285505,52285124,381
39153,52285505,52285089,416
39154,52285505,52285089,416
39155,52285505,52285124,381
39156,52285505,52285124,381
39157,52307134,52307133,1
39158,52317145,52314677,2468
39159,52317145,52314677,2468
39160,52317145,52314677,2468
39161,52381130,52380929,201
39162,52386125,52385816,309
39163,52390863,52387894,2969
39164,52390863,52387894,2969
39165,52390863,52387894,2969
39166,52409673,52408983,690
39167,52409673,52408983,690
39168,52453291,52452728,563
39169,52449745,52449090,655
39170,52449745,52449090,655
39171,52453291,52452728,563
39172,52453291,52452728,563
39173,52453291,52452537,754
39174,52471279,52470974,305
39175,52471279,52470974,305
39176,52579533,52579482,51
39177,52585784,52585686,98
39178,52585784,52585686,98
39179,52604639,52602125,2514
39180,52642709,52642544,165
39181,52702947,52702369,578
39182,52652171,52649896,2275
39183,52702947,52702369,578
39184,52685299,52685249,50
39185,52702155,52680989,21166
39186,52702947,52702369,578
39187,52715182,52715119,63
39188,52761309,52761189,120
39189,52779417,52779369,48
39190,52800176,52800061,115
39191,52828110,52828088,22
39192,52845910,52845862,48
39193,52867569,52867521,48
39194,52887181,52886972,209
39195,52914243,52914080,163
39196,52914243,52914080,163
39197,52946931,52946861,70
39198,52967609,52967561,48
39199,52995322,52995236,86
39200,52995322,52995236,86
39201,52995322,52995236,86
39202,52995322,52992758,2564
39203,53012343,53012308,35
39204,53045959,53045926,33
39205,53074191,53074132,59
39206,53074191,53074132,59
39207,53097247,53097218,29
39208,53097247,53091497,5750
39209,53171129,53171075,54
39210,53189892,53189826,66
39211,53207900,53207842,58
39212,53224246,53224087,159
39213,53228077,53228044,33
39214,53242778,53242714,64
39215,53298868,53298765,103
39216,53320253,53320233,20
39217,53343650,53298765,44885
39218,53343650,53298765,44885
39219,53346596,53346130,466
39220,53346685,53346626,59
39221,53346685,53346626,59
39222,53435993,53434007,1986
39223,53435993,53434007,1986
39224,53435993,53434007,1986
39225,53448222,53439816,8406
39226,53458162,53457666,496
39227,53450145,53449633,512
39228,53458162,53457666,496
39229,53452266,53452264,2
39230,53458162,53457666,496
39231,53458162,53457666,496
39232,53458162,53457666,496
39233,53473204,53473117,87
39234,53473204,53467240,5964
39235,53496128,53495951,177
39236,53518323,53517907,416
39237,53558277,53558168,109
39238,53567286,53567254,32
39239,53572380,53563903,8477
39240,53574430,53573592,838
39241,53574430,53567254,7176
39242,53574693,53567254,7439
39243,53574693,53567254,7439
39244,53575135,53567254,7881
39245,53584654,53581374,3280
39246,53594969,53594227,742
39247,53601000,53594227,6773
39248,53601000,53594227,6773
39249,53614197,53613884,313
39250,53614197,53614000,197
39251,53626040,53621329,4711
39252,53626040,53609546,16494
39253,53626040,53609188,16852
39254,53626040,53621329,4711
39255,53614197,53614000,197
39256,53648190,53647972,218
39257,53648190,53647972,218
39258,53647972,53647972,0
39259,53687427,53687258,169
39260,53687427,53687258,169
39261,53682125,53681769,356
39262,53693234,53693129,105
39263,53693234,53693129,105
39264,53697632,53696989,643
39265,53700965,53700933,32
39266,53700965,53700933,32
39267,53700965,53700933,32
39268,53715412,53715249,163
39269,53715412,53715249,163
39270,53729537,53729430,107
39271,53730004,53729430,574
39272,53730004,53723171,6833
39273,53810226,53805024,5202
39274,53810226,53805024,5202
39275,53810226,53805024,5202
39276,53825318,53825257,61
39277,53825318,53824976,342
39278,53825318,53825257,61
39279,53825048,53823246,1802
39280,53840427,53839843,584
39281,53840427,53839843,584
39282,53861312,53861196,116
39283,53840427,53839843,584
39284,53874946,53873226,1720
39285,53874946,53873226,1720
39286,53874946,53873226,1720
39287,53874946,53873226,1720
39288,53874946,53873226,1720
39289,53874946,53873226,1720
39290,53874946,53873226,1720
39291,53874946,53873226,1720
39292,53874946,53873226,1720
39293,53874946,53873226,1720
39294,53893444,53881175,12269
39295,53893444,53881175,12269
39296,53898179,53897617,562
39297,53900215,53899932,283
39298,53900215,53899932,283
39299,53900215,53899932,283
39300,53900215,53899932,283
39301,53901422,53901258,164
39302,54020199,53994784,25415
39303,54020199,53994784,25415
39304,54019780,53994784,24996
39305,54020199,53994784,25415
39306,54070109,54069976,133
39307,54070512,54069976,536
39308,54070512,54066398,4114
39309,54108477,54108010,467
39310,54121307,54119026,2281
39311,54121307,54119026,2281
39312,54121307,54117457,3850
39313,54121307,54119026,2281
39314,54121307,54117457,3850
39315,54121307,54119026,2281
39316,54121307,54119026,2281
39317,54340328,54339040,1288
39318,54350350,54350350,0
39319,54370203,54369197,1006
39320,54384062,54383230,832
39321,54397120,54396458,662
39322,54406545,54405165,1380
39323,54424607,54423746,861
39324,54449814,54448989,825
39325,54424607,54423746,861
39326,54429144,54428276,868
39327,54449814,54448989,825
39328,54496483,54496273,210
39329,54526626,54520377,6249
39330,54582778,54577724,5054
39331,54582778,54577724,5054
39332,54582778,54577724,5054
39333,54582741,54577724,5017
39334,54582741,54577724,5017
39335,54582778,54577724,5054
39336,54582778,54577724,5054
39337,54582778,54577724,5054
39338,54653329,54651434,1895
39339,54653370,54651434,1936
39340,54673915,54651434,22481
39341,54679030,54678097,933
39342,54679030,54678097,933
39343,54679030,54678097,933
39344,54678554,54678097,457
39345,54689542,54689032,510
39346,54689563,54689032,531
39347,54694821,54689032,5789
39348,54694821,54689032,5789
39349,54745635,54744307,1328
39350,54745635,54744307,1328
39351,54745635,54744307,1328
39352,54745635,54744307,1328
39353,54745635,54744307,1328
39354,54758270,54757635,635
39355,54757635,54757635,0
39356,54778481,54778298,183
39357,54778481,54778298,183
39358,54779552,54778298,1254
39359,54785083,54785028,55
39360,54785083,54785028,55
39361,54813050,54812982,68
39362,54867386,54865032,2354
39363,54936899,54936469,430
39364,54936899,54936469,430
39365,54936899,54936469,430
39366,54973023,54971112,1911
39367,54973023,54971112,1911
39368,54973023,54971112,1911
39369,54973023,54971112,1911
39370,54973023,54971112,1911
39371,54973023,54971112,1911
39372,54982443,54982272,171
39373,55028663,55028625,38
39374,55042149,55042087,62
39375,55042149,55042087,62
39376,55252174,55252026,148
39377,55367516,55359868,7648
39378,55367516,55359868,7648
39379,55367516,55356922,10594
39380,55367516,55356922,10594
39381,55375622,55368346,7276
39382,55378530,55368346,10184
39383,55423801,55421219,2582
39384,55421219,55421219,0
39385,55524560,55524560,0
39386,55615759,55615759,0
39387,55642010,55642010,0
39388,55689016,55689016,0
39389,55715322,55715322,0
39390,55726420,55726420,0
39391,55759833,55759833,0
39392,55795251,55795251,0
39393,55820976,55820976,0
39394,55846936,55846936,0
39395,55863922,55863922,0
39396,55887100,55887100,0
39397,55945940,55945940,0
39398,55969128,55969128,0
39399,56031617,56031617,0
39400,56078394,56077833,561
39401,56081880,56081871,9
39402,56090216,56088416,1800
39403,56096735,56096730,5
39404,56101686,56101466,220
39405,56101686,56101466,220
39406,56106089,56106053,36
39407,56113491,56113393,98
39408,56113871,56113085,786
39409,56116442,56115490,952
39410,56118526,56118329,197
39411,56116442,56115735,707
39412,56116442,56115735,707
39413,56118526,56118329,197
39414,56118526,56118329,197
39415,56121572,56120943,629
39416,56121684,56120943,741
39417,56122136,56122125,11
39418,56122266,56122125,141
39419,56122434,56122125,309
39420,56122761,56122125,636
39421,56122922,56122125,797
39422,56123457,56122125,1332
39423,56146665,56143666,2999
39424,56143667,56143666,1
39425,56211540,56211485,55
39426,56222498,56222442,56
39427,56211540,56211485,55
39428,56214959,56214179,780
39429,56223420,56222442,978
39430,56224342,56222442,1900
39431,56223203,56222442,761
39432,56227719,56226272,1447
39433,56233818,56232320,1498
39434,56236767,56236614,153
39435,56236767,56236614,153
39436,56321051,56320893,158
39437,56321697,56321545,152
39438,56334682,56334581,101
39439,56345567,56345567,0
39440,56346215,56346215,0
39441,56346716,56346715,1
39442,56347807,56347552,255
39443,56334217,56333321,896
39444,56347807,56347552,255
39445,56347807,56347552,255
39446,56347807,56347552,255
39447,56347807,56347552,255
39448,56347807,56347552,255
39449,56347807,56347552,255
39450,56359846,56359795,51
39451,56359846,56359795,51
39452,56360458,56359795,663
39453,56360496,56359795,701
39454,56366568,56365409,1159
39455,56366568,56365409,1159
39456,56366568,56365409,1159
39457,56390467,56385996,4471
39458,56390467,56385996,4471
39459,56390467,56385996,4471
39460,56390467,56385996,4471
39461,56396838,56396618,220
39462,56399309,56398811,498
39463,56399309,56398811,498
39464,56399309,56398811,498
39465,56399309,56398811,498
39466,56432219,56429115,3104
39467,56432219,56429115,3104
39468,56432219,56429115,3104
39469,56432219,56429115,3104
39470,56432219,56429115,3104
39471,56432219,56429115,3104
39472,56438007,56437938,69
39473,56479401,56479096,305
39474,56497291,56495839,1452
39475,56497291,56495839,1452
39476,56497291,56495839,1452
39477,56482776,56482746,30
39478,56487775,56487756,19
39479,56497291,56495839,1452
39480,56497291,56495839,1452
39481,56497291,56495839,1452
39482,56507694,56506672,1022
39483,56511616,56511308,308
39484,56511616,56511308,308
39485,56516278,56515651,627
39486,56515651,56515651,0
39487,56538460,56537646,814
39488,56538460,56537646,814
39489,56550026,56549528,498
39490,56551771,56551510,261
39491,56551771,56551510,261
39492,56555366,56554438,928
39493,56555366,56555199,167
39494,56555366,56554438,928
39495,56554579,56554115,464
39496,56583351,56583245,106
39497,56583351,56583245,106
39498,56583351,56583245,106
39499,56583351,56583245,106
39500,56583351,56579941,3410
39501,56615485,56607831,7654
39502,56615715,56604229,11486
39503,56615715,56607831,7884
39504,56615753,56607831,7922
39505,56615753,56604229,11524
39506,56615753,56604287,11466
39507,56623638,56622997,641
39508,56623638,56622997,641
39509,56629596,56629517,79
39510,56631629,56631515,114
39511,56631629,56631515,114
39512,56652143,56652053,90
39513,56664750,56664101,649
39514,56664750,56664101,649
39515,56664750,56664101,649
39516,56694175,56693985,190
39517,56694175,56685006,9169
39518,56694175,56679702,14473
39519,56694175,56680428,13747
39520,56679875,56679702,173
39521,56710128,56709001,1127
39522,56710128,56709001,1127
39523,56717969,56716491,1478
39524,56727533,56726878,655
39525,56727837,56726878,959
39526,56727837,56726878,959
39527,56734194,56733888,306
39528,56743559,56743012,547
39529,56754037,56750355,3682
39530,56754037,56750355,3682
39531,56754037,56750355,3682
39532,56756583,56756529,54
39533,56843200,56827954,15246
39534,56843200,56827954,15246
39535,56848435,56848397,38
39536,56862950,56862707,243
39537,56863623,56863361,262
39538,56864767,56863361,1406
39539,56874268,56874242,26
39540,56874268,56871485,2783
39541,56882181,56881902,279
39542,56882181,56871485,10696
39543,56882181,56868659,13522
39544,56989980,56982796,7184
39545,56989980,56982796,7184
39546,56989980,56982796,7184
39547,56989980,56983045,6935
39548,56995976,56995890,86
39549,56997484,56997438,46
39550,57011316,57011314,2
39551,57023995,57011314,12681
39552,57030163,57029969,194
39553,57030163,57029969,194
39554,57039852,57039747,105
39555,57082078,57081783,295
39556,57082078,57081783,295
39557,57082078,57081783,295
39558,57082078,57081783,295
39559,57119066,57118305,761
39560,57119066,57118305,761
39561,57119326,57118305,1021
39562,57119326,57118305,1021
39563,57146146,57146082,64
39564,57181574,57181126,448
39565,57328189,57328045,144
39566,57351418,57351246,172
39567,57351418,57351070,348
39568,57390469,57390208,261
39569,57390208,57390208,0
39570,57400297,57398701,1596
39571,57398701,57398701,0
39572,57410344,57409581,763
39573,57410344,57409581,763
39574,57441614,57440701,913
39575,57443901,57442107,1794
39576,57444549,57442107,2442
39577,57472574,57472528,46
39578,57472574,57472528,46
39579,57472574,57457104,15470
39580,57489259,57488504,755
39581,57504089,57502061,2028
39582,57505196,57502061,3135
39583,57505196,57502061,3135
39584,57505196,57501022,4174
39585,57505196,57501022,4174
39586,57505196,57501022,4174
39587,57522883,57522881,2
39588,57543842,57542801,1041
39589,57543842,57543512,330
39590,57549358,57548577,781
39591,57607125,57606338,787
39592,57620232,57619530,702
39593,57620232,57619729,503
39594,57628718,57628144,574
39595,57628718,57628144,574
39596,57628718,57628144,574
39597,57628718,57628144,574
39598,57628718,57628144,574
39599,57628718,57628144,574
39600,57628718,57628144,574
39601,57628718,57628144,574
39602,57628718,57628144,574
39603,57628718,57628144,574
39604,57628718,57628144,574
39605,57630935,57630357,578
39606,57634475,57630868,3607
39607,57644976,57638107,6869
39608,57644976,57643419,1557
39609,57644976,57643040,1936
39610,57644976,57640631,4345
39611,57677839,57677718,121
39612,57690816,57689258,1558
39613,57704246,57704211,35
39614,57824788,57704211,120577
39615,57824788,57704211,120577
39616,57844609,57843805,804
39617,57851791,57850631,1160
39618,57866047,57865844,203
39619,57866047,57865844,203
39620,57866047,57865844,203
39621,57871728,57871445,283
39622,57871728,57870407,1321
39623,57873424,57873189,235
39624,57873633,57873189,444
39625,57882597,57882404,193
39626,57882597,57877780,4817
39627,57873633,57873189,444
39628,57905937,57905925,12
39629,57910064,57909921,143
39630,57910438,57910364,74
39631,57910430,57908845,1585
39632,57914300,57911258,3042
39633,57914300,57911189,3111
39634,57914300,57911258,3042
39635,57914300,57911189,3111
39636,57914300,57911258,3042
39637,57914300,57911258,3042
39638,57923931,57923017,914
39639,57923112,57923017,95
39640,57941114,57940846,268
39641,57941114,57940846,268
39642,57941114,57929269,11845
39643,57941114,57929269,11845
39644,57978554,57976962,1592
39645,57978554,57976962,1592
39646,57980411,57979296,1115
39647,57997211,57995389,1822
39648,57997211,57995389,1822
39649,57997211,57995389,1822
39650,57997211,57995389,1822
39651,58001396,58001396,0
39652,58003583,58002935,648
39653,58003583,58002935,648
39654,58003583,58002935,648
39655,58011028,58010677,351
39656,58009495,58009495,0
39657,58011028,58010677,351
39658,58011028,58010677,351
39659,58019934,58019528,406
39660,58026464,58025915,549
39661,58027022,58025915,1107
39662,58027022,58025915,1107
39663,58027022,58025915,1107
39664,58026463,58026146,317
39665,58115340,58114692,648
39666,58115340,58114692,648
39667,58115340,58114692,648
39668,58115340,58114692,648
39669,58115340,58114692,648
39670,58115340,58114692,648
39671,58115340,58114692,648
39672,58115340,58114692,648
39673,58115340,58114692,648
39674,58132029,58132029,0
39675,58132029,58132029,0
39676,58135944,58135854,90
39677,58122139,58121582,557
39678,58142026,58141073,953
39679,58142026,58141073,953
39680,58142026,58141073,953
39681,58146230,58145500,730
39682,58146230,58144867,1363
39683,58154193,58152680,1513
39684,58154193,58152680,1513
39685,58160976,58160824,152
39686,58160976,58158878,2098
39687,58159468,58159309,159
39688,58159468,58159309,159
39689,58159468,58159460,8
39690,58165914,58165866,48
39691,58165914,58165866,48
39692,58176324,58174059,2265
39693,58176324,58174429,1895
39694,58191370,58190366,1004
39695,58191370,58190366,1004
39696,58191370,58189980,1390
39697,58191370,58190366,1004
39698,58196639,58196414,225
39699,58209852,58209823,29
39700,58209852,58209405,447
39701,58202475,58201338,1137
39702,58208009,58208006,3
39703,58218189,58218135,54
39704,58239317,58218057,21260
39705,58240747,58240218,529
39706,58240747,58240218,529
39707,58351052,58350673,379
39708,59313327,59313263,64
39709,59314319,59314016,303
39710,60183635,60173460,10175
39711,60183635,60173460,10175
39712,60183635,60173460,10175
39713,60183635,60173460,10175
39714,60183635,60173460,10175
39715,62586620,62261206,325414
39716,62652623,62261206,391417
39717,62697367,62696722,645
39718,62698804,62698558,246
39719,62730474,62728971,1503
39720,62803501,62798155,5346
39721,62803501,62798155,5346
39722,62902925,62902296,629
39723,62991363,62986529,4834
39724,62991363,62982673,8690
39725,62991363,62986529,4834
39726,62991363,62986529,4834
39727,62991363,62986529,4834
39728,62991363,62986529,4834
39729,62991363,62986529,4834
39730,62997214,62997118,96
39731,63328665,63328516,149
39732,63546590,63544616,1974
39733,63977838,63976251,1587
39734,64062354,64062173,181
39735,64203338,64202872,466
39736,64203338,64202872,466
39737,64475692,64474302,1390
39738,64541613,64536452,5161
39739,64541613,64536452,5161
39740,64616076,64616017,59
39741,64687160,64678499,8661
39742,64687160,64668710,18450
39743,64784345,64784345,0
39744,64784345,64784345,0
39745,64815251,64815251,0
39746,64842463,64841911,552
39747,64895899,64895161,738
39748,65091347,65088692,2655
39749,65091347,65088692,2655
39750,65146651,65146561,90
39751,65153226,65153056,170
39752,65153226,65153056,170
39753,65153226,65153056,170
39754,65274798,65269568,5230
39755,65269164,65269163,1
39756,65272411,65272279,132
39757,65274798,65269568,5230
39758,65515346,65514971,375
39759,65642141,65640105,2036
39760,65642141,65640105,2036
39761,65860687,65857102,3585
39762,65860687,65857102,3585
39763,65860687,65857102,3585
39764,65860687,65857102,3585
39765,66220754,66152522,68232
39766,66222793,66221912,881
39767,66275670,66275552,118
39768,66309227,66308694,533
39769,66309307,66308910,397
39770,66352634,66345213,7421
39771,66360071,66357072,2999
39772,66275821,66275764,57
39773,66524533,66522886,1647
39774,66563807,66563731,76
39775,66563807,66563676,131
39776,66563807,66563731,76
39777,66563807,66563731,76
39778,66563807,66563731,76
39779,66591997,66590808,1189
39780,66648394,66641951,6443
39781,66648394,66641951,6443
39782,66737423,66731882,5541
39783,66859202,66859116,86
39784,67072925,67072684,241
39785,67072925,67072684,241
39786,66964838,66935698,29140
39787,67197894,66935698,262196
39788,67708388,67706610,1778
39789,67708388,67706610,1778
39790,68056444,68052493,3951
39791,68056444,68052493,3951
39792,68052493,68052493,0
39793,68553521,68553395,126
39794,68619571,68619536,35
39795,68647281,68647228,53
39796,68647385,68647228,157
39797,68726161,68726025,136
39798,68726161,68726025,136
39799,68726161,68715369,10792
39800,68726161,68726025,136
39801,68726161,68726025,136
39802,69051493,69050967,526
39803,69054385,69050967,3418
39804,69054385,69050967,3418
39805,69054385,69050967,3418
39806,69054385,69050967,3418
39807,69054385,69050967,3418
39808,69054385,69050967,3418
39809,69136473,69136242,231
39810,69136473,69136242,231
39811,69136473,69136242,231
39812,69159853,69158670,1183
39813,69239320,69233629,5691
39814,69239320,69233629,5691
39815,69239320,69233629,5691
39816,69229764,69229764,0
39817,69230529,69230529,0
39818,69239320,69233629,5691
39819,69239320,69233629,5691
39820,69239320,69233629,5691
39821,69239320,69233629,5691
39822,69239320,69233629,5691
39823,69239320,69233629,5691
39824,69239320,69233629,5691
39825,69239320,69233629,5691
39826,69239320,69233629,5691
39827,69239320,69233629,5691
39828,69239320,69233629,5691
39829,69239320,69233629,5691
39830,69239320,69233629,5691
39831,69326979,69326617,362
39832,69326979,69326617,362
39833,69357020,69326617,30403
39834,69668138,69656339,11799
39835,69668138,69656339,11799
39836,69668138,69656339,11799
39837,69748013,69746999,1014
39838,69784576,69784096,480
39839,69973562,69968735,4827
39840,69973562,69968735,4827
39841,69973562,69968735,4827
39842,69973562,69968735,4827
39843,69995357,69995105,252
39844,69995357,69995105,252
39845,70004942,70004618,324
39846,70093196,70091578,1618
39847,70083056,70072668,10388
39848,70093196,70091578,1618
39849,70093196,70087616,5580
39850,70189183,70189181,2
39851,70216984,70209226,7758
39852,70216984,70206801,10183
39853,70216984,70209226,7758
39854,70216984,70206801,10183
39855,70216984,70209226,7758
39856,70352503,70352311,192
39857,70352503,70352311,192
39858,70748773,70747695,1078
39859,70748773,70747695,1078
39860,70748773,70747695,1078
39861,70748773,70747695,1078
39862,70739846,70738045,1801
39863,70828072,70824433,3639
39864,71003624,71003594,30
39865,71003624,71003594,30
39866,71003624,71003594,30
39867,71031220,71031175,45
39868,71031220,71031175,45
39869,71031220,71031175,45
39870,71031220,71031175,45
39871,71031220,71031175,45
39872,71148388,71147973,415
39873,71148539,71148373,166
39874,71182710,71182616,94
39875,71314584,71314170,414
39876,71148539,71148538,1
39877,71551620,71551458,162
39878,71551779,71551458,321
39879,71835678,71551458,284220
39880,71980088,71978514,1574
39881,71980088,71978514,1574
39882,71980088,71978514,1574
39883,72057749,72057390,359
39884,72057749,72057390,359
39885,72057749,72057390,359
39886,72074428,72070888,3540
39887,72093629,72092939,690
39888,72097839,72094775,3064
39889,72181150,72179453,1697
39890,72291721,72291720,1
39891,72320629,72316984,3645
39892,72320629,72316984,3645
39893,72320629,72316984,3645
39894,72320629,72316984,3645
39895,72426221,72425475,746
39896,72426221,72425475,746
39897,72667289,72666709,580
39898,73059422,73056975,2447
39899,74686411,74679694,6717
39900,74935232,74932186,3046
39901,75603528,75601763,1765
39902,75603528,75601763,1765
39903,75603528,75601763,1765
39904,75603528,75601763,1765
39905,75603528,75601763,1765
39906,75603528,75601763,1765
39907,75711953,75706647,5306
39908,75723805,75720278,3527
39909,75723836,75723639,197
39910,75720307,75720278,29
39911,75784702,75706647,78055
39912,75784702,75685590,99112
39913,75764169,75763956,213
39914,75764169,75763956,213
39915,75817820,75816861,959
39916,75826177,75824941,1236
39917,75826177,75824941,1236
39918,75892500,75892500,0
39919,75895716,75892758,2958
39920,75905418,75905377,41
39921,75905418,75905377,41
39922,75905418,75905377,41
39923,76425556,76425521,35
39924,76425521,76425521,0
39925,76478738,76467999,10739
39926,76478738,76467999,10739
39927,76478738,76461230,17508
39928,76478738,76461230,17508
39929,76478738,76449821,28917
39930,76478738,76467999,10739
39931,76478738,76467999,10739
39932,76742222,76742138,84
39933,76953589,76881331,72258
39934,76953589,76844721,108868
39935,76953589,76844721,108868
39936,76816872,76816432,440
39937,77247474,77244765,2709
39938,77272799,77260040,12759
39939,77424112,77423955,157
39940,77459360,77458415,945
39941,78606790,78604297,2493
39942,78606790,78604297,2493
39943,78606790,78604297,2493
39944,78606790,78604297,2493
39945,79845788,79842904,2884
39946,79845788,79842904,2884
39947,79845788,79842904,2884
39948,79845788,79842904,2884
39949,80084790,80084024,766
39950,80307691,80266694,40997
39951,80328731,80328711,20
39952,80328978,80328711,267
39953,80329235,80328711,524
39954,80329235,80328711,524
39955,80328978,80328711,267
39956,80772870,80771828,1042
39957,80772870,80771828,1042
39958,80772870,80771828,1042
39959,81073968,81072802,1166
39960,81103256,81102739,517
39961,81113447,81112830,617
39962,81331694,81331501,193
39963,81649582,81648701,881
39964,81649582,81648701,881
39965,81649582,81648701,881
39966,81762973,81762940,33
39967,81763193,81762940,253
39968,81763193,81734900,28293
39969,81992150,81991811,339
39970,81992150,81991811,339
39971,82148002,82148000,2
39972,82148002,82148000,2
39973,82152286,82148000,4286
39974,82152286,82148000,4286
39975,82152474,82148000,4474
39976,82152474,82148000,4474
39977,82153109,82148000,5109
39978,81992150,81929203,62947
39979,81734987,81734900,87
39980,81992150,81991811,339
39981,81992150,81991811,339
39982,82148002,82148000,2
39983,82148002,82148000,2
39984,82148002,82148000,2
39985,82752199,82752155,44
39986,82873016,82872803,213
39987,83359746,83359568,178
39988,83380352,83379894,458
39989,83528067,83526168,1899
39990,83528067,83526168,1899
39991,85306608,85285899,20709
39992,85306608,85279815,26793
39993,85306608,85285899,20709
39994,85430055,85423724,6331
39995,85450962,85450962,0
39996,85638883,85638719,164
39997,85442338,85441299,1039
39998,85518636,85518301,335
39999,85695561,85695253,308
40000,86230318,86229979,339
40001,86276770,86276153,617
40002,86650090,86383324,266766
40003,86650090,86421947,228143
40004,86650090,86383324,266766
40005,87232681,86383324,849357
40006,87232681,86383324,849357
40007,87232681,86383324,849357
40008,88178488,88178345,143
40009,88423176,88420739,2437
40010,88423146,88422897,249
40011,88443937,88442199,1738
40012,88497965,88496785,1180
40013,88535993,88535084,909
40014,88523653,88523608,45
40015,88593664,88589426,4238
40016,88912644,88912620,24
40017,88974250,88974055,195
40018,88974250,88974055,195
40019,89746296,89745816,480
40020,89746296,89745816,480
40021,89919344,89891093,28251
40022,89919344,89885774,33570
40023,89920039,89919672,367
40024,89918583,89918326,257
40025,89920039,89919672,367
40026,89920039,89919932,107
40027,90020392,90020369,23
40028,90049844,90049663,181
40029,90049844,90049663,181
40030,91342446,91341823,623
40031,91348953,91348519,434
40032,91398803,91396342,2461
40033,91452131,91450058,2073
40034,91505542,91502756,2786
40035,91572362,91572329,33
40036,91572362,91572329,33
40037,91572362,91572329,33
40038,91572362,91572329,33
40039,91573359,91572329,1030
40040,91576806,91572329,4477
40041,92536447,92387179,149268
40042,92536447,92387179,149268
40043,92536447,92387179,149268
40044,92539673,92539311,362
40045,92821924,92821922,2
40046,92824778,92818822,5956
40047,93102325,93101491,834
40048,93102325,93100929,1396
40049,93100929,93100929,0
40050,93165868,93163971,1897
40051,93323107,93322842,265
40052,93771512,93771460,52
40053,93797024,93793155,3869
40054,93797024,93793155,3869
40055,93797024,93793155,3869
40056,93797024,93793155,3869
40057,93797024,93793155,3869
40058,93836026,93835660,366
40059,93897548,93894997,2551
40060,93897548,93894997,2551
40061,93897548,93894997,2551
40062,93897548,93894997,2551
40063,93970521,93968955,1566
40064,93970521,93968955,1566
40065,93970521,93968955,1566
40066,93969979,93966663,3316
40067,93970521,93968955,1566
40068,93970521,93968955,1566
40069,93970521,93968955,1566
40070,94244531,94244047,484
40071,94288616,94287893,723
40072,94701451,94699061,2390
40073,94701451,94699061,2390
40074,94701451,94699061,2390
40075,94853764,94806266,47498
40076,94853764,94806266,47498
40077,94853764,94806266,47498
40078,95009837,94976299,33538
40079,95044324,95044206,118
40080,95397489,95397456,33
40081,95397489,95397456,33
40082,95467404,95461160,6244
40083,95461167,95461160,7
40084,95467404,95461160,6244
40085,95467404,95461160,6244
40086,95611240,95611016,224
40087,95611240,95546754,64486
40088,95531454,95531399,55
40089,95663964,95663962,2
40090,95663964,95663962,2
40091,95663964,95663962,2
40092,95663964,95663962,2
40093,95696566,95694449,2117
40094,95696566,95694449,2117
40095,95696566,95694449,2117
40096,95663964,95663962,2
40097,95663964,95663962,2
40098,95696566,95694449,2117
40099,95909613,95907680,1933
40100,95909613,95907680,1933
40101,95909613,95907680,1933
40102,95941980,95928023,13957
40103,95942620,95928032,14588
40104,95945263,95928032,17231
40105,96184536,96184087,449
40106,96184536,96184087,449
40107,96184930,96181190,3740
40108,96260238,96259849,389
40109,96336428,96330287,6141
40110,96362370,96361621,749
40111,96362370,96361621,749
40112,96390143,96389688,455
40113,96390143,96386548,3595
40114,96390143,96389688,455
40115,96429439,96429297,142
40116,96437298,96437153,145
40117,96437298,96437153,145
40118,96661606,96660958,648
40119,96794366,96728614,65752
40120,96794366,96728614,65752
40121,96794366,96717849,76517
40122,96932314,96932314,0
40123,96934765,96934764,1
40124,97024429,97024427,2
40125,97040905,97038945,1960
40126,97159032,97159031,1
40127,97347469,97345831,1638
40128,97347469,97345831,1638
40129,97347469,97345831,1638
40130,97347469,97345831,1638
40131,97347469,97345831,1638
40132,98850923,98850734,189
40133,98897633,98897610,23
40134,98929412,98928120,1292
40135,98931454,98931434,20
40136,98944157,98941636,2521
40137,98944157,98941636,2521
40138,98995778,98995306,472
40139,98995778,98995306,472
40140,98995778,98995306,472
40141,98995778,98995306,472
40142,98995778,98995306,472
40143,98995778,98995306,472
40144,98995778,98995306,472
40145,99038829,99038479,350
40146,99038829,99038479,350
40147,99038829,99038479,350
40148,99129211,99126344,2867
40149,99129211,99126344,2867
40150,99129211,99126344,2867
40151,99129211,99126344,2867
40152,99129211,99126259,2952
40153,99129211,99126344,2867
40154,100378432,100378015,417
40155,100378432,100048856,329576
40156,99288674,99223035,65639
40157,99548577,99548270,307
40158,99288674,99223035,65639
40159,99288674,99223035,65639
40160,99288674,99223035,65639
40161,99288674,99223035,65639
40162,99548577,99548270,307
40163,99548577,99548270,307
40164,99548577,99548270,307
40165,99548577,99548270,307
40166,99548645,99548099,546
40167,99548868,99548751,117
40168,99640642,99640289,353
40169,100378432,100378015,417
40170,100043892,100043176,716
40171,100486726,100480107,6619
40172,100536642,100536413,229
40173,100536642,100536413,229
40174,100552981,100551852,1129
40175,100602362,100601737,625
40176,100618202,100617693,509
40177,100618202,100617693,509
40178,100618202,100617693,509
40179,100660857,100660854,3
40180,100660857,100660854,3
40181,100660857,100660854,3
40182,100660857,100656174,4683
40183,100720532,100720531,1
40184,100731284,100731284,0
40185,100733914,100732950,964
40186,100815837,100813937,1900
40187,100815837,100813937,1900
40188,100957645,100957267,378
40189,100957645,100957267,378
40190,100957645,100957267,378
40191,100957645,100957267,378
40192,100957645,100957267,378
40193,100957645,100957267,378
40194,101018685,101018668,17
40195,101018685,101018668,17
40196,101018685,101018668,17
40197,101522419,101520848,1571
40198,101522419,101520848,1571
40199,101522419,101520848,1571
40200,101522419,101520848,1571
40201,101604016,101603626,390
40202,101685205,101684684,521
40203,101780397,101779901,496
40204,101801572,101801423,149
40205,101801572,101801423,149
40206,101880775,101880549,226
40207,101880775,101880549,226
40208,101880775,101880549,226
40209,101880775,101880549,226
40210,102045171,102045169,2
40211,102079658,102078183,1475
40212,102079658,102079460,198
40213,102079658,102078173,1485
40214,102079658,102078173,1485
40215,102079658,102079410,248
40216,102079658,102078183,1475
40217,102079658,102078173,1485
40218,102079658,102078183,1475
40219,102079658,102078183,1475
40220,102079658,102078183,1475
40221,102079658,102079460,198
40222,102122846,102122723,123
40223,102123424,102120203,3221
40224,102133250,102131713,1537
40225,102133250,102131713,1537
40226,102133250,102131713,1537
40227,102224645,102224453,192
40228,102224645,102224453,192
40229,102179995,102179949,46
40230,102317401,102315038,2363
40231,102317401,102315038,2363
40232,102455899,102455740,159
40233,102512361,102512296,65
40234,102513869,102512296,1573
40235,102542785,102542256,529
40236,102558696,102558458,238
40237,102591298,102590069,1229
40238,102591298,102590069,1229
40239,102591298,102590069,1229
40240,102591298,102590069,1229
40241,102591298,102589801,1497
40242,102549062,102548628,434
40243,102591298,102590069,1229
40244,102591298,102590069,1229
40245,102591298,102589737,1561
40246,102591298,102589801,1497
40247,102591614,102591548,66
40248,102872429,102872279,150
40249,102874378,102874159,219
40250,102874378,102874159,219
40251,102874378,102874159,219
40252,103311381,103310908,473
40253,103311381,103310908,473
40254,103354294,103352733,1561
40255,103352733,103352733,0
40256,103889746,103872204,17542
40257,103889749,103872204,17545
40258,103889749,103700097,189652
40259,104160502,104160114,388
40260,104234975,104234934,41
40261,104260329,104260311,18
40262,104323989,104276334,47655
40263,104323989,104309645,14344
40264,104341708,104341440,268
40265,104341708,104341440,268
40266,104341708,104341597,111
40267,104350993,104350516,477
40268,104374446,104373928,518
40269,104382656,104380868,1788
40270,104382656,104380868,1788
40271,104382656,104380868,1788
40272,104382656,104380868,1788
40273,104444066,104413426,30640
40274,104457961,104413426,44535
40275,104500304,104497051,3253
40276,104532040,104529231,2809
40277,104653174,104651880,1294
40278,104744085,104742199,1886
40279,104744085,104742199,1886
40280,104744085,104742199,1886
40281,104744085,104742199,1886
40282,104744085,104742199,1886
40283,104744085,104742199,1886
40284,104744085,104742199,1886
40285,104698982,104698714,268
40286,104744085,104742193,1892
40287,105155792,105151581,4211
40288,105155792,105151581,4211
40289,105322472,105322305,167
40290,105388505,105388474,31
40291,105460443,105443736,16707
40292,105478341,105478214,127
40293,105562906,105560709,2197
40294,105562906,105560709,2197
40295,105562906,105560709,2197
40296,105627183,105622926,4257
40297,105630008,105629790,218
40298,105630008,105629790,218
40299,105630008,105593275,36733
40300,105627183,105622926,4257
40301,105765296,105761254,4042
40302,106533811,106532431,1380
40303,106641713,106641629,84
40304,106719672,106717471,2201
40305,106723646,106723136,510
40306,106740792,106740308,484
40307,106903976,106903327,649
40308,106903976,106903327,649
40309,107156582,107155247,1335
40310,107127284,107126895,389
40311,107156582,107155247,1335
40312,107156582,107155247,1335
40313,107265251,107264757,494
40314,107283094,107279793,3301
40315,107283094,107268298,14796
40316,107367813,107365169,2644
40317,107367813,107365169,2644
40318,107367813,107365169,2644
40319,107380654,107372492,8162
40320,107380944,107372492,8452
40321,107380944,107372492,8452
40322,107372492,107372492,0
40323,107378993,107372492,6501
40324,107487635,107486739,896
40325,108029167,108029166,1
40326,108044672,108043084,1588
40327,108053419,108051495,1924
40328,108053419,108051495,1924
40329,108053419,108051495,1924
40330,108106257,108105997,260
40331,108154914,108154292,622
40332,108170421,108169514,907
40333,108644313,108642120,2193
40334,108644313,108642120,2193
40335,108644313,108642120,2193
40336,108714439,108687368,27071
40337,108733094,108687368,45726
40338,108733094,108686733,46361
40339,108733094,108687368,45726
40340,108686733,108686733,0
40341,108913380,108913252,128
40342,108935773,108930313,5460
40343,108955165,108954930,235
40344,108955165,108931877,23288
40345,108955165,108954930,235
40346,108942990,108942906,84
40347,108955165,108954930,235
40348,108955176,108954930,246
40349,108961684,108961091,593
40350,108963117,108961480,1637
40351,108963160,108962692,468
40352,108963160,108962692,468
40353,108963160,108961480,1680
40354,108963160,108961748,1412
40355,108991894,108986159,5735
40356,108986159,108986159,0
40357,109025854,109025677,177
40358,109027670,109018083,9587
40359,109027670,109018083,9587
40360,109018083,109018083,0
40361,109096774,109096725,49
40362,109124619,109095094,29525
40363,109125326,109095094,30232
40364,109125326,109095094,30232
40365,109198960,109198896,64
40366,109251359,109251272,87
40367,109221327,109221181,146
40368,109251359,109251272,87
40369,109211152,109210995,157
40370,109277547,109277497,50
40371,109294710,109294311,399
40372,109294710,109294311,399
40373,109458845,109458673,172
40374,109525831,109523736,2095
40375,109525831,109523736,2095
40376,109525831,109523736,2095
40377,109531293,109530591,702
40378,109531293,109530591,702
40379,109531293,109530591,702
40380,109531293,109530591,702
40381,109531293,109530591,702
40382,109548798,109547774,1024
40383,109548798,109547774,1024
40384,109706030,109704167,1863
40385,109706030,109704167,1863
40386,109706030,109704167,1863
40387,109728091,109724536,3555
40388,109747025,109746126,899
40389,109747025,109724605,22420
40390,109886176,109884987,1189
40391,109886176,109884987,1189
40392,109907533,109907527,6
40393,109915155,109915067,88
40394,109915155,109907560,7595
40395,109915155,109894102,21053
40396,109928527,109928399,128
40397,109928527,109928399,128
40398,109928527,109928399,128
40399,109964221,109964219,2
40400,109974510,109972587,1923
40401,109974510,109972587,1923
40402,109974510,109972587,1923
40403,109974510,109972587,1923
40404,109972876,109971869,1007
40405,110011358,110011285,73
40406,110011358,110004832,6526
40407,110035071,110034382,689
40408,110035071,110034382,689
40409,110035071,110034382,689
40410,110035071,110034382,689
40411,110032986,110032985,1
40412,110208312,110207093,1219
40413,110252601,110252601,0
40414,110252632,110252601,31
40415,110252632,110252601,31
40416,110252632,110252601,31
40417,110252696,110252601,95
40418,110271212,110252601,18611
40419,110318293,110318179,114
40420,110355874,110354428,1446
40421,110355874,110354428,1446
40422,110434194,110434029,165
40423,110434194,110434029,165
40424,110434194,110434029,165
40425,110434194,110434029,165
40426,110434194,110434029,165
40427,110434194,110427607,6587
40428,110434194,110434029,165
40429,110434194,110434029,165
40430,110460255,110458964,1291
40431,110477235,110475359,1876
40432,110477235,110475359,1876
40433,110477235,110475359,1876
40434,110477235,110475359,1876
40435,110477235,110474118,3117
40436,110486326,110486300,26
40437,110486326,110486300,26
40438,110505500,110503679,1821
40439,110511439,110496889,14550
40440,110511439,110511233,206
40441,110606250,110605783,467
40442,110656600,110656031,569
40443,110656600,110656031,569
40444,110788897,110788110,787
40445,110788897,110784275,4622
40446,110788897,110784275,4622
40447,110788897,110784275,4622
40448,110841535,110841534,1
40449,110841535,110841534,1
40450,110888158,110888065,93
40451,110906089,110906008,81
40452,110906089,110906008,81
40453,110906526,110906441,85
40454,110924979,110924535,444
40455,110924979,110924535,444
40456,110928192,110927942,250
40457,110939916,110939856,60
40458,110939916,110939856,60
40459,110939930,110939856,74
40460,110969891,110969434,457
40461,110969891,110968458,1433
40462,110969891,110969486,405
40463,110969891,110968458,1433
40464,110969891,110968458,1433
40465,111021064,111020836,228
40466,111068062,111066837,1225
40467,111086935,111085697,1238
40468,111086935,111085697,1238
40469,111086935,111085697,1238
40470,111086935,111085697,1238
40471,111068062,111066837,1225
40472,111086935,111085697,1238
40473,111127222,111121050,6172
40474,111126962,111121050,5912
40475,111127617,111121050,6567
40476,111127617,111099214,28403
40477,111180783,111180512,271
40478,111180783,111180512,271
40479,111319100,111319023,77
40480,111345338,111345280,58
40481,111345338,111345280,58
40482,111345338,111345280,58
40483,111357005,111356943,62
40484,111358404,111358333,71
40485,111788358,111786129,2229
40486,111733213,111733212,1
40487,111801516,111801481,35
40488,111806925,111803370,3555
40489,111806925,111801231,5694
40490,111806925,111801231,5694
40491,111801231,111801231,0
40492,111889427,111886106,3321
40493,111889427,111886106,3321
40494,111889427,111886106,3321
40495,111889427,111886106,3321
40496,112037477,111991994,45483
40497,112037477,111991994,45483
40498,112037480,112037318,162
40499,111908645,111908601,44
40500,112036294,111991994,44300
40501,112119639,112119460,179
40502,112123524,112121103,2421
40503,112123790,112123596,194
40504,112148121,112147509,612
40505,112159794,112159482,312
40506,112186936,112186843,93
40507,112194911,112194277,634
40508,112194911,112194277,634
40509,112159794,112159547,247
40510,112247789,112247379,410
40511,112247789,112247379,410
40512,112331228,112330865,363
40513,112331228,112330865,363
40514,112339706,112339327,379
40515,112451023,112443074,7949
40516,112451023,112443074,7949
40517,112451023,112381107,69916
40518,112451023,112381107,69916
40519,112451023,112443074,7949
40520,112461024,112460456,568
40521,112461024,112459971,1053
40522,112546635,112546577,58
40523,112546635,112530914,15721
40524,112546635,112546577,58
40525,112579295,112579057,238
40526,112591408,112590595,813
40527,112591408,112590595,813
40528,112819896,112757291,62605
40529,112666062,112666005,57
40530,112711599,112711573,26
40531,112711599,112711573,26
40532,112819896,112757291,62605
40533,112847443,112846460,983
40534,112847443,112846460,983
40535,112847443,112846460,983
40536,112924727,112924437,290
40537,112947717,112942568,5149
40538,113336684,113334585,2099
40539,113336684,113334585,2099
40540,113336684,113334585,2099
40541,113332464,113332464,0
40542,113336684,113334585,2099
40543,113336684,113334585,2099
40544,113354760,113354580,180
40545,113354760,113354318,442
40546,113355831,113355562,269
40547,113357712,113357498,214
40548,113357712,113357358,354
40549,113369990,113369727,263
40550,113380100,113379731,369
40551,113383122,113382492,630
40552,113411054,113407778,3276
40553,113426610,113425184,1426
40554,113448503,113447060,1443
40555,113449528,113448289,1239
40556,113535833,113534744,1089
40557,113573404,113573267,137
40558,113573559,113573267,292
40559,113574044,113573267,777
40560,113574044,113573267,777
40561,113574044,113573267,777
40562,113573559,113573267,292
40563,113573559,113573267,292
40564,113597081,113595484,1597
40565,113623284,113623256,28
40566,113623284,113623256,28
40567,113630119,113629622,497
40568,113658880,113645971,12909
40569,113736389,113733881,2508
40570,113736389,113733881,2508
40571,113726652,113726190,462
40572,113757130,113754755,2375
40573,113758491,113756784,1707
40574,113772925,113770683,2242
40575,113772925,113770683,2242
40576,113827458,113826431,1027
40577,113827458,113826431,1027
40578,113841692,113837513,4179
40579,113841692,113837513,4179
40580,113876081,113875884,197
40581,113876081,113875884,197
40582,113909877,113909303,574
40583,114404176,114404032,144
40584,114404176,114404032,144
40585,114404176,114404032,144
40586,114843968,114841703,2265
40587,114846247,114841703,4544
40588,114846247,114839722,6525
40589,114841741,114841703,38
40590,115121969,115121005,964
40591,115121969,115121005,964
40592,115121969,115121005,964
40593,116714991,116714936,55
40594,117014425,117014125,300
40595,117014125,117014125,0
40596,117175843,117175705,138
40597,117175843,117175772,71
40598,117291436,117287253,4183
40599,117291436,117290517,919
40600,117291436,117290517,919
40601,117291436,117287253,4183
40602,117319232,117319112,120
40603,117319112,117319112,0
40604,117468953,117465977,2976
40605,117468953,117465977,2976
40606,117537251,117537087,164
40607,117537251,117537087,164
40608,117628300,117628261,39
40609,117628300,117628261,39
40610,117628300,117628261,39
40611,117742857,117725997,16860
40612,117747215,117725997,21218
40613,117799607,117768874,30733
40614,117799607,117768874,30733
40615,118406028,118405973,55
40616,118470042,118469083,959
40617,118470042,118469083,959
40618,118470042,118469083,959
40619,118470042,118469083,959
40620,118490283,118474300,15983
40621,118498951,118498853,98
40622,118498951,118476122,22829
40623,118498951,118498853,98
40624,118541810,118541476,334
40625,118583387,118582751,636
40626,118583390,118582608,782
40627,118628350,118619361,8989
40628,118677077,118673403,3674
40629,118797412,118693372,104040
40630,118810750,118693372,117378
40631,118855840,118852238,3602
40632,119600856,119594603,6253
40633,119632551,119631663,888
40634,119722923,119722612,311
40635,119978852,119978520,332
40636,120079363,120078510,853
40637,120119429,120118130,1299
40638,120119429,120118130,1299
40639,120242282,120221995,20287
40640,120315095,120313972,1123
40641,120315095,120313972,1123
40642,120512390,120512390,0
40643,120532299,120530965,1334
40644,120532299,120530965,1334
40645,120532299,120530965,1334
40646,120554643,120554454,189
40647,120554643,120554454,189
40648,120554643,120535049,19594
40649,120556800,120555304,1496
40650,120632513,120632500,13
40651,120639014,120638586,428
40652,120639014,120638586,428
40653,120639014,120638586,428
40654,120654919,120653855,1064
40655,120664647,120664171,476
40656,120687964,120660759,27205
40657,120703574,120703432,142
40658,120703574,120703432,142
40659,120703574,120703432,142
40660,120751045,120750839,206
40661,120765592,120765556,36
40662,120765592,120765556,36
40663,120806983,120806894,89
40664,120878545,120878340,205
40665,120884215,120884175,40
40666,120901556,120897762,3794
40667,120907558,120907412,146
40668,120907558,120907412,146
40669,120936298,120936013,285
40670,120936298,120936013,285
40671,120936298,120936013,285
40672,120966964,120966944,20
40673,120966964,120966944,20
40674,121015397,121014469,928
40675,121015397,121014469,928
40676,121019201,121019165,36
40677,121019201,121019165,36
40678,121105127,121104703,424
40679,121105127,121104703,424
40680,121105127,121104703,424
40681,121105127,121104703,424
40682,121139667,121134348,5319
40683,121161443,121157835,3608
40684,121176999,121176999,0
40685,121177811,121177251,560
40686,121207941,121206854,1087
40687,121342155,121341670,485
40688,121435685,121435596,89
40689,121435685,121435596,89
40690,121435685,121435596,89
40691,121434969,121434799,170
40692,121435685,121435596,89
40693,121440314,121438995,1319
40694,121440314,121438995,1319
40695,121440314,121438995,1319
40696,121440314,121438995,1319
40697,121454300,121454277,23
40698,121454300,121454277,23
40699,121454300,121450251,4049
40700,121454300,121454277,23
40701,121454300,121454277,23
40702,121477045,121476774,271
40703,121477045,121476774,271
40704,121477045,121476774,271
40705,121624354,121622605,1749
40706,121624354,121622605,1749
40707,121624354,121622605,1749
40708,121624354,121622605,1749
40709,121671909,121671352,557
40710,121671909,121671352,557
40711,121671909,121671352,557
40712,121671909,121671352,557
40713,121671909,121671460,449
40714,121698345,121698278,67
40715,121712388,121712329,59
40716,121734556,121712329,22227
40717,121734556,121712329,22227
40718,121736111,121712329,23782
40719,121736111,121712329,23782
40720,121736111,121712329,23782
40721,121736111,121712329,23782
40722,121736111,121712329,23782
40723,121736111,121712329,23782
40724,121734556,121712329,22227
40725,121768859,121768505,354
40726,121773526,121765030,8496
40727,121773526,121766228,7298
40728,121790265,121790143,122
40729,121792012,121784798,7214
40730,121856543,121855732,811
40731,121862155,121861379,776
40732,121862155,121861379,776
40733,121862155,121861379,776
40734,121882075,121882009,66
40735,121882084,121882009,75
40736,121905103,121905014,89
40737,121905103,121905014,89
40738,121947842,121947789,53
40739,122018364,122017957,407
40740,122018364,122017957,407
40741,122018920,122018816,104
40742,122018920,122012497,6423
40743,122018920,122018816,104
40744,122018920,122018816,104
40745,122079946,122079549,397
40746,122107560,122107389,171
40747,122219974,122213628,6346
40748,122219974,122213002,6972
40749,122231594,122231539,55
40750,122231594,122231539,55
40751,122235736,122235566,170
40752,122261655,122261654,1
40753,122270562,122268145,2417
40754,122296769,122296729,40
40755,122326517,122295314,31203
40756,122355771,122354217,1554
40757,122355771,122354217,1554
40758,122409974,122409518,456
40759,122441832,122441670,162
40760,122499950,122497069,2881
40761,122499950,122497069,2881
40762,122628967,122626359,2608
40763,122618711,122618689,22
40764,122618534,122618533,1
40765,122628967,122626359,2608
40766,122688018,122687989,29
40767,122658746,122658719,27
40768,122688018,122687989,29
40769,122688018,122687989,29
40770,122692084,122691935,149
40771,122692084,122691935,149
40772,122712068,122709215,2853
40773,122712068,122710561,1507
40774,122712068,122710561,1507
40775,122751068,122750955,113
40776,122758717,122758652,65
40777,122907116,122864999,42117
40778,122907116,122864999,42117
40779,122907116,122864999,42117
40780,122848654,122845613,3041
40781,122839103,122839079,24
40782,122879991,122864999,14992
40783,122963080,122962812,268
40784,122967249,122967199,50
40785,122983414,122967199,16215
40786,122983414,122967199,16215
40787,122985543,122985387,156
40788,123007379,122999680,7699
40789,123011560,123005058,6502
40790,123011560,123005972,5588
40791,123011560,123011400,160
40792,123011560,123011400,160
40793,123110947,123110775,172
40794,123110947,123110775,172
40795,123187904,123187830,74
40796,123201439,123201284,155
40797,123215129,123214886,243
40798,123255953,123253625,2328
40799,123311927,123307966,3961
40800,123311927,123307966,3961
40801,123311927,123311016,911
40802,123342447,123341795,652
40803,123334874,123334532,342
40804,123342447,123341795,652
40805,123347507,123346300,1207
40806,123346061,123346061,0
40807,123380712,123380609,103
40808,123451056,123444782,6274
40809,123451056,123444782,6274
40810,123429186,123429138,48
40811,123451056,123444782,6274
40812,123451056,123444782,6274
40813,123451056,123444782,6274
40814,123451056,123435073,15983
40815,123459752,123444782,14970
40816,123444869,123444782,87
40817,123464588,123463893,695
40818,123464588,123463893,695
40819,123464588,123463893,695
40820,123464588,123463893,695
40821,123464588,123463893,695
40822,123464588,123463893,695
40823,123464588,123463893,695
40824,123464588,123463893,695
40825,123463116,123461708,1408
40826,123464588,123463893,695
40827,123464588,123463893,695
40828,123467460,123467223,237
40829,123467460,123467223,237
40830,123467460,123467223,237
40831,123467460,123467133,327
40832,123467460,123467223,237
40833,123467460,123467223,237
40834,123595035,123519137,75898
40835,123635285,123519137,116148
40836,123590046,123519137,70909
40837,123706442,123706334,108
40838,123706442,123679079,27363
40839,123717658,123679079,38579
40840,123742506,123741578,928
40841,123742506,123741578,928
40842,123742506,123741578,928
40843,123752801,123751800,1001
40844,123754781,123751800,2981
40845,123756687,123756165,522
40846,123834988,123834988,0
40847,123834988,123834988,0
40848,123834988,123798239,36749
40849,123799991,123798239,1752
40850,123849388,123834988,14400
40851,123849388,123834988,14400
40852,123849388,123834988,14400
40853,123849388,123834988,14400
40854,123893900,123892250,1650
40855,123921264,123920967,297
40856,123950941,123950828,113
40857,123950941,123950828,113
40858,123950828,123950828,0
40859,124004773,124002935,1838
40860,124018265,124018029,236
40861,124018265,124018029,236
40862,124082688,124081276,1412
40863,124104255,124104020,235
40864,124105482,124104687,795
40865,124102684,124102500,184
40866,124105482,124104687,795
40867,124105482,124104687,795
40868,124118323,124118104,219
40869,124118323,124118104,219
40870,124147151,124144782,2369
40871,124147151,124144782,2369
40872,124147151,124144782,2369
40873,124147151,124144782,2369
40874,124192950,124192260,690
40875,124192950,124192260,690
40876,124222049,124221899,150
40877,124246301,124242579,3722
40878,124420267,124420028,239
40879,124298804,124298208,596
40880,124298804,124298208,596
40881,124420267,124420028,239
40882,124430108,124428023,2085
40883,124457163,124428852,28311
40884,124457163,124428852,28311
40885,124499986,124497477,2509
40886,124499986,124497477,2509
40887,124800570,124799071,1499
40888,124497477,124497477,0
40889,124800570,124799071,1499
40890,124800570,124799071,1499
40891,124824750,124824601,149
40892,125052010,124979797,72213
40893,125052010,124979797,72213
40894,125052010,124979797,72213
40895,124979914,124979797,117
40896,125052010,124979797,72213
40897,125002840,124979797,23043
40898,125348519,125348266,253
40899,125348519,125348266,253
40900,125348519,125348266,253
40901,125348519,125348266,253
40902,125365007,125351555,13452
40903,125348519,125348266,253
40904,125399587,125398317,1270
40905,125399587,125398317,1270
40906,125398320,125398317,3
40907,125399587,125398317,1270
40908,125398317,125398317,0
40909,125399587,125398317,1270
40910,125473667,125473568,99
40911,125437116,125437072,44
40912,125510349,125509976,373
40913,125627871,125626775,1096
40914,125627871,125626759,1112
40915,125627871,125626775,1096
40916,126143589,126139256,4333
40917,126072918,126068627,4291
40918,126143589,126139256,4333
40919,129192460,129190840,1620
40920,129308541,129308488,53
40921,129469509,129467635,1874
40922,129469509,129467635,1874
40923,129570545,129569304,1241
40924,130388212,130387884,328
40925,130650285,130649233,1052
40926,130855925,130855889,36
40927,130856877,130856143,734
40928,131002462,130963558,38904
40929,131200826,130941071,259755
40930,131323819,131323644,175
40931,131323819,131323644,175
40932,131323819,131323644,175
40933,131360826,131360471,355
40934,131360826,131360471,355
40935,131360826,131360471,355
40936,131360826,131360471,355
40937,131626008,131623808,2200
40938,131626008,131623808,2200
40939,131626008,131623808,2200
40940,131602996,131602994,2
40941,131782517,131781544,973
40942,132239044,132239042,2
40943,132284283,132284033,250
40944,132284283,132284033,250
40945,132262875,132262873,2
40946,132336316,132335819,497
40947,132336316,132335819,497
40948,132407707,132405906,1801
40949,132428406,132428131,275
40950,132428406,132428131,275
40951,132428406,132428131,275
40952,132428406,132428131,275
40953,132475259,132475258,1
40954,132479557,132479524,33
40955,132565011,132562218,2793
40956,132565011,132562218,2793
40957,132565011,132562218,2793
40958,132565011,132562202,2809
40959,132589849,132589849,0
40960,132593444,132593299,145
40961,132593444,132593299,145
40962,132593444,132593299,145
40963,132593444,132593299,145
40964,132600084,132599039,1045
40965,132628880,132628841,39
40966,132636986,132636946,40
40967,132690573,132688214,2359
40968,132834425,132834286,139
40969,132863027,132839201,23826
40970,132905905,132905789,116
40971,132905905,132905789,116
40972,133161773,133160364,1409
40973,133131533,133129742,1791
40974,133187037,133182837,4200
40975,133198972,133198558,414
40976,133198972,133198558,414
40977,133198972,133198558,414
40978,133198972,133198558,414
40979,133198972,133198558,414
40980,133198972,133198558,414
40981,133198972,133198095,877
40982,133198972,133198558,414
40983,133218211,133217611,600
40984,133235485,133226469,9016
40985,133263945,133263901,44
40986,133263945,133263901,44
40987,133281577,133281273,304
40988,133295752,133295396,356
40989,133299323,133297414,1909
40990,133299323,133297414,1909
40991,133311275,133306812,4463
40992,133338451,133338384,67
40993,133331719,133331714,5
40994,133405288,133398714,6574
40995,133405288,133398714,6574
40996,133405426,133398714,6712
40997,133464204,133463914,290
40998,133464204,133463914,290
40999,133464204,133463914,290
41000,133464204,133463914,290
41001,133464204,133463914,290
41002,133532892,133522221,10671
41003,133532892,133522221,10671
41004,133532892,133522221,10671
41005,133589154,133588067,1087
41006,133589154,133588067,1087
41007,133589154,133588067,1087
41008,133639885,133635518,4367
41009,133639885,133635518,4367
41010,133639885,133635518,4367
41011,133639885,133635518,4367
41012,133684258,133683237,1021
41013,133684258,133683237,1021
41014,133684258,133683237,1021
41015,133707059,133698504,8555
41016,133698504,133698504,0
41017,133736049,133733554,2495
41018,133780885,133780885,0
41019,133736049,133733554,2495
41020,133780885,133780885,0
41021,133780885,133780885,0
41022,133783697,133778748,4949
41023,133783697,133778748,4949
41024,133783697,133781116,2581
41025,133783697,133778903,4794
41026,133783697,133778903,4794
41027,133783697,133778903,4794
41028,133783697,133778903,4794
41029,133783697,133781116,2581
41030,133783697,133781116,2581
41031,133812422,133810942,1480
41032,19755992,19755887,105
41033,20012615,20012279,336
41034,20110903,20077374,33529
41035,20110903,20077374,33529
41036,20110903,20077374,33529
41037,20110903,20012279,98624
41038,20245258,20245126,132
41039,20247599,20246015,1584
41040,20224422,20224420,2
41041,20357159,20356897,262
41042,20426330,20425552,778
41043,20437776,20426320,11456
41044,20437776,20426320,11456
41045,20437776,20426320,11456
41046,20594095,20593824,271
41047,20665968,20660154,5814
41048,20665968,20660154,5814
41049,20665968,20660154,5814
41050,20665968,20660154,5814
41051,20577275,20577273,2
41052,20665968,20660154,5814
41053,20665968,20660154,5814
41054,20735183,20717427,17756
41055,20717427,20717427,0
41056,20767114,20763720,3394
41057,20763720,20763720,0
41058,20805372,20797619,7753
41059,20806534,20797619,8915
41060,20806534,20797619,8915
41061,20806534,20797619,8915
41062,20806534,20797619,8915
41063,20797619,20797619,0
41064,21100012,21099933,79
41065,21100012,21086664,13348
41066,21100012,21086664,13348
41067,21014043,21013791,252
41068,21265576,21265314,262
41069,21265576,21265314,262
41070,21265576,21265314,262
41071,21265576,21265314,262
41072,21217036,21215550,1486
41073,21206278,21205268,1010
41074,21297237,21296093,1144
41075,21348057,21331737,16320
41076,21348095,21331737,16358
41077,21348095,21306160,41935
41078,21476913,21476877,36
41079,21476913,21436950,39963
41080,21634429,21620165,14264
41081,21635722,21620165,15557
41082,21723224,21721481,1743
41083,21750741,21750616,125
41084,21750741,21750616,125
41085,21750741,21746562,4179
41086,21753220,21751364,1856
41087,21751364,21751364,0
41088,22033508,22033310,198
41089,22033508,21995259,38249
41090,22088568,22088524,44
41091,22178355,22178287,68
41092,22278640,22275574,3066
41093,23899304,23898680,624
41094,23899304,23898680,624
41095,23899304,23898680,624
41096,23949682,23939320,10362
41097,24007867,23985378,22489
41098,23930146,23930111,35
41099,23942626,23939320,3306
41100,24250244,24247519,2725
41101,24250244,24247519,2725
41102,24169699,24168482,1217
41103,24243412,24243263,149
41104,24250244,24247519,2725
41105,24463587,24463459,128
41106,24463587,24463459,128
41107,24466242,24466070,172
41108,24466242,24466070,172
41109,24471194,24471016,178
41110,24471641,24471125,516
41111,24471145,24471125,20
41112,24471194,24471125,69
41113,24881212,24876911,4301
41114,24798936,24798915,21
41115,24881212,24876911,4301
41116,24881212,24876911,4301
41117,24876954,24876952,2
41118,24881212,24876911,4301
41119,24881212,24876911,4301
41120,24881212,24876911,4301
41121,24881212,24876911,4301
41122,24881212,24877027,4185
41123,24876597,24874699,1898
41124,24896669,24895906,763
41125,25086948,25077914,9034
41126,25086948,25077914,9034
41127,25285923,25285660,263
41128,25285923,25285660,263
41129,25370433,25368402,2031
41130,25435525,25435525,0
41131,25454058,25453423,635
41132,25454058,25453423,635
41133,25454058,25453423,635
41134,25454058,25453423,635
41135,25454058,25453423,635
41136,25497027,25487163,9864
41137,25478196,25473649,4547
41138,25542607,25542468,139
41139,25672704,25672232,472
41140,25745857,25745757,100
41141,25745857,25745757,100
41142,25746305,25745757,548
41143,25861704,25861385,319
41144,25861704,25861385,319
41145,25834825,25834819,6
41146,25910478,25905719,4759
41147,25916561,25914272,2289
41148,25916561,25914272,2289
41149,26595420,26594123,1297
41150,26595420,26594123,1297
41151,26145915,26145875,40
41152,26501421,26501383,38
41153,26625198,26625113,85
41154,26796508,26793786,2722
41155,26795894,26793786,2108
41156,26796028,26793786,2242
41157,26796508,26793786,2722
41158,26796028,26789654,6374
41159,26978569,26978218,351
41160,26978569,26978218,351
41161,26978569,26978218,351
41162,27263082,27259982,3100
41163,27263082,27259982,3100
41164,27334922,27333964,958
41165,27334922,27333487,1435
41166,27333964,27333964,0
41167,27746033,27745776,257
41168,27830471,27830471,0
41169,27830702,27830662,40
41170,27847827,27847631,196
41171,28009846,28009734,112
41172,28015809,28014585,1224
41173,28024326,28014585,9741
41174,28024334,28014585,9749
41175,28024739,28014585,10154
41176,28024739,28014585,10154
41177,28024739,28014585,10154
41178,28194720,28155840,38880
41179,28195244,28155840,39404
41180,28241559,28240090,1469
41181,28197590,28197387,203
41182,28241559,28240090,1469
41183,28368089,28368085,4
41184,28500451,28498838,1613
41185,28543505,28543143,362
41186,28562774,28562774,0
41187,28674729,28674647,82
41188,28674729,28674647,82
41189,28713311,28713040,271
41190,28846450,28846223,227
41191,28869475,28866659,2816
41192,28869475,28866659,2816
41193,28869475,28866659,2816
41194,28896770,28896464,306
41195,28903992,28903833,159
41196,28920426,28919590,836
41197,29069265,29068980,285
41198,29069265,29068980,285
41199,29069265,29068980,285
41200,28980031,28971205,8826
41201,29069265,29068980,285
41202,29069265,29068980,285
41203,29253093,29252239,854
41204,29289110,29287651,1459
41205,29293105,29292135,970
41206,29293150,29292135,1015
41207,29293150,29292135,1015
41208,30080084,30077343,2741
41209,30080084,30077343,2741
41210,30080084,30077343,2741
41211,30080084,30077343,2741
41212,30169825,30110325,59500
41213,30424820,30423675,1145
41214,30881191,30857914,23277
41215,30881624,30857914,23710
41216,31038384,31037817,567
41217,31040081,31037817,2264
41218,31040081,31037771,2310
41219,31191510,31037817,153693
41220,31040081,31037817,2264
41221,31226094,31221198,4896
41222,31233686,31233493,193
41223,31233686,31233493,193
41224,31233686,31233493,193
41225,31338565,31338243,322
41226,31338565,31338243,322
41227,31499709,31498572,1137
41228,31549153,31549044,109
41229,31736117,31735719,398
41230,31736117,31735719,398
41231,31736117,31735719,398
41232,31736502,31736231,271
41233,31736502,31736231,271
41234,31736502,31736231,271
41235,31736502,31736231,271
41236,31906411,31903805,2606
41237,32377009,32376542,467
41238,32377009,32376542,467
41239,32527609,32527118,491
41240,32870776,32869597,1179
41241,32870776,32869597,1179
41242,32870776,32869597,1179
41243,32870776,32869597,1179
41244,32886091,32886062,29
41245,32907524,32907523,1
41246,32973809,32972907,902
41247,32936830,32936796,34
41248,33002315,33002219,96
41249,33002315,33002219,96
41250,33002315,33002219,96
41251,33054774,33020554,34220
41252,33064277,33054753,9524
41253,33064277,33018166,46111
41254,33101669,33096339,5330
41255,33112936,33111164,1772
41256,33112936,33101646,11290
41257,33112932,33111164,1768
41258,33226715,33226201,514
41259,33265405,33262827,2578
41260,33352158,33349190,2968
41261,33265405,33262827,2578
41262,33635917,33634816,1101
41263,33640282,33638323,1959
41264,33760216,33760159,57
41265,33780187,33716479,63708
41266,33859901,33859775,126
41267,34250932,34098404,152528
41268,33760216,33760159,57
41269,33780187,33716479,63708
41270,33924767,33924550,217
41271,34410019,34409393,626
41272,34411644,34410432,1212
41273,34540695,34540262,433
41274,36246874,36245128,1746
41275,36246874,36245128,1746
41276,36246874,36245128,1746
41277,36226013,36226012,1
41278,36515382,36050275,465107
41279,36246874,36245128,1746
41280,36202385,36202385,0
41281,36246874,36245128,1746
41282,36429998,36429665,333
41283,36429998,36429665,333
41284,36429998,36429665,333
41285,36705514,36700274,5240
41286,36429998,36429665,333
41287,36788752,36788663,89
41288,36871992,36857743,14249
41289,36871992,36871856,136
41290,36871992,36857614,14378
41291,36871992,36857614,14378
41292,36871992,36857743,14249
41293,36871992,36871856,136
41294,36871992,36857614,14378
41295,36871992,36857614,14378
41296,36871992,36871856,136
41297,36909969,36909967,2
41298,36920646,36909967,10679
41299,36920646,36909967,10679
41300,36920934,36909967,10967
41301,36944317,36909967,34350
41302,36920646,36909967,10679
41303,37017019,37016802,217
41304,37017019,37016802,217
41305,37017019,37016802,217
41306,37017019,37016802,217
41307,37017019,37016802,217
41308,37271975,37269539,2436
41309,37269539,37269539,0
41310,37403740,37401890,1850
41311,37454012,37446954,7058
41312,37494409,37453826,40583
41313,37494409,37453826,40583
41314,37573504,37573437,67
41315,37573504,37573437,67
41316,37583751,37583436,315
41317,37597106,37596269,837
41318,37599084,37598214,870
41319,37600373,37599519,854
41320,37633569,37625627,7942
41321,37633850,37625627,8223
41322,37633850,37625627,8223
41323,37633850,37625627,8223
41324,37633850,37625627,8223
41325,37633850,37625627,8223
41326,37633850,37625627,8223
41327,37625720,37625627,93
41328,37679801,37679393,408
41329,38154834,38154810,24
41330,38172981,38172863,118
41331,38172981,38172863,118
41332,38172981,38172863,118
41333,38172981,38172863,118
41334,38172981,38172863,118
41335,38172981,38172863,118
41336,38172981,38172863,118
41337,38183563,38166264,17299
41338,38357497,38248478,109019
41339,38443939,38357470,86469
41340,38443939,38357470,86469
41341,38443939,38357470,86469
41342,38443939,38357470,86469
41343,38443939,38357470,86469
41344,38443939,38357470,86469
41345,38934332,38933523,809
41346,38934969,38934203,766
41347,38937143,38934915,2228
41348,39461267,39454924,6343
41349,39439063,39438764,299
41350,39564996,39554213,10783
41351,39564996,39564858,138
41352,39612213,39611379,834
41353,39624244,39622063,2181
41354,39624244,39622063,2181
41355,39624244,39622063,2181
41356,40177356,40175353,2003
41357,40326765,40325230,1535
41358,40326765,40325230,1535
41359,40365802,40362493,3309
41360,41185264,41185232,32
41361,41240734,41240349,385
41362,41240779,41240349,430
41363,41345347,41345272,75
41364,41386596,41383803,2793
41365,41386596,41383803,2793
41366,41556418,41556190,228
41367,41556418,41525504,30914
41368,41593508,41556190,37318
41369,41658139,41657050,1089
41370,41658139,41657050,1089
41371,41706936,41706647,289
41372,41768702,41768393,309
41373,41837620,41835043,2577
41374,41837713,41835043,2670
41375,41837713,41828679,9034
41376,41837742,41837441,301
41377,41835506,41835043,463
41378,41932854,41932642,212
41379,41932854,41929308,3546
41380,41951166,41949738,1428
41381,42045013,42044621,392
41382,42535221,42535151,70
41383,42535221,42535151,70
41384,42803891,42803287,604
41385,42803891,42803324,567
41386,42803891,42803287,604
41387,42803420,42803287,133
41388,42803891,42803324,567
41389,42803891,42803324,567
41390,42817026,42813778,3248
41391,42897403,42893364,4039
41392,43182149,43181054,1095
41393,43182149,43181054,1095
41394,43365685,43362926,2759
41395,43365685,43362926,2759
41396,43566407,43566301,106
41397,43566407,43566301,106
41398,43683306,43681384,1922
41399,44203613,43987050,216563
41400,44361116,43987050,374066
41401,44361116,43987050,374066
41402,43935213,43934014,1199
41403,44453826,44443512,10314
41404,44449063,44443512,5551
41405,44468068,44464409,3659
41406,44468068,44464409,3659
41407,44971850,44971448,402
41408,45011060,45010764,296
41409,45011390,45010182,1208
41410,45048437,45010182,38255
41411,45150701,45150210,491
41412,45150701,45150210,491
41413,45563613,45563571,42
41414,45602404,45602138,266
41415,45604664,45602138,2526
41416,45607743,45602138,5605
41417,45607743,45602138,5605
41418,45858239,45857696,543
41419,45775175,45768702,6473
41420,45768702,45768702,0
41421,45915297,45915204,93
41422,45915297,45914319,978
41423,45915297,45915204,93
41424,45992516,45985560,6956
41425,45992516,45980099,12417
41426,45992516,45983120,9396
41427,45992516,45980099,12417
41428,45978547,45976466,2081
41429,46068071,46067629,442
41430,46110833,46108866,1967
41431,46110833,46108866,1967
41432,46110833,46108866,1967
41433,46189874,46171140,18734
41434,46189874,46171140,18734
41435,46288693,46288507,186
41436,46288693,46288507,186
41437,46425846,46425764,82
41438,46542163,46541711,452
41439,46619648,46619642,6
41440,46626894,46619642,7252
41441,46626881,46619642,7239
41442,46679211,46679144,67
41443,46679211,46679144,67
41444,46717015,46716935,80
41445,46719354,46718620,734
41446,46742699,46733797,8902
41447,46756459,46733797,22662
41448,46841076,46841075,1
41449,46925160,46924385,775
41450,46961635,46946610,15025
41451,46961635,46952088,9547
41452,46961635,46952088,9547
41453,46961635,46942357,19278
41454,46961635,46946205,15430
41455,46961635,46946610,15025
41456,46964147,46946610,17537
41457,47012325,46952088,60237
41458,46952842,46946610,6232
41459,47279755,47279610,145
41460,47319036,47315983,3053
41461,47319036,47315983,3053
41462,47327175,47324785,2390
41463,47371367,47365548,5819
41464,47355750,47355705,45
41465,47471211,47470041,1170
41466,47471211,47470968,243
41467,48575110,48571068,4042
41468,48575462,48575405,57
41469,48575462,48562807,12655
41470,48612125,48571068,41057
41471,48615638,48615335,303
41472,48621282,48619935,1347
41473,48669277,48664541,4736
41474,48669277,48669214,63
41475,48836232,48835360,872
41476,49056026,49054207,1819
41477,48951170,48951170,0
41478,48987653,48986559,1094
41479,49001043,48986559,14484
41480,49018840,48986559,32281
41481,49107316,49096075,11241
41482,49107316,49096500,10816
41483,49107316,49089847,17469
41484,49107316,49086009,21307
41485,49110118,49109872,246
41486,49107316,49089847,17469
41487,49283498,49281994,1504
41488,49283498,49281994,1504
41489,49283498,49281994,1504
41490,49283498,49281994,1504
41491,49283498,49281994,1504
41492,49283498,49281994,1504
41493,49283498,49281994,1504
41494,49283498,49281994,1504
41495,49283498,49281994,1504
41496,49281994,49281994,0
41497,49720983,49720075,908
41498,49783915,49781531,2384
41499,49783915,49781531,2384
41500,49765245,49765243,2
41501,49783915,49781531,2384
41502,49796513,49796513,0
41503,49842195,49842194,1
41504,49867622,49866918,704
41505,49867622,49865893,1729
41506,49867622,49865893,1729
41507,49975735,49957046,18689
41508,50018221,49957046,61175
41509,50018221,49957037,61184
41510,50055252,50055251,1
41511,50062766,50062450,316
41512,50069139,50065985,3154
41513,50069139,50065985,3154
41514,50059981,50059930,51
41515,50092970,50092309,661
41516,50095169,50095120,49
41517,50103117,50102801,316
41518,50103117,50102801,316
41519,50159719,50141415,18304
41520,50208008,50205174,2834
41521,50205174,50205174,0
41522,50265623,50265560,63
41523,50265623,50265560,63
41524,50367057,50366642,415
41525,50467516,50467054,462
41526,50510625,50510371,254
41527,50510625,50510371,254
41528,50510625,50510371,254
41529,50592603,50587300,5303
41530,50592603,50587300,5303
41531,50592603,50587300,5303
41532,50592603,50587300,5303
41533,50587300,50587300,0
41534,50595058,50594363,695
41535,50595058,50594590,468
41536,50747751,50746947,804
41537,50964427,50964351,76
41538,51417885,51417782,103
41539,51417885,51417782,103
41540,51530901,51530610,291
41541,51544596,51544100,496
41542,51654998,51603789,51209
41543,51827717,51826409,1308
41544,51858377,51855392,2985
41545,51858377,51855392,2985
41546,51936239,51936133,106
41547,51938418,51938418,0
41548,51958827,51957823,1004
41549,52027275,52026622,653
41550,52027275,52026661,614
41551,52027275,51969514,57761
41552,52027275,52026661,614
41553,52325801,52325632,169
41554,52336171,52333905,2266
41555,52378298,52378245,53
41556,52378298,52373795,4503
41557,52378298,52373795,4503
41558,52419286,52412666,6620
41559,52419286,52412611,6675
41560,52440372,52440216,156
41561,52440216,52440216,0
41562,52534146,52532617,1529
41563,52536049,52532617,3432
41564,52585630,52585473,157
41565,52585630,52585473,157
41566,52585630,52585473,157
41567,52585630,52585473,157
41568,52585630,52585473,157
41569,52585630,52585473,157
41570,52585630,52585473,157
41571,52553127,52549259,3868
41572,52607736,52602726,5010
41573,52607736,52605241,2495
41574,52607736,52605241,2495
41575,52605241,52605241,0
41576,52703214,52701618,1596
41577,52731620,52730389,1231
41578,52733670,52730326,3344
41579,52733996,52730326,3670
41580,52980629,52976735,3894
41581,52980629,52976735,3894
41582,52980629,52960205,20424
41583,53024333,53013294,11039
41584,53024763,53024729,34
41585,53039965,53039609,356
41586,53050763,53049276,1487
41587,53050763,53049276,1487
41588,53050763,53049276,1487
41589,53217919,53217590,329
41590,53217919,53217590,329
41591,53217919,53217590,329
41592,53217590,53217590,0
41593,53262433,53261970,463
41594,53262433,53261970,463
41595,53262433,53261970,463
41596,53313947,53313836,111
41597,53313947,53313836,111
41598,53313947,53313917,30
41599,53422775,53422571,204
41600,53422775,53422571,204
41601,53626184,53624433,1751
41602,53626196,53624906,1290
41603,57718073,57717125,948
41604,57724643,57723695,948
41605,57731216,57730268,948
41606,57737787,57736839,948
41607,57744352,57743404,948
41608,58303065,58299428,3637
41609,58303065,58299428,3637
41610,58303065,58299428,3637
41611,60738119,60737900,219
41612,60738119,60737900,219
41613,60738119,60737900,219
41614,60738119,60737900,219
41615,60587343,60584785,2558
41616,60738119,60737900,219
41617,60587343,60584785,2558
41618,61103351,61103351,0
41619,61148013,61141775,6238
41620,61148013,61141775,6238
41621,61148013,61141775,6238
41622,61148013,61141775,6238
41623,61989655,61989291,364
41624,62002079,61989291,12788
41625,67804468,67802572,1896
41626,67804468,67802572,1896
41627,67804468,67802572,1896
41628,67804468,67802572,1896
41629,70682625,70681831,794
41630,70682625,70681831,794
41631,72441330,72440907,423
41632,72441330,72440907,423
41633,72441330,72440907,423
41634,73301938,73301740,198
41635,73321249,73321249,0
41636,73330328,73329354,974
41637,73330328,73329354,974
41638,73330328,73329354,974
41639,73356344,73355970,374
41640,73356344,73355970,374
41641,73548389,73547861,528
41642,73590591,73590057,534
41643,73590591,73590057,534
41644,73651676,73650024,1652
41645,73651676,73650024,1652
41646,74708066,74569159,138907
41647,74708066,74569159,138907
41648,74708394,74569159,139235
41649,74708066,74569159,138907
41650,75814517,75814476,41
41651,75890739,75886886,3853
41652,75890739,75886886,3853
41653,76056250,76055903,347
41654,76056250,76055903,347
41655,76056250,76055903,347
41656,76111991,76111941,50
41657,76111991,76111941,50
41658,76180156,76179948,208
41659,76180156,76179948,208
41660,76434006,76432079,1927
41661,76419515,76419514,1
41662,76434006,76432079,1927
41663,76434006,76432149,1857
41664,76434006,76432079,1927
41665,76419515,76419514,1
41666,76457948,76457238,710
41667,77460540,77460283,257
41668,77460540,77460283,257
41669,77532776,77532120,656
41670,77532776,77532120,656
41671,77576652,77575104,1548
41672,77601331,77595995,5336
41673,77667467,77667412,55
41674,77901177,77900910,267
41675,77901177,77834677,66500
41676,77700677,77700611,66
41677,77675046,77673332,1714
41678,78219398,78218409,989
41679,78219398,78218409,989
41680,78219398,78218409,989
41681,78338377,78337355,1022
41682,78338377,78337355,1022
41683,78338377,78337355,1022
41684,78338377,78337355,1022
41685,78338377,78337355,1022
41686,78338377,78337355,1022
41687,78338377,78337355,1022
41688,78492966,78492708,258
41689,78492966,78492708,258
41690,78493903,78493750,153
41691,78549664,78492708,56956
41692,79177695,79177461,234
41693,79233314,79233255,59
41694,79234700,79194809,39891
41695,79943125,79942895,230
41696,79979923,79979909,14
41697,79979923,79979909,14
41698,79979923,79979909,14
41699,79928894,79928702,192
41700,79979923,79979909,14
41701,80130212,80125255,4957
41702,80130212,80125255,4957
41703,80913794,80911840,1954
41704,80915086,80911840,3246
41705,80911840,80911840,0
41706,84456528,84455642,886
41707,86373483,86370643,2840
41708,86370643,86370643,0
41709,88331870,88330520,1350
41710,88330562,88330520,42
41711,88330520,88330520,0
41712,93519487,93518692,795
41713,94958788,94958512,276
41714,95060273,95055471,4802
41715,94484342,94482867,1475
41716,95131936,95131509,427
41717,95131936,95131509,427
41718,95248511,95248390,121
41719,95286899,95279425,7474
41720,95286899,95279425,7474
41721,95286899,95279425,7474
41722,95364389,95364303,86
41723,95715113,95714975,138
41724,95953687,95953568,119
41725,95953687,95953568,119
41726,95953687,95953568,119
41727,95953687,95953568,119
41728,95953687,95899952,53735
41729,95953687,95899952,53735
41730,95953687,95921676,32011
41731,96232010,96230268,1742
41732,96232010,96230268,1742
41733,96232010,96230268,1742
41734,96251974,96246305,5669
41735,96296960,96294283,2677
41736,96296960,96294283,2677
41737,96397863,96395199,2664
41738,96447243,96443284,3959
41739,96508942,96508579,363
41740,96705736,96705566,170
41741,96547558,96547453,105
41742,96705736,96705566,170
41743,97491816,97485452,6364
41744,97646604,97640013,6591
41745,97646604,97640013,6591
41746,97640013,97640013,0
41747,98046374,98043703,2671
41748,98046374,98043590,2784
41749,98046374,98043703,2671
41750,98046374,98043703,2671
41751,98046374,98043703,2671
41752,98011528,98009993,1535
41753,98120252,98116696,3556
41754,98676550,98674076,2474
41755,98664596,98664595,1
41756,98664596,98664595,1
41757,98664596,98664595,1
41758,98664596,98664595,1
41759,99102023,99100571,1452
41760,98897558,98896963,595
41761,99102023,99100571,1452
41762,98829521,98829490,31
41763,99174341,99174106,235
41764,99229396,99229040,356
41765,99229396,99229040,356
41766,99404929,99404852,77
41767,99378821,99378628,193
41768,99498833,99484004,14829
41769,99499347,99498238,1109
41770,99499347,99498238,1109
41771,99500844,99484004,16840
41772,99502367,99502323,44
41773,99505776,99505671,105
41774,99630338,99630163,175
41775,99630338,99630163,175
41776,99738660,99738605,55
41777,99500844,99484004,16840
41778,99520265,99520250,15
41779,99738660,99738605,55
41780,99578173,99574334,3839
41781,99630338,99630163,175
41782,99738660,99738605,55
41783,100038753,100037589,1164
41784,100038753,100037589,1164
41785,100038753,100037589,1164
41786,100038753,100037589,1164
41787,100038753,100037589,1164
41788,99910840,99908126,2714
41789,99910840,99908126,2714
41790,99908126,99908126,0
41791,99959749,99948399,11350
41792,99948399,99948399,0
41793,100038753,100037589,1164
41794,100004281,100004105,176
41795,100216302,100215012,1290
41796,100216302,100215012,1290
41797,100518661,100518556,105
41798,100530461,100529935,526
41799,100549388,100543667,5721
41800,100624178,100623929,249
41801,100639019,100637936,1083
41802,101182691,101182420,271
41803,101182691,101182420,271
41804,101182691,101182420,271
41805,101186056,101184845,1211
41806,101241046,101184845,56201
41807,101184845,101184845,0
41808,101327103,101322616,4487
41809,101327103,101320994,6109
41810,101327103,101320994,6109
41811,101291062,101289968,1094
41812,101294565,101294497,68
41813,102068813,102051477,17336
41814,102068813,101944661,124152
41815,102068813,102051477,17336
41816,102068843,102051477,17366
41817,102368796,102368004,792
41818,102368796,102368004,792
41819,102373207,102368004,5203
41820,102368796,102368004,792
41821,102568995,102568995,0
41822,103054124,103054028,96
41823,103331523,103330666,857
41824,103346871,103346848,23
41825,103411422,103411282,140
41826,103422620,103421783,837
41827,103426149,103422376,3773
41828,103451404,103451020,384
41829,103451404,103444358,7046
41830,103493888,103492215,1673
41831,103493888,103492215,1673
41832,103469569,103468908,661
41833,103528351,103528253,98
41834,103493888,103492215,1673
41835,103518503,103518273,230
41836,103528351,103528253,98
41837,103524748,103524746,2
41838,103719196,103718599,597
41839,106143383,106142430,953
41840,106143383,106142430,953
41841,106143383,106142430,953
41842,107187388,107187312,76
41843,107220514,107220267,247
41844,107214392,107211851,2541
41845,108519460,108518944,516
41846,108867130,108863616,3514
41847,108867882,108863616,4266
41848,108867882,108863616,4266
41849,108870716,108863616,7100
41850,108867882,108863415,4467
41851,108863616,108863616,0
41852,108886603,108882580,4023
41853,108882580,108882580,0
41854,108960832,108959286,1546
41855,108960832,108959286,1546
41856,109860355,109859184,1171
41857,109860355,109859184,1171
41858,109708405,109707947,458
41859,109780039,109779951,88
41860,110438914,110438400,514
41861,110959496,110959374,122
41862,111165373,111164538,835
41863,111214071,111213866,205
41864,111287876,111286951,925
41865,111292342,111290875,1467
41866,111292342,111290875,1467
41867,111292342,111290875,1467
41868,111292342,111290868,1474
41869,111292342,111290875,1467
41870,111292342,111290875,1467
41871,111358480,111358440,40
41872,111365814,111365387,427
41873,111373421,111372279,1142
41874,111373421,111372279,1142
41875,111373421,111372279,1142
41876,111373421,111372279,1142
41877,111373421,111372279,1142
41878,111372279,111372279,0
41879,111553031,111532457,20574
41880,111567416,111567281,135
41881,111567416,111567281,135
41882,111947542,111944679,2863
41883,111947542,111944679,2863
41884,111947542,111944679,2863
41885,111958081,111955460,2621
41886,111958081,111955460,2621
41887,111958081,111955460,2621
41888,111958081,111955460,2621
41889,111928378,111928082,296
41890,111947542,111944679,2863
41891,111947542,111944679,2863
41892,111996594,111996470,124
41893,112726020,112723148,2872
41894,112764886,112763339,1547
41895,113089009,113088863,146
41896,113242481,113242294,187
41897,113242481,113242294,187
41898,113242481,113242294,187
41899,113242481,113242294,187
41900,113338811,113337694,1117
41901,113541482,113532608,8874
41902,113541482,113536378,5104
41903,113515112,113514756,356
41904,113622952,113622780,172
41905,113752863,113750801,2062
41906,113754053,113751173,2880
41907,113750797,113750795,2
41908,113744496,113744196,300
41909,113754053,113751173,2880
41910,113741770,113741770,0
41911,113771528,113771321,207
41912,113774995,113773322,1673
41913,113774995,113773322,1673
41914,113774995,113773322,1673
41915,113803843,113803831,12
41916,113803843,113803373,470
41917,113826698,113826419,279
41918,113826698,113826419,279
41919,113840346,113839840,506
41920,113862962,113862367,595
41921,113863029,113862948,81
41922,113863029,113862948,81
41923,113863029,113862948,81
41924,113863029,113862948,81
41925,113863029,113862948,81
41926,113919392,113917896,1496
41927,113919392,113917896,1496
41928,113919392,113917896,1496
41929,113919392,113917896,1496
41930,113977741,113976736,1005
41931,113977741,113976736,1005
41932,114018463,114018366,97
41933,114009796,114009743,53
41934,114018463,114018366,97
41935,114103457,114098872,4585
41936,114107839,114107752,87
41937,114145023,114144984,39
41938,114145023,114128559,16464
41939,114188666,114188591,75
41940,114204544,114203853,691
41941,114295788,114294582,1206
41942,114295788,114294582,1206
41943,114288655,114288564,91
41944,114295788,114294582,1206
41945,114295788,114294582,1206
41946,114312513,114312459,54
41947,114312513,114312459,54
41948,114438637,114438336,301
41949,114454062,114454019,43
41950,114470131,114469449,682
41951,114514899,114514876,23
41952,114536714,114535662,1052
41953,114539017,114537538,1479
41954,114567046,114566893,153
41955,114548541,114545860,2681
41956,114843438,114839271,4167
41957,114898095,114897964,131
41958,114898095,114782769,115326
41959,115008823,115007790,1033
41960,115038150,115037918,232
41961,115038150,115037918,232
41962,115038150,115037918,232
41963,115038150,115037918,232
41964,115038150,115037918,232
41965,115049204,115048438,766
41966,115071291,115070392,899
41967,115071291,115070392,899
41968,115071291,115070392,899
41969,115071291,115070507,784
41970,115092803,115091756,1047
41971,115092803,115091756,1047
41972,115092803,115091756,1047
41973,115091756,115091756,0
41974,19378574,19378574,0
41975,19584942,19583088,1854
41976,20020272,20020220,52
41977,20182491,20182075,416
41978,20216528,20216528,0
41979,20249423,20249423,0
41980,20296531,20296531,0
41981,20345371,20345371,0
41982,20389737,20389737,0
41983,20404842,20404761,81
41984,20444724,20444724,0
41985,20483352,20483352,0
41986,20502917,20502917,0
41987,20529142,20529142,0
41988,20586597,20586597,0
41989,20612821,20612821,0
41990,20666532,20666532,0
41991,20692861,20692861,0
41992,20711925,20711925,0
41993,20774153,20774096,57
41994,20774153,20767574,6579
41995,20797532,20784682,12850
41996,20801169,20784682,16487
41997,20801471,20784682,16789
41998,20801471,20784682,16789
41999,20801471,20784682,16789
42000,20825553,20825338,215
42001,20826062,20825683,379
42002,20826063,20825956,107
42003,20826063,20825956,107
42004,20850515,20848410,2105
42005,20859926,20859904,22
42006,20881579,20876598,4981
42007,20881579,20876598,4981
42008,20903801,20898834,4967
42009,20923267,20922842,425
42010,20925931,20925667,264
42011,20925931,20925667,264
42012,20925931,20925667,264
42013,20925931,20925667,264
42014,20929637,20929484,153
42015,20929637,20929484,153
42016,20941359,20940728,631
42017,20943322,20942791,531
42018,20946165,20944760,1405
42019,20946165,20944760,1405
42020,20979281,20979281,0
42021,20979314,20979281,33
42022,21025228,21025228,0
42023,21029090,21026774,2316
42024,21029090,21025228,3862
42025,21029090,21026699,2391
42026,21029090,21026774,2316
42027,21029090,21026699,2391
42028,21029090,21025228,3862
42029,21029090,21025228,3862
42030,21029090,21025228,3862
42031,21052633,21052633,0
42032,21055884,21052633,3251
42033,21056147,21052633,3514
42034,21056152,21052633,3519
42035,21058417,21052633,5784
42036,21058982,21058882,100
42037,21109850,21109850,0
42038,21162167,21162167,0
42039,21162345,21162167,178
42040,21162345,21162167,178
42041,21167974,21167974,0
42042,21168758,21167974,784
42043,21168758,21167974,784
42044,21216183,21216183,0
42045,21216539,21216183,356
42046,21238753,21238753,0
42047,21239107,21238753,354
42048,21250311,21250311,0
42049,21250626,21250311,315
42050,21270227,21270227,0
42051,21270558,21270227,331
42052,21271036,21270227,809
42053,21271036,21270227,809
42054,21271036,21270227,809
42055,21360328,21360328,0
42056,21360507,21360328,179
42057,21388335,21388280,55
42058,21424416,21424416,0
42059,21424594,21424416,178
42060,21424594,21424416,178
42061,21461275,21460363,912
42062,21465189,21465049,140
42063,21465194,21465049,145
42064,21465194,21465042,152
42065,21470034,21469738,296
42066,21470034,21468291,1743
42067,21490979,21490303,676
42068,21491480,21491474,6
42069,21493185,21491474,1711
42070,21493198,21491474,1724
42071,21493264,21490610,2654
42072,21493264,21491474,1790
42073,21493264,21491474,1790
42074,21493264,21491474,1790
42075,21493264,21491474,1790
42076,21493663,21491474,2189
42077,21493935,21491474,2461
42078,21493935,21491474,2461
42079,21493935,21491474,2461
42080,21493935,21491474,2461
42081,21493935,21491474,2461
42082,21500332,21500236,96
42083,21502447,21502447,0
42084,21502944,21502447,497
42085,21511622,21511622,0
42086,21512392,21511622,770
42087,21526516,21526516,0
42088,21539031,21539010,21
42089,21543712,21543711,1
42090,21555065,21554042,1023
42091,21558036,21557030,1006
42092,21558036,21557030,1006
42093,21566808,21561750,5058
42094,21567173,21561750,5423
42095,21571883,21571417,466
42096,21572863,21561750,11113
42097,21624184,21624184,0
42098,21698532,21681275,17257
42099,21737638,21702352,35286
42100,21737638,21702352,35286
42101,21737638,21702352,35286
42102,21737638,21702352,35286
42103,21737638,21702352,35286
42104,21737638,21702352,35286
42105,21737638,21702352,35286
42106,21737638,21702352,35286
42107,21793229,21793228,1
42108,21819460,21819375,85
42109,21819460,21819375,85
42110,21819460,21819375,85
42111,21819460,21819375,85
42112,21819460,21819375,85
42113,21819460,21819375,85
42114,21819460,21819375,85
42115,21852425,21852086,339
42116,21852425,21852086,339
42117,21878147,21876689,1458
42118,21899867,21899802,65
42119,21905457,21899975,5482
42120,21944832,21943073,1759
42121,21945132,21943060,2072
42122,21945132,21945031,101
42123,21964371,21963555,816
42124,21967319,21964764,2555
42125,21967319,21964764,2555
42126,21967319,21964764,2555
42127,21971972,21971573,399
42128,21979457,21979365,92
42129,21979457,21979365,92
42130,21979457,21979365,92
42131,21994362,21994261,101
42132,21994362,21994261,101
42133,21994362,21994261,101
42134,22005337,22005055,282
42135,22005337,22005055,282
42136,22005337,22005055,282
42137,22038875,22038875,0
42138,22090721,22090721,0
42139,22102998,22102998,0
42140,22111806,22111804,2
42141,22134238,22134238,0
42142,22181065,22181064,1
42143,22192568,22192567,1
42144,22205261,22205260,1
42145,22217986,22217985,1
42146,22217986,22217985,1
42147,22237313,22237313,0
42148,22266052,22266050,2
42149,22309955,22309955,0
42150,22315399,22315398,1
42151,22315399,22315398,1
42152,22321182,22321181,1
42153,22324296,22322697,1599
42154,22356684,22356684,0
42155,22386929,22386927,2
42156,22392826,22392825,1
42157,22409852,22409852,0
42158,22434291,22434289,2
42159,22447356,22447356,0
42160,22467094,22466466,628
42161,22470828,22470828,0
42162,22476413,22476143,270
42163,22509396,22509395,1
42164,22534581,22534580,1
42165,22539467,22539467,0
42166,22574957,22574194,763
42167,22580985,22580984,1
42168,22592252,22592251,1
42169,22631772,22631771,1
42170,22636879,22636877,2
42171,22676029,22676027,2
42172,22690367,22690365,2
42173,22733726,22733725,1
42174,22740442,22740441,1
42175,22745911,22745910,1
42176,22772438,22772437,1
42177,22783343,22783343,0
42178,22789122,22789120,2
42179,22892033,22892033,0
42180,22901726,22887717,14009
42181,22932202,22932201,1
42182,22932829,22932258,571
42183,22932829,22932258,571
42184,22933636,22932836,800
42185,22933716,22933314,402
42186,22934912,22933314,1598
42187,22934912,22933314,1598
42188,22938658,22938606,52
42189,22947923,22947879,44
42190,22952058,22952057,1
42191,22952058,22952022,36
42192,22952058,22952057,1
42193,22962976,22962932,44
42194,22981890,22981890,0
42195,22989456,22989455,1
42196,23000088,23000086,2
42197,23016719,22951323,65396
42198,23016719,23016718,1
42199,23016719,22998635,18084
42200,23016719,22946722,69997
42201,23016719,23016718,1
42202,23016719,23016718,1
42203,23016719,23016462,257
42204,23016719,23016718,1
42205,23016719,23016718,1
42206,23016719,23016718,1
42207,23016719,23016718,1
42208,23016719,23016718,1
42209,23016719,23016718,1
42210,23016719,23016718,1
42211,23016719,23016718,1
42212,23019608,23019607,1
42213,23019608,23019607,1
42214,23019608,23019607,1
42215,23019608,23019607,1
42216,23019608,23019607,1
42217,23019608,23019607,1
42218,23019608,23019607,1
42219,23019608,23019607,1
42220,23019608,23019607,1
42221,23019608,23019607,1
42222,23019608,23019607,1
42223,23019608,23019607,1
42224,23019608,23019607,1
42225,23021097,23019607,1490
42226,23021097,23019607,1490
42227,23021097,23019607,1490
42228,23021097,23019607,1490
42229,23021097,23019607,1490
42230,23021097,23019607,1490
42231,23021097,23019607,1490
42232,23021097,23019607,1490
42233,23021097,23019607,1490
42234,23021097,23019607,1490
42235,23021097,23019607,1490
42236,23021097,23019607,1490
42237,23021097,23019607,1490
42238,23021097,23019607,1490
42239,23021097,23019607,1490
42240,23021097,23019607,1490
42241,23021097,23019607,1490
42242,23021097,23019607,1490
42243,23021097,23019607,1490
42244,23021097,23019607,1490
42245,23021097,23019607,1490
42246,23021097,23019607,1490
42247,23021097,23019607,1490
42248,23021097,23019607,1490
42249,23058143,23058063,80
42250,23073161,23072671,490
42251,23078816,23078655,161
42252,23081265,23079854,1411
42253,23237831,23237427,404
42254,23240998,23240767,231
42255,23240998,23240767,231
42256,23284618,23282607,2011
42257,23285107,23282607,2500
42258,23285676,23282607,3069
42259,23289020,23282607,6413
42260,23289020,23282607,6413
42261,23304246,23303530,716
42262,23304246,23303530,716
42263,23304246,23303530,716
42264,23304246,23303530,716
42265,23304246,23303530,716
42266,23304246,23303487,759
42267,23316803,23315248,1555
42268,23347291,23346736,555
42269,23349586,23348410,1176
42270,23356052,23355453,599
42271,23356889,23356118,771
42272,23388396,23380602,7794
42273,23388396,23380602,7794
42274,23388396,23380602,7794
42275,23388396,23374607,13789
42276,23388396,23374197,14199
42277,23388396,23380602,7794
42278,23398661,23398570,91
42279,23398661,23398434,227
42280,23398661,23396866,1795
42281,23398661,23398570,91
42282,23398661,23398434,227
42283,23398661,23398434,227
42284,23426351,23424363,1988
42285,23426351,23424363,1988
42286,23426351,23424363,1988
42287,23426351,23420856,5495
42288,23426357,23424363,1994
42289,23446432,23444301,2131
42290,23451848,23451475,373
42291,23469342,23468232,1110
42292,23470246,23467692,2554
42293,23479360,23468232,11128
42294,23479360,23468232,11128
42295,23479360,23468232,11128
42296,23479360,23468232,11128
42297,23479360,23467692,11668
42298,23504354,23504090,264
42299,23504354,23504090,264
42300,23504429,23502772,1657
42301,23513269,23512337,932
42302,23526747,23524942,1805
42303,23526747,23524942,1805
42304,23526747,23524942,1805
42305,23540747,23540356,391
42306,23540779,23540356,423
42307,23540779,23540751,28
42308,23550018,23549763,255
42309,23564823,23564495,328
42310,23564823,23564495,328
42311,23564823,23564495,328
42312,23567290,23567290,0
42313,23569665,23567290,2375
42314,23574177,23574129,48
42315,23588820,23588300,520
42316,23599352,23598972,380
42317,23623659,23612312,11347
42318,23623659,23612403,11256
42319,23624667,23624567,100
42320,23652869,23652123,746
42321,23652869,23652123,746
42322,23755309,23755161,148
42323,23768747,23762785,5962
42324,23772057,23771785,272
42325,23780968,23778174,2794
42326,23780968,23778174,2794
42327,23780968,23778174,2794
42328,23794545,23793508,1037
42329,23795394,23794495,899
42330,23795394,23794495,899
42331,23821660,23821423,237
42332,23821660,23817752,3908
42333,23821785,23821423,362
42334,23822080,23821423,657
42335,23834842,23834234,608
42336,23834842,23834234,608
42337,23834842,23834234,608
42338,23845612,23845089,523
42339,23845612,23845089,523
42340,23848981,23848696,285
42341,23848981,23848696,285
42342,23848981,23848696,285
42343,23848981,23848696,285
42344,23848981,23848696,285
42345,23877486,23876432,1054
42346,23877486,23876432,1054
42347,23904870,23902941,1929
42348,23947402,23947235,167
42349,23947402,23946777,625
42350,23996011,23996006,5
42351,24000930,24000918,12
42352,24020858,24004534,16324
42353,24028790,24028049,741
42354,24028790,24028049,741
42355,24028790,24028049,741
42356,24028790,24028049,741
42357,24028790,24027939,851
42358,24028790,24027939,851
42359,24028790,24028049,741
42360,24036723,24035570,1153
42361,24036723,24035570,1153
42362,24037267,24036523,744
42363,24037279,24036523,756
42364,24037279,24033013,4266
42365,24037279,24035570,1709
42366,24042210,24042187,23
42367,24048009,24046662,1347
42368,24048009,24046662,1347
42369,24048009,24046662,1347
42370,24112428,24110901,1527
42371,24114848,24114462,386
42372,24114848,24114511,337
42373,24423392,24423188,204
42374,24423392,24423188,204
42375,24437332,24436479,853
42376,24438488,24438080,408
42377,24438488,24438080,408
42378,24438488,24438080,408
42379,24453532,24439538,13994
42380,24459899,24439538,20361
42381,24473963,24473579,384
42382,24475617,24475209,408
42383,24475617,24475145,472
42384,24475617,24475209,408
42385,24475617,24473579,2038
42386,24475617,24473579,2038
42387,24475617,24475209,408
42388,24475617,24473579,2038
42389,24475617,24473579,2038
42390,24475617,24475209,408
42391,24518020,24518020,0
42392,24520586,24520177,409
42393,24520586,24520177,409
42394,24538937,24538613,324
42395,24538937,24538613,324
42396,24547296,24546939,357
42397,24547296,24546939,357
42398,24547296,24546939,357
42399,24551155,24551079,76
42400,24553832,24552057,1775
42401,24564339,24552057,12282
42402,24569512,24569228,284
42403,24569512,24568825,687
42404,24569770,24569514,256
42405,24573339,24573173,166
42406,24573339,24573173,166
42407,24573339,24573173,166
42408,24573339,24573173,166
42409,24584223,24552057,32166
42410,24594451,24592518,1933
42411,24594451,24592518,1933
42412,24594451,24592518,1933
42413,24594451,24592518,1933
42414,24594451,24592518,1933
42415,24594451,24592518,1933
42416,24594451,24592518,1933
42417,24594451,24592518,1933
42418,24602058,24602032,26
42419,24606377,24605711,666
42420,24608176,24608025,151
42421,24608176,24607853,323
42422,24610797,24610513,284
42423,24615855,24615790,65
42424,24630547,24629782,765
42425,24630547,24629782,765
42426,24630547,24629782,765
42427,24630547,24629782,765
42428,24630547,24629782,765
42429,24635774,24635405,369
42430,24635774,24635405,369
42431,24649463,24649301,162
42432,24649463,24649301,162
42433,24653969,24653925,44
42434,24658075,24655379,2696
42435,24659014,24656785,2229
42436,24659014,24656785,2229
42437,24659014,24657993,1021
42438,24659859,24657993,1866
42439,24664882,24663964,918
42440,24664882,24664225,657
42441,24664882,24664225,657
42442,24677454,24677352,102
42443,24677454,24677352,102
42444,24677454,24677352,102
42445,24677454,24677352,102
42446,24683357,24682723,634
42447,24683357,24682774,583
42448,24685276,24682723,2553
42449,24685276,24685161,115
42450,24685276,24685161,115
42451,24685276,24685161,115
42452,24685276,24685161,115
42453,24701576,24701473,103
42454,24701576,24701473,103
42455,24703039,24702951,88
42456,24708445,24707984,461
42457,24708445,24707984,461
42458,24708445,24707984,461
42459,24708447,24707984,463
42460,24708447,24707984,463
42461,24708447,24707984,463
42462,24708447,24707984,463
42463,24708447,24707984,463
42464,24708447,24707984,463
42465,24711200,24710301,899
42466,24711880,24711538,342
42467,24711880,24711538,342
42468,24711880,24711538,342
42469,24711880,24711538,342
42470,24732416,24731558,858
42471,24732416,24727566,4850
42472,24740833,24740321,512
42473,24740833,24740321,512
42474,24768666,24768312,354
42475,24769039,24768312,727
42476,24774374,24774301,73
42477,24774374,24774301,73
42478,24777188,24777064,124
42479,24780576,24777064,3512
42480,24780576,24777064,3512
42481,24780947,24780947,0
42482,24781259,24780947,312
42483,24781259,24780947,312
42484,24785916,24785916,0
42485,24787242,24785916,1326
42486,24787242,24785916,1326
42487,24787242,24785916,1326
42488,24804277,24803858,419
42489,24804277,24803858,419
42490,24804277,24803858,419
42491,24804277,24799489,4788
42492,24804277,24803858,419
42493,24808271,24807310,961
42494,24809242,24809032,210
42495,24809242,24807462,1780
42496,24809242,24809032,210
42497,24843672,24843336,336
42498,24843913,24843336,577
42499,24848810,24846911,1899
42500,24848810,24846149,2661
42501,24848810,24846911,1899
42502,24848810,24846911,1899
42503,24848810,24846149,2661
42504,24848810,24846911,1899
42505,24848810,24846911,1899
42506,24848810,24846149,2661
42507,24848810,24846911,1899
42508,24848810,24846911,1899
42509,24848810,24846911,1899
42510,24848810,24846911,1899
42511,24848810,24846911,1899
42512,24848810,24846911,1899
42513,24848810,24846911,1899
42514,24848810,24846911,1899
42515,24848810,24846149,2661
42516,24848810,24846149,2661
42517,24848810,24846911,1899
42518,24848810,24846911,1899
42519,24848810,24846149,2661
42520,24848810,24846911,1899
42521,24848810,24846149,2661
42522,24888494,24886652,1842
42523,24898731,24898260,471
42524,24910547,24906491,4056
42525,24910547,24906491,4056
42526,24910547,24906491,4056
42527,24911658,24911307,351
42528,24912007,24911975,32
42529,24977471,24977441,30
42530,24977471,24975686,1785
42531,25045466,25045429,37
42532,25078926,25078819,107
42533,25078926,25078819,107
42534,25078926,25078819,107
42535,25103432,25103366,66
42536,25103432,25103317,115
42537,25288683,25288545,138
42538,25519095,25444024,75071
42539,25519171,25444024,75147
42540,25519171,25444024,75147
42541,27066960,27066642,318
42542,27066960,27066642,318
42543,27066960,26949263,117697
42544,27066960,27066642,318
42545,28142425,28142375,50
42546,29239483,29237955,1528
42547,29247766,29247349,417
42548,29264000,29261467,2533
42549,30396899,30396718,181
42550,31077275,31077118,157
42551,31089046,31085740,3306
42552,31089046,31085740,3306
42553,31089046,31085740,3306
42554,31185183,31185172,11
42555,31205033,31204815,218
42556,31205033,31204815,218
42557,31205033,31204815,218
42558,31205033,31204815,218
42559,31205033,31204815,218
42560,31205033,31204815,218
42561,31359822,31358997,825
42562,31359822,31358997,825
42563,31359822,31358997,825
42564,31364261,31364126,135
42565,31495607,31495391,216
42566,31495607,31495391,216
42567,31555008,31552815,2193
42568,31555008,31554088,920
42569,31555008,31554088,920
42570,31565656,31562241,3415
42571,31565656,31562241,3415
42572,31565656,31562241,3415
42573,31592876,31583542,9334
42574,31598513,31583542,14971
42575,31637678,31637670,8
42576,31676689,31675142,1547
42577,31856581,31856329,252
42578,31856581,31856329,252
42579,31889788,31872181,17607
42580,31889788,31872181,17607
42581,31926680,31872181,54499
42582,31926680,31926599,81
42583,31957151,31953171,3980
42584,32330429,32328386,2043
42585,32330429,32328386,2043
42586,32330429,32328386,2043
42587,32628934,32624154,4780
42588,32628934,32624154,4780
42589,32628934,32624154,4780
42590,32628934,32624154,4780
42591,32628934,32624154,4780
42592,33203819,33201887,1932
42593,33302268,33293979,8289
42594,34150248,34149849,399
42595,34273382,34270315,3067
42596,34273382,34270315,3067
42597,34273382,34270315,3067
42598,34273382,34270315,3067
42599,34420032,34419958,74
42600,34420284,34419958,326
42601,34931468,34931413,55
42602,35008943,35008834,109
42603,35099315,35074845,24470
42604,35099366,35099358,8
42605,35099366,35073396,25970
42606,35099366,35073396,25970
42607,35183023,35182882,141
42608,35183761,35182719,1042
42609,35184029,35183746,283
42610,35344138,35343810,328
42611,35344853,35343810,1043
42612,35344853,35343810,1043
42613,35409702,35409541,161
42614,35498773,35498358,415
42615,35498773,35498358,415
42616,35498773,35498358,415
42617,35552589,35550434,2155
42618,35552589,35550434,2155
42619,35591307,35591165,142
42620,35591519,35591165,354
42621,35591519,35579080,12439
42622,35591519,35591165,354
42623,35591679,35579080,12599
42624,35591679,35591165,514
42625,35743497,35742772,725
42626,35743497,35742772,725
42627,35743497,35742772,725
42628,35743497,35742772,725
42629,35743497,35742772,725
42630,35786682,35786512,170
42631,35786682,35786512,170
42632,35786682,35786512,170
42633,35873960,35873850,110
42634,36006260,36005159,1101
42635,36230212,36230134,78
42636,36278432,36278041,391
42637,36278432,36278041,391
42638,36278432,36278041,391
42639,36278432,36278041,391
42640,36333159,36333158,1
42641,36341169,36339683,1486
42642,36645857,36645509,348
42643,36789882,36789794,88
42644,36789882,36789794,88
42645,36789882,36784024,5858
42646,36789882,36789794,88
42647,36841576,36841098,478
42648,36982990,36982358,632
42649,36988903,36988562,341
42650,36989430,36989334,96
42651,36989430,36988562,868
42652,37051786,37051594,192
42653,37147011,37145657,1354
42654,37641865,37641555,310
42655,37641865,37641555,310
42656,37642998,37641866,1132
42657,38015261,38014878,383
42658,38020464,38016176,4288
42659,38020464,38016176,4288
42660,38020464,38016176,4288
42661,38020464,38016176,4288
42662,38020464,38016176,4288
42663,38063467,38061889,1578
42664,38064325,38064177,148
42665,38311660,38311496,164
42666,38311660,38311496,164
42667,38371329,38368431,2898
42668,38679770,38679770,0
42669,38682268,38679770,2498
42670,38725575,38725227,348
42671,39560917,39560869,48
42672,39572437,39565322,7115
42673,39572437,39560869,11568
42674,39572437,39565322,7115
42675,39606177,39605683,494
42676,39606177,39605652,525
42677,39606177,39605683,494
42678,39639634,39639299,335
42679,39639634,39639299,335
42680,39639634,39639299,335
42681,39652422,39651067,1355
42682,39717407,39717407,0
42683,39722575,39722453,122
42684,39777791,39777789,2
42685,39815230,39815229,1
42686,39820397,39819468,929
42687,39820397,39819468,929
42688,39820397,39819468,929
42689,39820397,39819468,929
42690,39820397,39819468,929
42691,39820397,39819468,929
42692,39820397,39819468,929
42693,39820397,39819468,929
42694,39820397,39819468,929
42695,39820397,39819468,929
42696,39820397,39819468,929
42697,39901704,39901366,338
42698,42373752,42373378,374
42699,42373752,42368135,5617
42700,44976499,44976190,309
42701,45376459,45373736,2723
42702,45376460,45374753,1707
42703,45415138,45415131,7
42704,45430335,45430131,204
42705,45431179,45415131,16048
42706,45466607,45465143,1464
42707,45477346,45475491,1855
42708,45543634,45542764,870
42709,45543634,45542764,870
42710,45584799,45583871,928
42711,45584804,45584116,688
42712,45584804,45584116,688
42713,45584804,45584116,688
42714,45604009,45603659,350
42715,45636626,45636374,252
42716,45670093,45669211,882
42717,45670093,45669211,882
42718,45670093,45669211,882
42719,45670093,45669211,882
42720,45722605,45716489,6116
42721,47121028,47120939,89
42722,47351424,47342786,8638
42723,47812438,47600947,211491
42724,48095728,47530475,565253
42725,48144157,48143999,158
42726,50053134,50053064,70
42727,50053134,50053064,70
42728,50081390,50081214,176
42729,50081390,50081214,176
42730,50081390,50081132,258
42731,50085822,50085822,0
42732,50087403,50085822,1581
42733,50090199,50089330,869
42734,50101948,50101867,81
42735,50101948,50101867,81
42736,50131392,50122461,8931
42737,50155098,50154921,177
42738,50155098,50154921,177
42739,50155098,50154921,177
42740,50219870,50218490,1380
42741,50219870,50218490,1380
42742,50219870,50218490,1380
42743,50249856,50249671,185
42744,50266242,50263015,3227
42745,50268278,50267349,929
42746,50298844,50272810,26034
42747,50319539,50319471,68
42748,50319539,50319471,68
42749,50319539,50319471,68
42750,50319539,50319471,68
42751,50319539,50301128,18411
42752,50360982,50360982,0
42753,50363772,50360982,2790
42754,50469007,50468790,217
42755,50474238,50472517,1721
42756,50559361,50559361,0
42757,50583297,50583270,27
42758,50583297,50583270,27
42759,50597480,50585565,11915
42760,50647400,50647322,78
42761,50698099,50698001,98
42762,50698099,50698001,98
42763,50778947,50778868,79
42764,50778947,50778868,79
42765,50778947,50778868,79
42766,50789743,50789487,256
42767,50792946,50792441,505
42768,50792946,50792441,505
42769,50792946,50792349,597
42770,50802276,50802276,0
42771,50862642,50862589,53
42772,50883179,50883179,0
42773,50917318,50915587,1731
42774,50998893,50998767,126
42775,50999376,50998767,609
42776,50999376,50998767,609
42777,51099784,51099057,727
42778,51099784,51099057,727
42779,51099784,51099057,727
42780,51099784,51099057,727
42781,51099784,51099057,727
42782,51135071,51134685,386
42783,51297839,51288774,9065
42784,51297839,51288774,9065
42785,51297839,51288774,9065
42786,51297839,51288774,9065
42787,51297839,51288660,9179
42788,51371688,51371084,604
42789,51371688,51371084,604
42790,51371688,51371084,604
42791,51390818,51390755,63
42792,51411248,51411121,127
42793,51411248,51411121,127
42794,51411248,51411121,127
42795,51562422,51561657,765
42796,51562422,51561657,765
42797,51562422,51561657,765
42798,51712569,51712036,533
42799,51724372,51721237,3135
42800,51724372,51721237,3135
42801,52197444,52194747,2697
42802,52197444,52194747,2697
42803,52197444,52194747,2697
42804,52197444,52194747,2697
42805,52197444,52194747,2697
42806,52197444,52194747,2697
42807,52436518,52433405,3113
42808,52436518,52433405,3113
42809,52436518,52433405,3113
42810,52436518,52433405,3113
42811,52471420,52471234,186
42812,52535946,52535712,234
42813,52535946,52535712,234
42814,52535946,52535712,234
42815,52535946,52535712,234
42816,52743442,52741682,1760
42817,52795322,52794172,1150
42818,53019301,53010275,9026
42819,53019301,53010275,9026
42820,53104431,53101833,2598
42821,53104431,53101833,2598
42822,53162419,53162199,220
42823,53177053,53176325,728
42824,53185406,53184890,516
42825,53194716,53194335,381
42826,53241705,53237824,3881
42827,53241705,53237824,3881
42828,53258386,53251368,7018
42829,53417591,53417286,305
42830,53417815,53417286,529
42831,53417815,53417286,529
42832,53417815,53417286,529
42833,53528042,53527873,169
42834,53560382,53558537,1845
42835,53620046,53619816,230
42836,53620046,53619816,230
42837,53620046,53619816,230
42838,54420173,54418940,1233
42839,54421270,54418940,2330
42840,54423554,54418940,4614
42841,54423554,54418940,4614
42842,54886934,54886796,138
42843,54886934,54886796,138
42844,54908148,54908045,103
42845,54908148,54908045,103
42846,54955744,54955645,99
42847,55004554,55004553,1
42848,55005334,55005101,233
42849,55154289,55154119,170
42850,55170589,55169327,1262
42851,55170589,55169327,1262
42852,55260033,55255662,4371
42853,55260033,55255662,4371
42854,55260033,55255662,4371
42855,55369542,55369381,161
42856,55369542,55369381,161
42857,55369542,55369381,161
42858,55369542,55369381,161
42859,55369542,55369381,161
42860,55369542,55369381,161
42861,55458118,55458007,111
42862,55493819,55493505,314
42863,55493819,55475409,18410
42864,55511082,55511082,0
42865,55516206,55511082,5124
42866,55516206,55511082,5124
42867,55536912,55531345,5567
42868,55612148,55611989,159
42869,55612148,55612112,36
42870,55658396,55655897,2499
42871,55658396,55655897,2499
42872,55819244,55819244,0
42873,55820329,55819244,1085
42874,55820329,55819244,1085
42875,55858020,55857698,322
42876,55878576,55878540,36
42877,55907263,55907263,0
42878,56141022,56139877,1145
42879,56151302,56147408,3894
42880,56151302,56150821,481
42881,56151302,56147408,3894
42882,56151302,56150821,481
42883,56151302,56150821,481
42884,56151302,56150821,481
42885,56151302,56150821,481
42886,56151302,56150821,481
42887,56151302,56150821,481
42888,56768031,56763884,4147
42889,57080615,57079007,1608
42890,57082982,57082749,233
42891,57116232,57114215,2017
42892,57116232,57114215,2017
42893,57272381,57272174,207
42894,57272381,57272174,207
42895,57272381,57268812,3569
42896,57277194,57272174,5020
42897,57277194,57272174,5020
42898,57277194,57268812,8382
42899,57277194,57272174,5020
42900,57397550,57365059,32491
42901,57699090,57698408,682
42902,57735617,57735366,251
42903,57735617,57713533,22084
42904,57735617,57735366,251
42905,57742175,57741742,433
42906,57756797,57755602,1195
42907,57756797,57755602,1195
42908,57756797,57755602,1195
42909,57879466,57876234,3232
42910,57879466,57876234,3232
42911,57960576,57960433,143
42912,57960576,57960433,143
42913,57960576,57957701,2875
42914,57960576,57957701,2875
42915,57960576,57960433,143
42916,58063615,58056151,7464
42917,58332592,58332543,49
42918,58606132,58606076,56
42919,58618847,58606076,12771
42920,58618847,58606076,12771
42921,58702353,58701269,1084
42922,58702353,58701269,1084
42923,58702353,58701269,1084
42924,58738727,58738613,114
42925,58738727,58738613,114
42926,58738727,58738613,114
42927,58764855,58758410,6445
42928,58832018,58832017,1
42929,58840451,58838707,1744
42930,58840451,58838707,1744
42931,58840451,58838707,1744
42932,58875419,58875300,119
42933,58893960,58878663,15297
42934,58894232,58878663,15569
42935,58894232,58878663,15569
42936,58955081,58954831,250
42937,59003931,59003759,172
42938,59015549,59014694,855
42939,59015549,59014650,899
42940,59015549,59014650,899
42941,59015549,59014650,899
42942,59015549,59014650,899
42943,59115038,59113852,1186
42944,59115038,59113852,1186
42945,59115038,59113852,1186
42946,59115038,59113852,1186
42947,59732881,59730444,2437
42948,59797406,59797406,0
42949,59838123,59835577,2546
42950,59838123,59835577,2546
42951,59932059,59931944,115
42952,59951073,59951034,39
42953,59951126,59951034,92
42954,59972081,59970790,1291
42955,59972081,59970790,1291
42956,59972081,59970790,1291
42957,59972081,59970790,1291
42958,59972081,59970790,1291
42959,59972081,59970790,1291
42960,60043549,60043493,56
42961,60097532,60097224,308
42962,60097532,60076855,20677
42963,60194431,60194141,290
42964,60337557,60337348,209
42965,60601532,60600939,593
42966,60632211,60632027,184
42967,60635851,60635466,385
42968,60636561,60622853,13708
42969,60755272,60752482,2790
42970,60765805,60759200,6605
42971,60765805,60759200,6605
42972,60765805,60759200,6605
42973,60952764,60951796,968
42974,60952764,60933662,19102
42975,60978525,60977970,555
42976,61116155,61115907,248
42977,61190852,61190792,60
42978,61191039,61190976,63
42979,61275733,61275158,575
42980,61435398,61435067,331
42981,61435398,61435067,331
42982,61447782,61447691,91
42983,61519703,61519147,556
42984,61550451,61550430,21
42985,61550451,61550392,59
42986,61748530,61747865,665
42987,62017698,62016549,1149
42988,62017698,62016549,1149
42989,62017698,62016549,1149
42990,62193536,62193536,0
42991,62201003,62201001,2
42992,62214977,62213803,1174
42993,62214977,62213657,1320
42994,62214977,62213803,1174
42995,62214977,62213803,1174
42996,62263146,62261701,1445
42997,62547992,62547621,371
42998,62568427,62567425,1002
42999,62568427,62567425,1002
43000,63511955,63511904,51
43001,63511955,63511904,51
43002,63568584,63483571,85013
43003,63568584,63483571,85013
43004,63760230,63757742,2488
43005,63785593,63784563,1030
43006,63974955,63920532,54423
43007,63974956,63920532,54424
43008,64010079,64006403,3676
43009,64010079,64006403,3676
43010,64010079,64006403,3676
43011,64010079,64006403,3676
43012,64066660,64066660,0
43013,64108641,64066660,41981
43014,64108641,64066660,41981
43015,64108641,64066660,41981
43016,64194756,64194662,94
43017,64427618,64427524,94
43018,64545324,64545324,0
43019,64567078,64565617,1461
43020,64600918,64600918,0
43021,64604719,64604717,2
43022,64629567,64629051,516
43023,64693167,64692244,923
43024,64693167,64692244,923
43025,64693167,64692244,923
43026,64693167,64692244,923
43027,64693167,64692282,885
43028,64693167,64692244,923
43029,64693167,64692244,923
43030,64693167,64692244,923
43031,64693167,64692244,923
43032,64693167,64692244,923
43033,64693167,64692244,923
43034,64749793,64749703,90
43035,64749793,64749703,90
43036,64749793,64749703,90
43037,64749793,64749703,90
43038,64761128,64749703,11425
43039,64761128,64749703,11425
43040,64805268,64749703,55565
43041,64805268,64749703,55565
43042,64907165,64907134,31
43043,64926725,64925021,1704
43044,64926725,64926653,72
43045,64936396,64936396,0
43046,64941221,64936396,4825
43047,64970554,64957251,13303
43048,64971931,64957251,14680
43049,64971931,64957251,14680
43050,64990364,64990364,0
43051,64991669,64990364,1305
43052,64991669,64990364,1305
43053,65000408,64998615,1793
43054,65009954,65009487,467
43055,65009954,65009487,467
43056,65056096,65056056,40
43057,65056096,65056056,40
43058,65211060,65210421,639
43059,65211060,65210421,639
43060,65211060,65210421,639
43061,65211060,65210421,639
43062,65211060,65210421,639
43063,65249271,65249256,15
43064,65289863,65289812,51
43065,65289863,65289812,51
43066,65346601,65289812,56789
43067,65346601,65289812,56789
43068,65402084,65398948,3136
43069,65402084,65398948,3136
43070,65402084,65398917,3167
43071,65409623,65409444,179
43072,65411309,65410039,1270
43073,65411309,65410130,1179
43074,65438875,65438794,81
43075,65438875,65438794,81
43076,65529373,65528030,1343
43077,65529373,65528030,1343
43078,65529373,65528030,1343
43079,65529373,65528030,1343
43080,65529373,65528030,1343
43081,65569262,65569057,205
43082,65569262,65569057,205
43083,65569262,65569057,205
43084,65569262,65569057,205
43085,65569262,65569057,205
43086,65569262,65569057,205
43087,65569262,65569057,205
43088,65569262,65569057,205
43089,65569262,65569057,205
43090,65879335,65879098,237
43091,66210839,66209128,1711
43092,66210839,66209128,1711
43093,66210839,66209128,1711
43094,66210839,66209128,1711
43095,66210839,66209128,1711
43096,67525733,67525556,177
43097,67648525,67647654,871
43098,67648525,67647654,871
43099,67648525,67647654,871
43100,67648525,67647654,871
43101,67648525,67647654,871
43102,67695267,67691914,3353
43103,67746703,67746262,441
43104,67802778,67799673,3105
43105,67802778,67799673,3105
43106,67826720,67826415,305
43107,67853233,67850157,3076
43108,67878828,67878776,52
43109,67940640,67940640,0
43110,67982021,67940640,41381
43111,68042316,68042285,31
43112,68056243,68052898,3345
43113,68056255,68053952,2303
43114,68056255,68053952,2303
43115,68056255,68053952,2303
43116,68056255,68054023,2232
43117,68056255,68053952,2303
43118,68056255,68054023,2232
43119,68067017,68066920,97
43120,68067017,68066920,97
43121,68118436,68117637,799
43122,68141602,68141206,396
43123,68141602,68126630,14972
43124,68141602,68141142,460
43125,68162510,68162420,90
43126,68162510,68162420,90
43127,68162510,68162420,90
43128,68201168,68200565,603
43129,68228301,68228208,93
43130,68283306,68282680,626
43131,68283306,68282680,626
43132,68283306,68282680,626
43133,68354043,68354005,38
43134,68944810,68944381,429
43135,68944810,68944381,429
43136,68964598,68963857,741
43137,69062738,69061320,1418
43138,69196935,69117562,79373
43139,69260631,69259655,976
43140,69260631,69259655,976
43141,69262960,69262866,94
43142,69263011,69263011,0
43143,69352292,69352281,11
43144,69354980,69352314,2666
43145,69444283,69392299,51984
43146,69444971,69392299,52672
43147,69444986,69444975,11
43148,69446083,69445773,310
43149,69446083,69445773,310
43150,69446083,69445773,310
43151,69619914,69619695,219
43152,69619914,69619695,219
43153,69619914,69619695,219
43154,69619914,69619695,219
43155,69710737,69707817,2920
43156,69710737,69707817,2920
43157,69710737,69707817,2920
43158,69710737,69707817,2920
43159,69710737,69707817,2920
43160,69710737,69707817,2920
43161,69710737,69707817,2920
43162,69710737,69707817,2920
43163,69818460,69814809,3651
43164,69821190,69818885,2305
43165,69821190,69818885,2305
43166,69865021,69864950,71
43167,69929107,69925310,3797
43168,69929107,69925310,3797
43169,69929107,69928419,688
43170,69929107,69925310,3797
43171,69929107,69925310,3797
43172,69970407,69967027,3380
43173,69995215,69995136,79
43174,70040339,70040339,0
43175,70041600,70040339,1261
43176,70181861,70177696,4165
43177,70181861,70177696,4165
43178,70234430,70234397,33
43179,70236553,70236278,275
43180,70237257,70235641,1616
43181,70238722,70238178,544
43182,70238722,70238178,544
43183,70238722,70238178,544
43184,70264006,70263872,134
43185,70499083,70496975,2108
43186,70499083,70496975,2108
43187,70546923,70527571,19352
43188,70546923,70518808,28115
43189,70546923,70518808,28115
43190,70655787,70635139,20648
43191,70655787,70635139,20648
43192,70655787,70635139,20648
43193,70655787,70635139,20648
43194,70714518,70713867,651
43195,70826448,70826304,144
43196,70826448,70826304,144
43197,70883807,70883680,127
43198,70883807,70883680,127
43199,70883807,70883680,127
43200,70883807,70883680,127
43201,70926385,70926385,0
43202,70926622,70926385,237
43203,70950473,70937933,12540
43204,70991624,70991624,0
43205,71001732,70991624,10108
43206,71067384,71067354,30
43207,71067384,71067354,30
43208,71067384,71067354,30
43209,71067384,71067354,30
43210,71067384,71067354,30
43211,71142077,71137872,4205
43212,71250162,71232189,17973
43213,71250162,71227801,22361
43214,71275888,71275888,0
43215,71275888,71275888,0
43216,71479537,71476404,3133
43217,71582099,71576652,5447
43218,71582099,71576652,5447
43219,71582099,71576652,5447
43220,71582099,71576652,5447
43221,72041803,72040489,1314
43222,72206120,72205878,242
43223,72206120,72205878,242
43224,72206120,72205878,242
43225,72206120,72205878,242
43226,72206120,72205878,242
43227,73017382,73017205,177
43228,73029462,73029458,4
43229,73029462,73029458,4
43230,73029462,73029458,4
43231,73029462,73029458,4
43232,73029462,73029458,4
43233,73033238,73029175,4063
43234,73033238,73029175,4063
43235,73033238,73029175,4063
43236,73033238,73029175,4063
43237,73033238,73029175,4063
43238,73033238,73029175,4063
43239,73033238,73029175,4063
43240,73360809,73360796,13
43241,73360809,73360796,13
43242,73360809,73346573,14236
43243,73424822,73423216,1606
43244,73426357,73425513,844
43245,73426357,73425513,844
43246,73426357,73425513,844
43247,73426357,73425513,844
43248,73426357,73425513,844
43249,73426357,73425513,844
43250,73426357,73425513,844
43251,73453664,73448561,5103
43252,73493920,73491216,2704
43253,73493920,73491216,2704
43254,73567884,73567026,858
43255,73588076,73586513,1563
43256,73588076,73586513,1563
43257,73588076,73586513,1563
43258,73640912,73640490,422
43259,73690399,73685997,4402
43260,73690399,73685997,4402
43261,73690399,73685997,4402
43262,73741347,73739372,1975
43263,73741347,73739372,1975
43264,73741347,73739372,1975
43265,73741347,73739372,1975
43266,73741347,73739269,2078
43267,73751126,73750975,151
43268,73833689,73822459,11230
43269,73833689,73822459,11230
43270,73833689,73822459,11230
43271,73833689,73822459,11230
43272,73925286,73822459,102827
43273,73925286,73822459,102827
43274,73925286,73822459,102827
43275,73925286,73822459,102827
43276,73925286,73822459,102827
43277,73925286,73822459,102827
43278,73925286,73822459,102827
43279,73925286,73822459,102827
43280,73925286,73822459,102827
43281,73925286,73822459,102827
43282,73960105,73959647,458
43283,73997908,73989856,8052
43284,74010498,74010359,139
43285,74025651,73989856,35795
43286,74025651,73989856,35795
43287,74042362,74042217,145
43288,74042362,74042217,145
43289,74042362,74042217,145
43290,74062470,74062358,112
43291,74086592,74086543,49
43292,74170431,74162645,7786
43293,74170431,74162645,7786
43294,74181128,74180342,786
43295,74195879,74193632,2247
43296,74206958,74206711,247
43297,74227001,74206711,20290
43298,74253896,74206711,47185
43299,74352168,74350880,1288
43300,74352168,74350880,1288
43301,74352168,74350880,1288
43302,74398991,74391506,7485
43303,74398991,74398212,779
43304,74398991,74398244,747
43305,74398991,74398244,747
43306,74398991,74398244,747
43307,74398991,74398244,747
43308,74398991,74398244,747
43309,74417117,74416918,199
43310,74425781,74425070,711
43311,74425781,74425070,711
43312,74426184,74426161,23
43313,74429768,74429702,66
43314,74429813,74429702,111
43315,74429813,74429702,111
43316,74482633,74454805,27828
43317,74486026,74454805,31221
43318,74532796,74531402,1394
43319,74551196,74551097,99
43320,74551196,74551097,99
43321,74551196,74538162,13034
43322,74667117,74665680,1437
43323,74729441,74727622,1819
43324,74769767,74769615,152
43325,74769767,74763100,6667
43326,74769767,74766274,3493
43327,74769767,74761875,7892
43328,74825595,74825595,0
43329,74826711,74825595,1116
43330,74892805,74876447,16358
43331,74960084,74959977,107
43332,74960084,74959977,107
43333,74962271,74961703,568
43334,74962271,74961537,734
43335,75079034,75078647,387
43336,75179807,75152318,27489
43337,75179807,75143453,36354
43338,75202246,75201633,613
43339,75203390,75201633,1757
43340,75288814,75287903,911
43341,75304013,75302114,1899
43342,75330537,75330537,0
43343,75330537,75330537,0
43344,75358594,75357929,665
43345,75367936,75367936,0
43346,75370450,75369033,1417
43347,75370450,75369033,1417
43348,75370450,75369033,1417
43349,75370450,75369033,1417
43350,75376851,75376771,80
43351,75389188,75388244,944
43352,75389958,75388244,1714
43353,75422467,75421945,522
43354,75422467,75421945,522
43355,75422467,75421945,522
43356,75422467,75421945,522
43357,75476294,75475891,403
43358,75518235,75516358,1877
43359,75518235,75516358,1877
43360,75530736,75530256,480
43361,75530736,75530256,480
43362,75544799,75544267,532
43363,75544799,75544239,560
43364,75558388,75558071,317
43365,75584029,75572727,11302
43366,75593778,75593624,154
43367,75614600,75614402,198
43368,75643349,75643282,67
43369,75748937,75748127,810
43370,75748937,75748127,810
43371,75748937,75748127,810
43372,75939404,75936178,3226
43373,75939404,75936178,3226
43374,75939404,75936178,3226
43375,75939404,75936178,3226
43376,76013334,76013014,320
43377,76114512,76112815,1697
43378,76114512,76112815,1697
43379,76127538,76123845,3693
43380,76151340,76150003,1337
43381,76176742,76175591,1151
43382,76353650,76353103,547
43383,76353650,76353103,547
43384,76421425,76420789,636
43385,76421425,76420789,636
43386,76448092,76447236,856
43387,76448092,76447230,862
43388,76525634,76525111,523
43389,76548783,76548714,69
43390,76550092,76549920,172
43391,76550092,76549920,172
43392,76643033,76640040,2993
43393,76643033,76640040,2993
43394,76669134,76668194,940
43395,76669134,76668194,940
43396,76964854,76964801,53
43397,76968180,76967064,1116
43398,77239980,77239639,341
43399,77249363,77245361,4002
43400,77279283,77279170,113
43401,77336645,77336492,153
43402,77336645,77336492,153
43403,77495042,77494135,907
43404,77583629,77580661,2968
43405,77583630,77580661,2969
43406,77608134,77606081,2053
43407,77725838,77723069,2769
43408,77725838,77723069,2769
43409,77737655,77737280,375
43410,77767506,77765814,1692
43411,77787225,77787024,201
43412,77787225,77772784,14441
43413,77797940,77797538,402
43414,77797940,77797538,402
43415,77797940,77797538,402
43416,77797940,77797538,402
43417,77809826,77809812,14
43418,77843396,77843396,0
43419,77845544,77845474,70
43420,77857587,77857587,0
43421,77889399,77889232,167
43422,77889399,77889232,167
43423,77923983,77920445,3538
43424,77923983,77920445,3538
43425,77923983,77920445,3538
43426,77923983,77920445,3538
43427,77923983,77920445,3538
43428,77935069,77934955,114
43429,77935815,77935592,223
43430,77965210,77965136,74
43431,77965210,77965136,74
43432,77965210,77951139,14071
43433,78083110,78082922,188
43434,78174356,78174347,9
43435,78183941,78183904,37
43436,78183941,78183837,104
43437,78183941,78183904,37
43438,78227497,78227470,27
43439,78227497,78217766,9731
43440,78227497,78227470,27
43441,78236021,78236021,0
43442,78236085,78236021,64
43443,78236085,78236021,64
43444,78390949,78390949,0
43445,78400297,78399734,563
43446,78400297,78399734,563
43447,78400297,78399734,563
43448,79454642,79454579,63
43449,80334633,80328307,6326
43450,80334633,80328307,6326
43451,80334633,80328307,6326
43452,80334633,80328307,6326
43453,80677868,80677815,53
43454,80677868,80677815,53
43455,80677868,80677815,53
43456,80677970,80677815,155
43457,80697397,80677815,19582
43458,81371275,81371210,65
43459,81405884,81382891,22993
43460,81408045,81382891,25154
43461,81408045,81382891,25154
43462,81425828,81382891,42937
43463,81574828,81574800,28
43464,81575294,81575025,269
43465,81575294,81575025,269
43466,81612646,81610697,1949
43467,81687296,81670430,16866
43468,81687296,81686862,434
43469,81687575,81682771,4804
43470,81745162,81745045,117
43471,81884597,81864726,19871
43472,81893556,81864726,28830
43473,81893748,81864726,29022
43474,82000205,82000088,117
43475,82000205,82000088,117
43476,86089841,86089841,0
43477,86094270,86089841,4429
43478,86094270,86089841,4429
43479,88459103,88458674,429
43480,88459615,88459508,107
43481,88459615,88459508,107
43482,88459615,88459508,107
43483,88460009,88459843,166
43484,88478205,88478205,0
43485,88481155,88478205,2950
43486,88701679,88701676,3
43487,88737255,88737133,122
43488,88789593,88789142,451
43489,88793256,88792799,457
43490,88904799,88904766,33
43491,88904804,88904766,38
43492,88904804,88904766,38
43493,88904804,88904766,38
43494,88904804,88904766,38
43495,89016963,88967687,49276
43496,89017833,89016761,1072
43497,89021123,89016761,4362
43498,89079853,89078095,1758
43499,89079853,89078095,1758
43500,89079853,89078095,1758
43501,89079853,89078095,1758
43502,89079853,89078095,1758
43503,89079853,89078095,1758
43504,89079853,89078095,1758
43505,89079853,89078095,1758
43506,89079853,89078095,1758
43507,89079853,89078095,1758
43508,89086056,89085026,1030
43509,89087763,89087705,58
43510,89131833,89128057,3776
43511,89181539,89160720,20819
43512,89259096,89258847,249
43513,89259096,89258847,249
43514,89344335,89343754,581
43515,89344335,89343754,581
43516,89344335,89343754,581
43517,89344335,89343754,581
43518,89344335,89343754,581
43519,89344335,89343754,581
43520,89344335,89343754,581
43521,89883454,89878820,4634
43522,90085494,89878820,206674
43523,90085494,89878820,206674
43524,90085494,89878820,206674
43525,90420867,90420701,166
43526,90420867,90420701,166
43527,90421089,90421004,85
43528,90421089,90421004,85
43529,90499956,90499728,228
43530,90511108,90509487,1621
43531,90511108,90509487,1621
43532,90511108,90499529,11579
43533,90511108,90509487,1621
43534,90652195,90651347,848
43535,90738966,90738751,215
43536,90738966,90738751,215
43537,90738966,90738751,215
43538,90778887,90767642,11245
43539,90798481,90798248,233
43540,90798481,90770590,27891
43541,90874619,90871061,3558
43542,90874619,90871061,3558
43543,90874619,90871061,3558
43544,91110552,91110423,129
43545,91282761,91282639,122
43546,91526478,91444806,81672
43547,91526993,91526778,215
43548,91526993,91526778,215
43549,91636545,91636545,0
43550,91655514,91655284,230
43551,91662818,91662816,2
43552,91691703,91691177,526
43553,91691703,91691177,526
43554,91691703,91691177,526
43555,91691703,91691177,526
43556,91691703,91691177,526
43557,91691703,91691177,526
43558,91691703,91691177,526
43559,91691703,91691177,526
43560,91701394,91701394,0
43561,91710852,91701394,9458
43562,91720224,91701394,18830
43563,91749967,91747554,2413
43564,91752006,91751751,255
43565,91883182,91883134,48
43566,91883690,91883540,150
43567,91884188,91884034,154
43568,91884188,91884034,154
43569,91948537,91948462,75
43570,91976644,91975991,653
43571,91976813,91975991,822
43572,91976813,91975991,822
43573,91976813,91975991,822
43574,92041615,92040956,659
43575,92136316,92105592,30724
43576,92198413,92195823,2590
43577,92302849,92280113,22736
43578,92302849,92280113,22736
43579,92302849,92280113,22736
43580,92333880,92280113,53767
43581,92413117,92413086,31
43582,92414046,92413573,473
43583,92414046,92413573,473
43584,92482205,92482157,48
43585,92506403,92506029,374
43586,92562494,92562462,32
43587,92572965,92572896,69
43588,92572965,92562462,10503
43589,92572965,92572896,69
43590,92572965,92572896,69
43591,92572965,92549540,23425
43592,92572965,92572896,69
43593,92572965,92572896,69
43594,92572965,92572896,69
43595,92572965,92572896,69
43596,92572965,92549540,23425
43597,92572965,92572896,69
43598,92572965,92572896,69
43599,92572965,92572896,69
43600,92572965,92572896,69
43601,92572965,92562462,10503
43602,92572965,92572896,69
43603,92572965,92563071,9894
43604,92572965,92572896,69
43605,92572965,92572896,69
43606,92572965,92572896,69
43607,92572965,92572896,69
43608,92572965,92562462,10503
43609,92572965,92572896,69
43610,92572965,92562462,10503
43611,92572965,92572896,69
43612,92572965,92572896,69
43613,92572965,92572896,69
43614,92588153,92588121,32
43615,92630543,92628088,2455
43616,92967825,92959972,7853
43617,92967825,92959972,7853
43618,92967825,92959972,7853
43619,92967825,92959251,8574
43620,92967825,92959972,7853
43621,92967825,92959972,7853
43622,93127767,93125882,1885
43623,93151911,93151576,335
43624,93155334,93154597,737
43625,93155334,93154597,737
43626,93155334,93154597,737
43627,93199173,93199131,42
43628,93199173,93199131,42
43629,93215047,93199131,15916
43630,93215047,93199131,15916
43631,93306304,93305791,513
43632,93306304,93305735,569
43633,93401638,93401229,409
43634,93401638,93401229,409
43635,93581650,93460231,121419
43636,93582263,93581508,755
43637,93582263,93581508,755
43638,93582263,93581508,755
43639,93650587,93650587,0
43640,93651249,93650587,662
43641,93653016,93653016,0
43642,93653431,93653016,415
43643,93653431,93653016,415
43644,93673459,93673382,77
43645,93695561,93693381,2180
43646,93695561,93693381,2180
43647,93695561,93693381,2180
43648,93761283,93727969,33314
43649,93761283,93761110,173
43650,93761283,93761110,173
43651,93799385,93762397,36988
43652,93799385,93799274,111
43653,93799385,93762397,36988
43654,93814700,93814466,234
43655,94007177,94007177,0
43656,94173689,94173250,439
43657,94173689,94173250,439
43658,94254766,94254064,702
43659,94395510,94395510,0
43660,94395954,94395510,444
43661,94395954,94395510,444
43662,94395954,94395510,444
43663,94395954,94395510,444
43664,94395954,94395510,444
43665,94406841,94406008,833
43666,94421925,94421458,467
43667,94423767,94423278,489
43668,94443076,94430885,12191
43669,94475209,94475158,51
43670,94505757,94505729,28
43671,94515276,94512268,3008
43672,94547558,94546088,1470
43673,94547558,94545959,1599
43674,94547558,94528935,18623
43675,94569060,94568914,146
43676,94569060,94568914,146
43677,94583033,94582864,169
43678,94595957,94595901,56
43679,94694182,94693691,491
43680,94746072,94744980,1092
43681,94759361,94756930,2431
43682,94759608,94756930,2678
43683,94789688,94780985,8703
43684,94854997,94849574,5423
43685,94855153,94849574,5579
43686,94857029,94849574,7455
43687,94857029,94849574,7455
43688,94857029,94849574,7455
43689,94857029,94849574,7455
43690,94857029,94849574,7455
43691,94857029,94849574,7455
43692,94857029,94849574,7455
43693,94857029,94849574,7455
43694,94857029,94849574,7455
43695,94857029,94849574,7455
43696,94919122,94915111,4011
43697,94942670,94942509,161
43698,94942670,94942509,161
43699,94942670,94935784,6886
43700,94942670,94942591,79
43701,94942670,94942509,161
43702,94942670,94942591,79
43703,94984181,94964734,19447
43704,95036243,95035932,311
43705,95036243,95035932,311
43706,95036243,95035932,311
43707,95054318,95054317,1
43708,95057104,95056679,425
43709,95059457,95058576,881
43710,95090390,95090151,239
43711,95090390,95090151,239
43712,95090390,95089958,432
43713,95090390,95090151,239
43714,95090390,95090151,239
43715,95113331,95111363,1968
43716,95236499,95236352,147
43717,95570386,95570288,98
43718,95572560,95571447,1113
43719,95577787,95577745,42
43720,95599840,95599795,45
43721,95603147,95599795,3352
43722,95608085,95599795,8290
43723,95623759,95599795,23964
43724,95786245,95786129,116
43725,95876427,95875976,451
43726,95942173,95942158,15
43727,95942173,95942158,15
43728,95942173,95942158,15
43729,96011055,96010462,593
43730,96158965,96157658,1307
43731,96158980,96157658,1322
43732,96180533,96180403,130
43733,96180533,96180403,130
43734,96560226,96553072,7154
43735,96710503,96704153,6350
43736,96710666,96707841,2825
43737,96710666,96707841,2825
43738,96710666,96707841,2825
43739,96731081,96731081,0
43740,96731100,96731081,19
43741,96829678,96829313,365
43742,96853627,96852021,1606
43743,96853627,96852021,1606
43744,96853627,96852021,1606
43745,96853627,96852021,1606
43746,96865628,96864630,998
43747,96955764,96954680,1084
43748,97001935,96999008,2927
43749,97001935,96998033,3902
43750,97033453,97031387,2066
43751,97033453,97031387,2066
43752,97033453,97031387,2066
43753,97033453,97031387,2066
43754,97347951,97347545,406
43755,99184103,99183611,492
43756,99737822,99737555,267
43757,99737822,99737555,267
43758,99737822,99737555,267
43759,99737822,99737555,267
43760,99946581,99932142,14439
43761,99947226,99932142,15084
43762,99947226,99932142,15084
43763,99947226,99932142,15084
43764,99947226,99932142,15084
43765,99977852,99977119,733
43766,100070727,100070296,431
43767,100135611,100135265,346
43768,100143011,100141963,1048
43769,100179774,100174042,5732
43770,100193638,100193064,574
43771,100193638,100193064,574
43772,100193638,100193064,574
43773,100375816,100375816,0
43774,100377921,100377919,2
43775,100408395,100406449,1946
43776,100408395,100406449,1946
43777,100408395,100406449,1946
43778,100606454,100604206,2248
43779,100610573,100610075,498
43780,100610573,100610075,498
43781,100626012,100625924,88
43782,100745371,100743937,1434
43783,100762071,100759333,2738
43784,100772860,100772569,291
43785,100772860,100772546,314
43786,100772860,100772569,291
43787,100796715,100795982,733
43788,100796715,100795982,733
43789,100841927,100835522,6405
43790,100841927,100828234,13693
43791,100841927,100835522,6405
43792,100841927,100835522,6405
43793,100842680,100835522,7158
43794,100842680,100828234,14446
43795,100848083,100848083,0
43796,100996640,100996378,262
43797,100996640,100996378,262
43798,100996640,100996378,262
43799,101013116,101011387,1729
43800,101034407,101034261,146
43801,101036131,101034261,1870
43802,101201233,101201233,0
43803,101201464,101201233,231
43804,101201467,101201233,234
43805,101323960,101321533,2427
43806,101327360,101327115,245
43807,101351184,101351125,59
43808,102026740,102019055,7685
43809,102026740,102024097,2643
43810,102026740,102024097,2643
43811,102026740,102024975,1765
43812,102026740,102024975,1765
43813,102029789,102028748,1041
43814,102198862,102198800,62
43815,102302909,102302517,392
43816,102349353,102348626,727
43817,102372984,102372870,114
43818,102378962,102378834,128
43819,102378962,102375991,2971
43820,102394328,102391609,2719
43821,102394328,102391609,2719
43822,102394328,102391609,2719
43823,102394328,102391609,2719
43824,102490140,102489271,869
43825,102517135,102516900,235
43826,102552715,102551760,955
43827,102552757,102552682,75
43828,102553512,102552715,797
43829,102606086,102605741,345
43830,102676867,102676217,650
43831,102676867,102676217,650
43832,102676867,102676217,650
43833,102676867,102659811,17056
43834,102676867,102676217,650
43835,102681341,102678919,2422
43836,102690010,102689220,790
43837,102690010,102689220,790
43838,102771537,102771305,232
43839,102771537,102771305,232
43840,102771537,102717192,54345
43841,102808704,102808516,188
43842,102809511,102808516,995
43843,102809511,102808516,995
43844,102809511,102808516,995
43845,102809511,102808516,995
43846,102809511,102808516,995
43847,102809511,102808516,995
43848,102829051,102828962,89
43849,102829253,102829188,65
43850,102829253,102829188,65
43851,102891609,102891357,252
43852,102932008,102931641,367
43853,102968818,102964594,4224
43854,102968818,102964594,4224
43855,102974226,102974226,0
43856,102975154,102974226,928
43857,102976128,102974226,1902
43858,102976128,102974226,1902
43859,103196913,103192843,4070
43860,103371146,103370224,922
43861,103377837,103372121,5716
43862,103377837,103372121,5716
43863,103377837,103372121,5716
43864,103377837,103372121,5716
43865,103397179,103397017,162
43866,103397179,103397017,162
43867,103430987,103430948,39
43868,103523742,103523510,232
43869,103576894,103576560,334
43870,103602611,103602340,271
43871,103603776,103601697,2079
43872,103603776,103601697,2079
43873,103603776,103601697,2079
43874,103811361,103807389,3972
43875,103811361,103807389,3972
43876,103811361,103807389,3972
43877,103811361,103807389,3972
43878,103932428,103932428,0
43879,103970166,103969564,602
43880,103970166,103969564,602
43881,103970166,103969564,602
43882,103970166,103969564,602
43883,103970166,103969564,602
43884,103970166,103969564,602
43885,103970166,103969564,602
43886,103970166,103969564,602
43887,103970166,103969564,602
43888,103989196,103988830,366
43889,104003410,104001158,2252
43890,104003410,104001526,1884
43891,104027501,104027501,0
43892,104028655,104027501,1154
43893,104028655,104028344,311
43894,104029151,104027501,1650
43895,104057236,104056623,613
43896,104151653,104151355,298
43897,104152568,104151355,1213
43898,104152568,104151355,1213
43899,104160174,104159955,219
43900,104160174,104159955,219
43901,104167888,104167540,348
43902,104167888,104167063,825
43903,104181823,104177424,4399
43904,104181823,104177424,4399
43905,104181823,104177424,4399
43906,104181823,104177424,4399
43907,104200005,104199355,650
43908,104200005,104199355,650
43909,104313222,104224043,89179
43910,104313927,104313644,283
43911,104387903,104387327,576
43912,104387903,104381526,6377
43913,104387903,104381526,6377
43914,104387903,104381526,6377
43915,104408645,104408032,613
43916,104519004,104518419,585
43917,104519004,104518419,585
43918,104519004,104518543,461
43919,104573682,104573680,2
43920,104579046,104578881,165
43921,104579046,104578927,119
43922,104647235,104646127,1108
43923,104978198,104978190,8
43924,104979413,104979397,16
43925,105055118,105055116,2
43926,105055118,105054657,461
43927,105056183,105055120,1063
43928,105071097,105071078,19
43929,105171145,105170290,855
43930,105185947,105181676,4271
43931,105185947,105185160,787
43932,105213647,105213340,307
43933,105213647,105213340,307
43934,105223822,105223101,721
43935,105225990,105222349,3641
43936,105225996,105225822,174
43937,105225996,105225822,174
43938,105244015,105243096,919
43939,105259938,105258980,958
43940,105259938,105258980,958
43941,105260528,105258980,1548
43942,105262080,105258980,3100
43943,105262080,105258980,3100
43944,105268803,105268803,0
43945,105271048,105268803,2245
43946,105290055,105287911,2144
43947,105363107,105361295,1812
43948,105363107,105361295,1812
43949,105363107,105361295,1812
43950,105399573,105399301,272
43951,105399573,105399301,272
43952,105408029,105407978,51
43953,105420241,105406781,13460
43954,105436820,105422939,13881
43955,105444694,105444574,120
43956,105461855,105461096,759
43957,105478266,105478266,0
43958,105487425,105478266,9159
43959,105487425,105478266,9159
43960,105522503,105517909,4594
43961,105531754,105521757,9997
43962,105531754,105523510,8244
43963,105617740,105615391,2349
43964,105635161,105634757,404
43965,105635161,105634757,404
43966,105647660,105647546,114
43967,105688251,105685524,2727
43968,105688729,105685524,3205
43969,105714222,105707683,6539
43970,105715741,105695230,20511
43971,105717430,105717009,421
43972,105767329,105766966,363
43973,105767329,105766966,363
43974,105767329,105766966,363
43975,105781914,105739151,42763
43976,105781914,105739151,42763
43977,105864484,105861009,3475
43978,105864484,105861009,3475
43979,105864484,105861009,3475
43980,105880196,105878170,2026
43981,105927290,105927290,0
43982,105927290,105927290,0
43983,105937057,105936552,505
43984,105937057,105930900,6157
43985,105937057,105936552,505
43986,105937057,105936552,505
43987,105945384,105945383,1
43988,105946507,105945990,517
43989,105946507,105945990,517
43990,105946507,105945990,517
43991,105946507,105945990,517
43992,105955124,105954848,276
43993,105965585,105965283,302
43994,105965585,105965283,302
43995,105965585,105965283,302
43996,105965585,105965283,302
43997,105965585,105965283,302
43998,105965585,105965283,302
43999,105996131,105996131,0
44000,105996539,105996131,408
44001,106139163,106135267,3896
44002,106239113,106236261,2852
44003,106329462,106329450,12
44004,106329462,106329450,12
44005,106329462,106329450,12
44006,106329462,106329450,12
44007,106330469,106067948,262521
44008,106330469,106208497,121972
44009,106330469,106311882,18587
44010,106330846,106330815,31
44011,106331467,106311882,19585
44012,106388530,106388498,32
44013,106388530,106388506,24
44014,106438358,106437039,1319
44015,107035191,107035162,29
44016,107259792,107259761,31
44017,20364420,20364401,19
44018,20711433,20667628,43805
44019,20711433,20667628,43805
44020,20667792,20667628,164
44021,20667792,20663155,4637
44022,20747114,20747023,91
44023,20781026,20778064,2962
44024,20961480,20961273,207
44025,21071977,21071610,367
44026,22016878,22016716,162
44027,22083137,22082770,367
44028,22383815,22383423,392
44029,22369561,22369517,44
44030,22383815,22383423,392
44031,22414395,22414385,10
44032,22714634,22710188,4446
44033,22715728,22710188,5540
44034,22746002,22744278,1724
44035,22872783,22872546,237
44036,22873891,22873248,643
44037,22863123,22863121,2
44038,23003603,23003040,563
44039,23003603,23003040,563
44040,22993155,22993155,0
44041,23003603,23003040,563
44042,23003603,23003040,563
44043,23034427,23021336,13091
44044,23034427,23021336,13091
44045,23034427,23021336,13091
44046,23034427,23021336,13091
44047,23034427,23021336,13091
44048,23034427,23021336,13091
44049,23086436,23086411,25
44050,23086436,23049308,37128
44051,23086843,23062272,24571
44052,23262743,23262502,241
44053,23378259,23377445,814
44054,23413995,23413970,25
44055,23448423,23445462,2961
44056,23579379,23579288,91
44057,23685207,23685193,14
44058,23692390,23692292,98
44059,23813166,23812453,713
44060,23820764,23820559,205
44061,23856711,23855783,928
44062,23892993,23892889,104
44063,23932450,23932364,86
44064,24928593,24924485,4108
44065,25223729,25223591,138
44066,25223729,25223591,138
44067,25223729,25223591,138
44068,25223729,25223591,138
44069,25223729,25223591,138
44070,25213976,25213184,792
44071,25223729,25223591,138
44072,25244225,25225206,19019
44073,25223729,25223591,138
44074,25223729,25223591,138
44075,25233379,25230821,2558
44076,25281635,25277834,3801
44077,25337524,25337524,0
44078,25430721,25430596,125
44079,25653831,25650609,3222
44080,25684175,25653795,30380
44081,25684175,25654254,29921
44082,25684175,25650609,33566
44083,26108349,26108243,106
44084,26874237,26874150,87
44085,26961912,26866666,95246
44086,27018223,27018109,114
44087,27018935,27018871,64
44088,27184686,27184583,103
44089,27194357,27193380,977
44090,27194357,27193380,977
44091,27726479,27725983,496
44092,27778373,27778027,346
44093,28344458,28327020,17438
44094,28344458,28327020,17438
44095,28362697,28362639,58
44096,28567298,28566579,719
44097,28449082,28447577,1505
44098,28567298,28517528,49770
44099,28603079,28603061,18
44100,28632839,28632839,0
44101,28637171,28634209,2962
44102,28637171,28634209,2962
44103,28637171,28634209,2962
44104,28778143,28772607,5536
44105,28778143,28772607,5536
44106,28778143,28772607,5536
44107,28778143,28778019,124
44108,28804944,28804944,0
44109,28807725,28806525,1200
44110,29093821,29093692,129
44111,29347038,29347038,0
44112,29400823,29400778,45
44113,29410516,29409336,1180
44114,29410516,29409336,1180
44115,29410516,29409336,1180
44116,29394962,29394122,840
44117,29488891,29443978,44913
44118,29862927,29862927,0
44119,29562020,29561909,111
44120,29971367,29969407,1960
44121,30092905,30092896,9
44122,30113751,30112768,983
44123,30114706,30114231,475
44124,30114706,30114231,475
44125,30380247,30380217,30
44126,30432347,30432317,30
44127,30439395,30437770,1625
44128,30506743,30503009,3734
44129,30685864,30675554,10310
44130,30685864,30665235,20629
44131,30685864,30665235,20629
44132,30700176,30700165,11
44133,30931023,30927833,3190
44134,31119986,31119986,0
44135,31203991,31203043,948
44136,31203991,31203043,948
44137,31203991,31203043,948
44138,31235310,31229459,5851
44139,31235310,31229459,5851
44140,31239503,31234248,5255
44141,31242539,31240624,1915
44142,31283807,31283709,98
44143,31283807,31253097,30710
44144,31283807,31253097,30710
44145,31283618,31269033,14585
44146,31360295,31360247,48
44147,31393929,31373558,20371
44148,31393929,31369124,24805
44149,31453476,31453162,314
44150,31393929,31369124,24805
44151,31523050,31522936,114
44152,31670102,31664502,5600
44153,31947542,31947449,93
44154,32162784,31947449,215335
44155,32162784,31947449,215335
44156,32404564,32404564,0
44157,32404564,32404564,0
44158,32462384,32460659,1725
44159,32462384,32460659,1725
44160,32462384,32460659,1725
44161,32446187,32446186,1
44162,32455536,32455536,0
44163,32462384,32460659,1725
44164,32747835,32747737,98
44165,32741563,32741530,33
44166,32893206,32893133,73
44167,32931868,32930046,1822
44168,32928382,32928139,243
44169,32931868,32930046,1822
44170,32931868,32930046,1822
44171,32989298,32988810,488
44172,32989298,32988810,488
44173,33011208,33010739,469
44174,33026870,33023446,3424
44175,33026870,33023446,3424
44176,33026870,33023446,3424
44177,33023446,33023446,0
44178,33360233,33360085,148
44179,33486934,33447115,39819
44180,33360233,33360085,148
44181,33486934,33447115,39819
44182,34158303,34157427,876
44183,34158303,34157427,876
44184,34331303,34331247,56
44185,34357287,34356517,770
44186,34357287,34356517,770
44187,34356517,34356517,0
44188,34394053,34394040,13
44189,34396591,34396490,101
44190,34502297,34455877,46420
44191,34502297,34445140,57157
44192,34502297,34455877,46420
44193,34518755,34518061,694
44194,34522352,34521989,363
44195,34522352,34522048,304
44196,34591859,34551139,40720
44197,34611021,34610879,142
44198,34629045,34628881,164
44199,34629045,34628881,164
44200,34629961,34628704,1257
44201,34629961,34628854,1107
44202,34629961,34628881,1080
44203,34630265,34628881,1384
44204,34630265,34628704,1561
44205,34635362,34635274,88
44206,34649931,34649692,239
44207,34649931,34649692,239
44208,34649931,34649692,239
44209,34659395,34659301,94
44210,34659395,34659301,94
44211,34677692,34677482,210
44212,34682001,34681892,109
44213,34826374,34823703,2671
44214,34826374,34823703,2671
44215,34828222,34828113,109
44216,35046782,35046689,93
44217,35087927,35087009,918
44218,35261995,35261814,181
44219,35280497,35275635,4862
44220,35275635,35275635,0
44221,35838404,35838342,62
44222,35838404,35838342,62
44223,37102449,37100654,1795
44224,37100690,37100654,36
44225,37102449,37100654,1795
44226,37102449,37100654,1795
44227,37189241,37188952,289
44228,37189241,37188952,289
44229,37390562,37390373,189
44230,37390562,37390373,189
44231,37391597,37390171,1426
44232,37391800,37386778,5022
44233,37392341,37391667,674
44234,37392341,37391667,674
44235,37392341,37391667,674
44236,37392341,37391667,674
44237,37393500,37390373,3127
44238,37393500,37391667,1833
44239,38259925,38258844,1081
44240,38234588,38234460,128
44241,38243623,38243435,188
44242,38649450,38643865,5585
44243,38773829,38773756,73
44244,38777063,38776860,203
44245,38811572,38810599,973
44246,38811572,38810599,973
44247,38857007,38856829,178
44248,38857007,38856829,178
44249,38992239,38990746,1493
44250,39547048,39544888,2160
44251,39544888,39544888,0
44252,39889668,39887570,2098
44253,39889668,39887570,2098
44254,40075039,40068725,6314
44255,40121477,40121318,159
44256,40213093,40212227,866
44257,40213093,40212227,866
44258,40267625,40265983,1642
44259,40327797,40327285,512
44260,40327797,40327285,512
44261,40327797,40327285,512
44262,40327797,40327285,512
44263,40331389,40331317,72
44264,40331389,40331317,72
44265,40398292,40398287,5
44266,40398639,40398287,352
44267,40401085,40398287,2798
44268,40401085,40398287,2798
44269,40513337,40512960,377
44270,40498659,40498657,2
44271,40569688,40568295,1393
44272,40569688,40568295,1393
44273,40569688,40568295,1393
44274,40569688,40568295,1393
44275,40545110,40545089,21
44276,40569688,40568295,1393
44277,40574787,40574787,0
44278,40583530,40583026,504
44279,40600174,40599873,301
44280,40600174,40599873,301
44281,40600174,40599873,301
44282,40600174,40599873,301
44283,40630334,40630298,36
44284,40633168,40633152,16
44285,40632839,40631263,1576
44286,40648634,40648504,130
44287,40648504,40648504,0
44288,40663256,40662519,737
44289,40686489,40685432,1057
44290,40686489,40685798,691
44291,40686489,40684190,2299
44292,40713512,40710462,3050
44293,40713512,40710462,3050
44294,40713512,40710462,3050
44295,40760441,40758329,2112
44296,40760441,40758329,2112
44297,40760441,40758329,2112
44298,40760441,40758329,2112
44299,40765357,40764543,814
44300,40857252,40855208,2044
44301,40824749,40824717,32
44302,40857252,40855214,2038
44303,40857252,40856979,273
44304,40857252,40855214,2038
44305,40857252,40855208,2044
44306,40866661,40866460,201
44307,40866661,40866460,201
44308,40917838,40917838,0
44309,40918240,40917964,276
44310,40954881,40954386,495
44311,40954881,40954386,495
44312,41024356,41023376,980
44313,41024356,41023321,1035
44314,41024356,41023376,980
44315,41024356,41023376,980
44316,41011097,41011095,2
44317,41047447,41046981,466
44318,41047458,41046981,477
44319,41048049,41046981,1068
44320,41059911,41059547,364
44321,41059911,41059547,364
44322,41099676,41099644,32
44323,41064648,41063221,1427
44324,41106767,41106424,343
44325,41106767,41106424,343
44326,41106767,41106424,343
44327,41106767,41106424,343
44328,41120907,41120839,68
44329,41120907,41120839,68
44330,41149853,41149173,680
44331,41149853,41149173,680
44332,41149853,41149173,680
44333,41149853,41149173,680
44334,41166487,41166337,150
44335,41196173,41195539,634
44336,41231258,41230232,1026
44337,41248717,41247972,745
44338,41248717,41247972,745
44339,41280172,41280124,48
44340,41408340,41388508,19832
44341,41482568,41482410,158
44342,41522895,41522704,191
44343,41522895,41518773,4122
44344,41574083,41571587,2496
44345,41624819,41624759,60
44346,41673248,41672384,864
44347,41673248,41672384,864
44348,41673248,41672384,864
44349,41673248,41672384,864
44350,41673248,41672384,864
44351,41673248,41672384,864
44352,41673248,41672384,864
44353,41694658,41689257,5401
44354,41694658,41689257,5401
44355,41775761,41772885,2876
44356,41795757,41795364,393
44357,41806085,41805907,178
44358,41806085,41805907,178
44359,41806085,41805907,178
44360,41806085,41805907,178
44361,41836464,41829323,7141
44362,41815158,41814210,948
44363,41871536,41870474,1062
44364,42005694,42005693,1
44365,42062141,42059478,2663
44366,42062141,42059478,2663
44367,42054560,42054559,1
44368,42044514,42042837,1677
44369,42120053,42117634,2419
44370,42120053,42117634,2419
44371,42120053,42117634,2419
44372,42120053,42117634,2419
44373,42120053,42117634,2419
44374,42120053,42117634,2419
44375,42120053,42117634,2419
44376,42128441,42128440,1
44377,42132428,42129354,3074
44378,42140346,42140058,288
44379,42140346,42139888,458
44380,42129572,42129354,218
44381,42140346,42140058,288
44382,42140346,42140058,288
44383,42138580,42138400,180
44384,42186275,42185695,580
44385,42264755,42264692,63
44386,42264755,42264692,63
44387,42289457,42281664,7793
44388,42289720,42287676,2044
44389,42342901,42342901,0
44390,42386752,42386657,95
44391,42437880,42436680,1200
44392,42440672,42439915,757
44393,42448839,42448747,92
44394,42448839,42442829,6010
44395,42448839,42442829,6010
44396,42448839,42444912,3927
44397,42458430,42456619,1811
44398,42500502,42500351,151
44399,42500502,42500351,151
44400,42565755,42565596,159
44401,42565755,42565474,281
44402,42565755,42565474,281
44403,42565755,42565596,159
44404,42607031,42606294,737
44405,42576587,42576239,348
44406,42645864,42644337,1527
44407,42704515,42703971,544
44408,42704515,42703971,544
44409,42704515,42703971,544
44410,42704515,42703971,544
44411,42704515,42703971,544
44412,42704515,42703971,544
44413,42704515,42703971,544
44414,42704515,42703971,544
44415,42704360,42704358,2
44416,42704515,42703971,544
44417,42704515,42703971,544
44418,42704515,42703971,544
44419,42740903,42740890,13
44420,42749730,42749403,327
44421,42749754,42740890,8864
44422,42764516,42764487,29
44423,42749754,42743749,6005
44424,42764516,42764487,29
44425,42825259,42823676,1583
44426,42825259,42823676,1583
44427,42841000,42840632,368
44428,42841002,42840632,370
44429,42862190,42859014,3176
44430,42862190,42859014,3176
44431,42862190,42859014,3176
44432,43013196,43011772,1424
44433,43026544,43022946,3598
44434,43029417,43029300,117
44435,43213007,43170815,42192
44436,43213007,43170756,42251
44437,43213007,43170815,42192
44438,43398286,43398220,66
44439,43398286,43398220,66
44440,43477341,43476784,557
44441,43477341,43476784,557
44442,43483873,43483871,2
44443,43489375,43487039,2336
44444,43489375,43487039,2336
44445,43489375,43487039,2336
44446,43489375,43487039,2336
44447,43489375,43487039,2336
44448,43489375,43487039,2336
44449,43501797,43500503,1294
44450,43513323,43513023,300
44451,43513323,43513023,300
44452,43513323,43513023,300
44453,43531941,43531436,505
44454,43559055,43559047,8
44455,43559055,43559047,8
44456,43594453,43594448,5
44457,43622820,43622687,133
44458,43641615,43641275,340
44459,43646096,43644143,1953
44460,43646096,43644143,1953
44461,43661336,43661283,53
44462,43662258,43662111,147
44463,43662258,43662108,150
44464,43662258,43662108,150
44465,43662258,43662108,150
44466,43698240,43697412,828
44467,43698240,43697412,828
44468,43709414,43708531,883
44469,43784675,43784658,17
44470,43785354,43785241,113
44471,43785354,43785241,113
44472,43802707,43784658,18049
44473,43785354,43785241,113
44474,43823818,43822422,1396
44475,43877090,43876702,388
44476,43882451,43876702,5749
44477,43882451,43876702,5749
44478,43882451,43876702,5749
44479,43863774,43863765,9
44480,43877090,43876702,388
44481,43882451,43876702,5749
44482,43877090,43876702,388
44483,43882451,43876702,5749
44484,43891604,43891471,133
44485,43891604,43891471,133
44486,43889261,43888771,490
44487,43889261,43888771,490
44488,43889261,43888771,490
44489,43890525,43889594,931
44490,43889261,43888771,490
44491,43903223,43895538,7685
44492,43910998,43910920,78
44493,43910998,43907654,3344
44494,43910554,43910396,158
44495,43941039,43940259,780
44496,43941039,43940259,780
44497,43941042,43940259,783
44498,43941039,43940259,780
44499,43982247,43976537,5710
44500,43982247,43976537,5710
44501,43991420,43991287,133
44502,43991420,43991287,133
44503,43988917,43988603,314
44504,44004966,44004905,61
44505,44010016,44009858,158
44506,44064804,44063416,1388
44507,44064804,44063416,1388
44508,44064804,44063416,1388
44509,44068605,44068379,226
44510,44069502,44069099,403
44511,44091335,44068057,23278
44512,44088287,44085971,2316
44513,44088287,44085971,2316
44514,44088287,44086170,2117
44515,44088287,44086170,2117
44516,44094769,44094004,765
44517,44088287,44085971,2316
44518,44091562,44090640,922
44519,44092295,44092184,111
44520,44092295,44090640,1655
44521,44094769,44094004,765
44522,44094769,44093916,853
44523,44095241,44093778,1463
44524,44116951,44116767,184
44525,44160617,44158590,2027
44526,44160617,44158590,2027
44527,44202177,44176971,25206
44528,44486644,44211718,274926
44529,44177965,44176971,994
44530,44487429,44487252,177
44531,44487429,44176971,310458
44532,44487429,44194398,293031
44533,44695391,44695314,77
44534,44707959,44705604,2355
44535,44707959,44705604,2355
44536,44819429,44816372,3057
44537,44819429,44816372,3057
44538,44819429,44816372,3057
44539,44819429,44816372,3057
44540,44855001,44853347,1654
44541,44855001,44853347,1654
44542,44876756,44876744,12
44543,44955876,44955845,31
44544,44955876,44955845,31
44545,44955876,44955845,31
44546,44892830,44890907,1923
44547,44912900,44912698,202
44548,44955876,44955845,31
44549,44969086,44968688,398
44550,44969086,44964263,4823
44551,45003514,45003392,122
44552,45008550,45007922,628
44553,45008554,45007860,694
44554,45010357,45008540,1817
44555,45060025,45059970,55
44556,45060025,45059970,55
44557,45060025,45059970,55
44558,45060025,45059970,55
44559,45060025,45059970,55
44560,45271421,45270826,595
44561,45367287,45365728,1559
44562,45367287,45365728,1559
44563,45406359,45405609,750
44564,45406359,45405609,750
44565,45410301,45410107,194
44566,45415241,45415212,29
44567,45415241,45415212,29
44568,45422059,45415212,6847
44569,45422059,45415212,6847
44570,45422075,45415212,6863
44571,45422075,45415212,6863
44572,45457774,45457099,675
44573,45457774,45457099,675
44574,45457774,45457099,675
44575,45445419,45444857,562
44576,45473405,45470396,3009
44577,45479899,45470396,9503
44578,45493373,45491272,2101
44579,45470504,45470396,108
44580,45470504,45470396,108
44581,45479899,45470396,9503
44582,45568132,45567711,421
44583,45670742,45661620,9122
44584,45670980,45670651,329
44585,45670980,45670810,170
44586,45672321,45671421,900
44587,45713616,45713408,208
44588,45725647,45725214,433
44589,45725647,45725214,433
44590,45815002,45814552,450
44591,45848928,45848169,759
44592,45901909,45898712,3197
44593,45983492,45983228,264
44594,45983492,45983228,264
44595,48066420,48063982,2438
44596,48066420,48063982,2438
44597,48057677,48057257,420
44598,48066420,48063982,2438
44599,48066420,48063982,2438
44600,48066420,48062744,3676
44601,48066420,48063982,2438
44602,48066420,48063982,2438
44603,48416873,48414301,2572
44604,48434589,48434548,41
44605,48434589,48434548,41
44606,48442183,48441560,623
44607,48444449,48444113,336
44608,48470558,48470434,124
44609,48470558,48470434,124
44610,48434589,48434548,41
44611,48470558,48458174,12384
44612,48495951,48493743,2208
44613,48577446,48577445,1
44614,48493743,48493743,0
44615,48596275,48595082,1193
44616,48596275,48595082,1193
44617,48529546,48529261,285
44618,48596275,48595082,1193
44619,48596275,48595082,1193
44620,48635570,48634275,1295
44621,48635570,48634275,1295
44622,48635570,48634275,1295
44623,48937985,48936966,1019
44624,49103343,49097846,5497
44625,49103343,49097846,5497
44626,49103343,49097846,5497
44627,49169686,49168855,831
44628,49170251,49164321,5930
44629,49255641,49255212,429
44630,49172380,49170937,1443
44631,49338760,49338496,264
44632,49338760,49338496,264
44633,49338760,49320829,17931
44634,49338760,49338496,264
44635,49447854,49447775,79
44636,49447854,49447775,79
44637,49447854,49447775,79
44638,49622002,49620356,1646
44639,49450822,49448918,1904
44640,49622002,49620356,1646
44641,49622002,49620356,1646
44642,49622002,49620356,1646
44643,49913118,49907368,5750
44644,49913051,49907368,5683
44645,49779523,49776701,2822
44646,49937333,49935775,1558
44647,49937333,49935775,1558
44648,49937333,49935775,1558
44649,50168727,50168510,217
44650,50405513,50303095,102418
44651,50411419,50303095,108324
44652,50411419,50399163,12256
44653,50194480,50194018,462
44654,50528589,50528293,296
44655,50528589,50528293,296
44656,50528589,50528293,296
44657,50545502,50544987,515
44658,50558162,50557820,342
44659,50558162,50557820,342
44660,50558162,50557820,342
44661,50558162,50557820,342
44662,50647605,50601995,45610
44663,50647605,50601995,45610
44664,50647605,50596210,51395
44665,50647605,50601995,45610
44666,50647605,50601995,45610
44667,50647605,50601995,45610
44668,50647605,50601995,45610
44669,50647076,50646893,183
44670,50774262,50774262,0
44671,50793277,50791285,1992
44672,50793277,50791285,1992
44673,50793277,50791285,1992
44674,50793277,50791285,1992
44675,50774262,50774262,0
44676,50793277,50791285,1992
44677,50836003,50835944,59
44678,50838902,50838722,180
44679,50874666,50867966,6700
44680,50979012,50978730,282
44681,50979012,50978730,282
44682,50916497,50916476,21
44683,51057910,51057730,180
44684,51240356,51233935,6421
44685,51298097,51294859,3238
44686,51298097,51294859,3238
44687,51397473,51397373,100
44688,51630795,51535109,95686
44689,51630795,51535109,95686
44690,51630795,51535109,95686
44691,51535208,51535109,99
44692,51630795,51535109,95686
44693,51677749,51676158,1591
44694,51700209,51696951,3258
44695,51700209,51696951,3258
44696,51773820,51773512,308
44697,51914967,51914742,225
44698,51914967,51914742,225
44699,51914967,51914742,225
44700,51914967,51914742,225
44701,52013223,52011723,1500
44702,52013223,52011723,1500
44703,52030320,52029819,501
44704,52043650,52017318,26332
44705,52108558,52100651,7907
44706,52108558,52100651,7907
44707,52108558,52100651,7907
44708,52204331,52201007,3324
44709,52263958,52263942,16
44710,52263958,52263942,16
44711,52358462,52357197,1265
44712,52404972,52404923,49
44713,52420992,52420424,568
44714,52472162,52472076,86
44715,52472162,52472076,86
44716,52483565,52476873,6692
44717,52472162,52472076,86
44718,52587995,52587833,162
44719,52587995,52587833,162
44720,52643678,52643555,123
44721,52821247,52821003,244
44722,52821247,52821003,244
44723,52643678,52643555,123
44724,52643678,52643555,123
44725,52643678,52643555,123
44726,52821247,52718088,103159
44727,52861213,52861089,124
44728,52861364,52861089,275
44729,52877520,52877108,412
44730,52944237,52944103,134
44731,52970820,52970218,602
44732,52970953,52903911,67042
44733,53082209,53082081,128
44734,53833300,53833277,23
44735,54051859,54025346,26513
44736,54055075,54025346,29729
44737,54051859,54025346,26513
44738,54920806,54919311,1495
44739,54920806,54919311,1495
44740,54709268,54709229,39
44741,54920806,54919311,1495
44742,55489231,55489088,143
44743,55562482,55527132,35350
44744,55562592,55527132,35460
44745,55563107,55527132,35975
44746,55582013,55527132,54881
44747,55647846,55647630,216
44748,55647846,55647630,216
44749,55665150,55664264,886
44750,55700574,55681622,18952
44751,55700708,55663993,36715
44752,55700708,55681622,19086
44753,55700708,55681622,19086
44754,55700708,55681622,19086
44755,55790782,55681622,109160
44756,55652836,55652830,6
44757,55710910,55710768,142
44758,55800432,55790527,9905
44759,55800432,55790527,9905
44760,55800432,55790527,9905
44761,55880137,55880081,56
44762,55881050,55881050,0
44763,56035177,56035129,48
44764,55967881,55967768,113
44765,56209329,56209029,300
44766,56209329,56209029,300
44767,56209329,56209029,300
44768,56209329,56209029,300
44769,56285835,56285753,82
44770,56394449,56394411,38
44771,56535483,56535483,0
44772,56738072,56720642,17430
44773,56738072,56720642,17430
44774,56690539,56687056,3483
44775,56756445,56739098,17347
44776,56757335,56757170,165
44777,56927608,56927430,178
44778,57025787,56999307,26480
44779,57025787,56996454,29333
44780,57025787,56999307,26480
44781,57210697,57017112,193585
44782,56999348,56999307,41
44783,57025787,56999307,26480
44784,57579190,57578833,357
44785,57574796,57574785,11
44786,57580714,57574785,5929
44787,57580714,57574785,5929
44788,57580714,57574785,5929
44789,57580714,57574785,5929
44790,57580714,57574785,5929
44791,57580714,57574785,5929
44792,57580714,57574785,5929
44793,57580714,57574785,5929
44794,57580714,57574785,5929
44795,57580714,57574785,5929
44796,57565420,57565420,0
44797,57842925,57839688,3237
44798,57842925,57839688,3237
44799,57977562,57976696,866
44800,57977562,57976696,866
44801,58009755,58006877,2878
44802,58009755,58006877,2878
44803,58009755,58006767,2988
44804,58009755,58006877,2878
44805,58001556,58000944,612
44806,58009755,58006877,2878
44807,58009755,58006877,2878
44808,58306295,58306130,165
44809,58358121,58357848,273
44810,58358121,58350263,7858
44811,58358121,58357848,273
44812,58571462,58571402,60
44813,58478110,58476334,1776
44814,58478110,58476334,1776
44815,58855922,58855920,2
44816,58861073,58861026,47
44817,58861073,58861026,47
44818,58856207,58855926,281
44819,58861073,58861026,47
44820,58790934,58787055,3879
44821,59042177,59041733,444
44822,59042177,59041733,444
44823,58913820,58913791,29
44824,58985478,58985324,154
44825,59149734,59146809,2925
44826,59149734,59146809,2925
44827,59186781,59186715,66
44828,59225852,59225764,88
44829,59225852,59225764,88
44830,59225852,59186715,39137
44831,59225852,59186715,39137
44832,59225852,59225764,88
44833,59389618,59387099,2519
44834,59389618,59387099,2519
44835,59389618,59387099,2519
44836,59389618,59387099,2519
44837,59389618,59387099,2519
44838,59389618,59387099,2519
44839,59389618,59387099,2519
44840,59417237,59415865,1372
44841,59417244,59417076,168
44842,59665071,59664699,372
44843,59500785,59500285,500
44844,59752749,59752582,167
44845,59815751,59813577,2174
44846,59912210,59911754,456
44847,59912210,59911754,456
44848,59911754,59911754,0
44849,59949737,59944476,5261
44850,59981125,59981059,66
44851,59981642,59981639,3
44852,60298142,60298140,2
44853,60298140,60298140,0
44854,60690185,60678274,11911
44855,60690185,60678274,11911
44856,60690185,60678274,11911
44857,60690185,60690112,73
44858,60690185,60678274,11911
44859,60771359,60758909,12450
44860,60771359,60770176,1183
44861,60745983,60745930,53
44862,60771359,60770176,1183
44863,60771128,60770176,952
44864,60884707,60884616,91
44865,60884707,60884613,94
44866,60919729,60919573,156
44867,60919729,60919573,156
44868,61521502,61521417,85
44869,62352664,62352573,91
44870,62352664,62352573,91
44871,62352664,62352573,91
44872,62352664,62352573,91
44873,62209834,62209725,109
44874,62363116,62360922,2194
44875,62360922,62360922,0
44876,62457482,62457183,299
44877,62457183,62457183,0
44878,62540994,62540986,8
44879,63136829,63132809,4020
44880,63136829,63132809,4020
44881,63077037,63076167,870
44882,63136829,63132809,4020
44883,63358292,63358098,194
44884,63358292,63356345,1947
44885,63364113,63363371,742
44886,63364113,63363371,742
44887,63364113,63363371,742
44888,63364113,63363371,742
44889,63364113,63363371,742
44890,63356389,63356345,44
44891,63358292,63356345,1947
44892,63341586,63341172,414
44893,63341447,63341172,275
44894,63355091,63355008,83
44895,63362831,63362142,689
44896,63362831,63362142,689
44897,63364113,63363371,742
44898,63364113,63363371,742
44899,63422026,63421853,173
44900,63434260,63434004,256
44901,63449741,63449604,137
44902,63559973,63555818,4155
44903,63559973,63555818,4155
44904,63601325,63597980,3345
44905,63601325,63597980,3345
44906,63601325,63597980,3345
44907,63674075,63673919,156
44908,63674075,63673919,156
44909,63674075,63673919,156
44910,63886839,63883025,3814
44911,63886839,63883025,3814
44912,63886839,63883025,3814
44913,63886839,63883025,3814
44914,63886839,63883025,3814
44915,63886839,63883025,3814
44916,63886839,63883025,3814
44917,63892933,63891392,1541
44918,63894620,63893885,735
44919,64126147,64067822,58325
44920,64126147,64067822,58325
44921,64126147,64067822,58325
44922,64126116,64067822,58294
44923,64338521,64332460,6061
44924,64338521,64332430,6091
44925,64386207,64385967,240
44926,64386207,64385967,240
44927,64386207,64385967,240
44928,64427153,64427057,96
44929,64436433,64430396,6037
44930,64436433,64429817,6616
44931,64436433,64429817,6616
44932,64436433,64429817,6616
44933,64447087,64446350,737
44934,64447120,64444825,2295
44935,64449680,64446707,2973
44936,64455354,64455185,169
44937,64455354,64455161,193
44938,64648442,64592698,55744
44939,64592922,64592698,224
44940,64648442,64592698,55744
44941,64665911,64558064,107847
44942,64673702,64673570,132
44943,64673702,64673570,132
44944,64747502,64747263,239
44945,64795259,64792614,2645
44946,64978266,64973581,4685
44947,64995462,64995247,215
44948,65067770,65067518,252
44949,65113480,65111399,2081
44950,65113735,65113609,126
44951,65117838,65116534,1304
44952,65117838,65116534,1304
44953,65117838,65116534,1304
44954,65160201,65158087,2114
44955,65160201,65158087,2114
44956,65223783,65223783,0
44957,65224711,65223834,877
44958,65224711,65223834,877
44959,65251041,65249527,1514
44960,65224711,65223834,877
44961,65251041,65249527,1514
44962,65281812,65275907,5905
44963,65282251,65275907,6344
44964,65282251,65275907,6344
44965,65321977,65321951,26
44966,65345734,65345502,232
44967,65360388,65360173,215
44968,65360388,65360173,215
44969,65369028,65368936,92
44970,65372276,65370530,1746
44971,65398726,65398553,173
44972,65407535,65398553,8982
44973,65398726,65398553,173
44974,65426174,65426119,55
44975,65477563,65477491,72
44976,65477563,65477491,72
44977,65503840,65502093,1747
44978,65579018,65578764,254
44979,65579018,65578764,254
44980,65579018,65578764,254
44981,65670378,65670126,252
44982,65621935,65621793,142
44983,65648710,65628292,20418
44984,65688767,65688262,505
44985,65715410,65715200,210
44986,65759561,65756173,3388
44987,65809608,65808030,1578
44988,65809609,65808030,1579
44989,65810019,65804891,5128
44990,65810035,65804891,5144
44991,65810035,65808030,2005
44992,65810035,65804891,5144
44993,65810035,65808030,2005
44994,65782637,65782626,11
44995,65870693,65868717,1976
44996,65870693,65868717,1976
44997,65903486,65899718,3768
44998,65903486,65903086,400
44999,65903627,65903486,141
45000,65903627,65899718,3909
45001,65903627,65899718,3909
45002,65903627,65903486,141
45003,65903627,65897559,6068
45004,65903627,65903486,141
45005,65945267,65944226,1041
45006,65953256,65952659,597
45007,65948598,65946417,2181
45008,65948598,65946417,2181
45009,65948598,65946417,2181
45010,65948598,65946417,2181
45011,66084631,66048788,35843
45012,66084631,66048788,35843
45013,66084631,66048788,35843
45014,66084631,66048788,35843
45015,66184329,66180178,4151
45016,66184329,66180090,4239
45017,66546075,66420741,125334
45018,66546075,66416312,129763
45019,66546075,66420741,125334
45020,66618702,66618700,2
45021,66626236,66625650,586
45022,66618899,66618754,145
45023,66626236,66625650,586
45024,66626236,66625650,586
45025,66643945,66641760,2185
45026,66649054,66645285,3769
45027,66649054,66641760,7294
45028,66783882,66782953,929
45029,66783882,66782953,929
45030,66784406,66784366,40
45031,66790146,66790069,77
45032,66797193,66797128,65
45033,66816870,66795088,21782
45034,66797193,66797128,65
45035,66839043,66839017,26
45036,66841822,66839017,2805
45037,66841822,66839017,2805
45038,66841822,66839017,2805
45039,66857835,66857703,132
45040,66858317,66853614,4703
45041,66858317,66850075,8242
45042,66978136,66977667,469
45043,67074337,67073873,464
45044,67074337,67073873,464
45045,67487533,67482874,4659
45046,67487533,67482874,4659
45047,67487533,67482874,4659
45048,67487533,67482874,4659
45049,67547074,67546969,105
45050,67547074,67528779,18295
45051,67547536,67528779,18757
45052,67599561,67599166,395
45053,67665000,67665000,0
45054,67666504,67665836,668
45055,67794142,67793084,1058
45056,67794142,67786679,7463
45057,67794142,67793084,1058
45058,67819641,67818883,758
45059,68099455,68099088,367
45060,68099455,68099088,367
45061,68099455,68099088,367
45062,68099455,68099088,367
45063,68126174,68126174,0
45064,68446077,68446077,0
45065,68480404,68480173,231
45066,68498448,68497714,734
45067,68498448,68497714,734
45068,68522080,68521922,158
45069,68522080,68510968,11112
45070,68549444,68549206,238
45071,68549549,68510968,38581
45072,68583640,68583580,60
45073,68588021,68583580,4441
45074,68724492,68724405,87
45075,68724492,68724405,87
45076,69020144,69018313,1831
45077,69020144,69018313,1831
45078,69020144,69018313,1831
45079,69020144,69018313,1831
45080,69113261,69113090,171
45081,69099440,69098984,456
45082,69239150,69238926,224
45083,69349501,69349036,465
45084,69349501,69349036,465
45085,69349501,69349036,465
45086,69349501,69349036,465
45087,69349501,69349036,465
45088,69349501,69349036,465
45089,69564544,69561583,2961
45090,69699976,69696161,3815
45091,69699976,69696161,3815
45092,69740764,69740146,618
45093,69740764,69740146,618
45094,69740764,69740146,618
45095,69740764,69740146,618
45096,69747884,69747846,38
45097,69747884,69747846,38
45098,70387124,70386906,218
45099,70388943,70388642,301
45100,70389061,70389018,43
45101,70390256,70389137,1119
45102,70390256,70389137,1119
45103,70390256,70389137,1119
45104,70390256,70389137,1119
45105,70390256,70389137,1119
45106,70994620,70994254,366
45107,71055850,71055746,104
45108,71055850,71055746,104
45109,70994620,70994251,369
45110,71146498,71146427,71
45111,71146498,71146427,71
45112,71342436,71341951,485
45113,71184772,71184611,161
45114,71342436,71341951,485
45115,71342436,71341951,485
45116,71342436,71341951,485
45117,71342436,71341951,485
45118,71342436,71341951,485
45119,71407839,71404621,3218
45120,72075722,72069713,6009
45121,72026249,72021102,5147
45122,72030556,72030510,46
45123,72075722,72069713,6009
45124,72063547,72063546,1
45125,72107270,72106462,808
45126,72110597,72110025,572
45127,72191373,72191015,358
45128,72410440,72338904,71536
45129,72191373,72191015,358
45130,72338975,72338904,71
45131,72410440,72302728,107712
45132,72410440,72338904,71536
45133,72433311,72432603,708
45134,72433311,72432603,708
45135,72433311,72432603,708
45136,72433311,72432603,708
45137,72433311,72432603,708
45138,72432603,72432603,0
45139,72456130,72456080,50
45140,72490136,72490112,24
45141,72490136,72490112,24
45142,72495005,72492045,2960
45143,72522063,72521889,174
45144,72523727,72523328,399
45145,72523727,72511438,12289
45146,72523727,72511438,12289
45147,72523727,72511438,12289
45148,72523727,72513542,10185
45149,72523727,72511438,12289
45150,72523727,72523328,399
45151,72521017,72520967,50
45152,72558332,72554038,4294
45153,72563628,72559818,3810
45154,72560012,72559818,194
45155,72559163,72554038,5125
45156,72559163,72554038,5125
45157,72598656,72597135,1521
45158,72598656,72584593,14063
45159,72613043,72612215,828
45160,72613043,72612582,461
45161,72613043,72612215,828
45162,72613529,72584593,28936
45163,72668520,72668313,207
45164,72668520,72668313,207
45165,72668520,72668313,207
45166,72668520,72647947,20573
45167,72668520,72647947,20573
45168,72700708,72700234,474
45169,72878896,72875633,3263
45170,72959738,72958683,1055
45171,73030817,73029928,889
45172,73030817,73029928,889
45173,73030817,73029928,889
45174,73030817,73029928,889
45175,73027986,73027539,447
45176,73048788,73048340,448
45177,73067502,73067497,5
45178,73076126,73076032,94
45179,73076126,73067305,8821
45180,73076126,73048714,27412
45181,73076126,73076032,94
45182,73076667,73076424,243
45183,73597547,73595037,2510
45184,73597547,73595037,2510
45185,73597547,73595037,2510
45186,73597547,73595037,2510
45187,73597547,73595037,2510
45188,73661605,73660611,994
45189,73852353,73852257,96
45190,73852353,73852257,96
45191,73925753,73925556,197
45192,73925753,73925556,197
45193,73925753,73925556,197
45194,73925753,73925556,197
45195,73925753,73925556,197
45196,74003511,74003510,1
45197,74004495,74003531,964
45198,74006859,74005297,1562
45199,74006859,74005297,1562
45200,74006859,74005297,1562
45201,74043816,74043471,345
45202,74181556,74181442,114
45203,74181556,74181442,114
45204,74244478,74244178,300
45205,74284689,74284564,125
45206,74284689,74284564,125
45207,74284689,74284564,125
45208,74284689,74283162,1527
45209,74284689,74284564,125
45210,74284689,74284564,125
45211,74286963,74281577,5386
45212,74328734,74325949,2785
45213,74328735,74326997,1738
45214,74328735,74326836,1899
45215,74328735,74328292,443
45216,74328735,74326836,1899
45217,74328735,74328292,443
45218,74328735,74328401,334
45219,74335717,74326836,8881
45220,74335717,74335521,196
45221,74335717,74335521,196
45222,74335717,74326836,8881
45223,74340155,74337349,2806
45224,74340155,74337349,2806
45225,74340155,74337349,2806
45226,74320783,74317283,3500
45227,74328735,74326836,1899
45228,74328735,74328292,443
45229,74374891,74374850,41
45230,74421619,74421432,187
45231,74429143,74427333,1810
45232,74429143,74427333,1810
45233,74429143,74427333,1810
45234,74429143,74427333,1810
45235,74427333,74427333,0
45236,74469212,74468486,726
45237,74469212,74468486,726
45238,74468486,74468486,0
45239,74488630,74488016,614
45240,74495220,74494860,360
45241,74495220,74494608,612
45242,74495220,74494860,360
45243,74495556,74489740,5816
45244,74495556,74494608,948
45245,74500395,74500067,328
45246,74501371,74494608,6763
45247,74501371,74494608,6763
45248,74502046,74501795,251
45249,74501371,74494608,6763
45250,74628482,74628394,88
45251,74628813,74628798,15
45252,74627751,74627513,238
45253,74628482,74627513,969
45254,74628482,74627513,969
45255,74658553,74637535,21018
45256,74658553,74637535,21018
45257,74660081,74659926,155
45258,74660081,74637495,22586
45259,74660081,74636298,23783
45260,74660081,74659926,155
45261,74726001,74709986,16015
45262,74726299,74726259,40
45263,74726299,74726259,40
45264,74753510,74751208,2302
45265,74753510,74753099,411
45266,74753529,74751208,2321
45267,74753529,74751208,2321
45268,74867343,74865610,1733
45269,74890472,74888115,2357
45270,74890472,74888115,2357
45271,74885593,74885591,2
45272,74922542,74922224,318
45273,74922542,74922224,318
45274,74914557,74912602,1955
45275,74922542,74922224,318
45276,74922542,74922224,318
45277,74922542,74922224,318
45278,74922542,74922224,318
45279,74988386,74967465,20921
45280,74988386,74967465,20921
45281,74988386,74967465,20921
45282,75017877,75015438,2439
45283,75017877,75014646,3231
45284,75017877,75014646,3231
45285,75017877,75015438,2439
45286,75017877,75015438,2439
45287,75017877,75014646,3231
45288,75015438,75015438,0
45289,75048941,75047429,1512
45290,75091392,75091251,141
45291,75095539,75094854,685
45292,75095539,75094854,685
45293,75095539,75094854,685
45294,75112440,75111654,786
45295,75112440,75111654,786
45296,75119208,75117946,1262
45297,75119208,75117946,1262
45298,75124136,75122695,1441
45299,75135017,75134509,508
45300,75135017,75135014,3
45301,75135017,75134428,589
45302,75135552,75135446,106
45303,75135552,75135446,106
45304,75135552,75134428,1124
45305,75135017,75134509,508
45306,75135017,75134509,508
45307,75146460,75143715,2745
45308,75165670,75165596,74
45309,75189296,75188842,454
45310,75189296,75188842,454
45311,75190565,75190071,494
45312,75190565,75189872,693
45313,75190565,75190071,494
45314,75190565,75190071,494
45315,75199462,75199141,321
45316,75199462,75199141,321
45317,75199462,75199141,321
45318,75230495,75230355,140
45319,75249775,75248924,851
45320,75313836,75311324,2512
45321,75313836,75311324,2512
45322,75313836,75311324,2512
45323,75313836,75311324,2512
45324,75313836,75311324,2512
45325,75343067,75341576,1491
45326,75504510,75503457,1053
45327,75504510,75503457,1053
45328,75501936,75501206,730
45329,75504510,75501206,3304
45330,75565796,75562540,3256
45331,75588148,75586816,1332
45332,75595306,75595056,250
45333,75632219,75631214,1005
45334,75632614,75632346,268
45335,75632614,75632311,303
45336,75632614,75632346,268
45337,75647592,75647375,217
45338,75647592,75647375,217
45339,75647592,75647375,217
45340,75660968,75660924,44
45341,75660968,75660924,44
45342,75660968,75660924,44
45343,75660968,75660924,44
45344,75660968,75656475,4493
45345,75743926,75722716,21210
45346,75744087,75722716,21371
45347,75748124,75722716,25408
45348,75744087,75722716,21371
45349,75871625,75871117,508
45350,75914767,75913392,1375
45351,75918029,75917176,853
45352,75918446,75913392,5054
45353,75918446,75913392,5054
45354,75918719,75913392,5327
45355,75932664,75932509,155
45356,75941047,75932509,8538
45357,75950968,75949556,1412
45358,75950968,75949556,1412
45359,76005189,76005096,93
45360,76020027,76019881,146
45361,76075544,76075193,351
45362,76193388,76191799,1589
45363,76193388,76191799,1589
45364,76193388,76191799,1589
45365,76193388,76191828,1560
45366,76223208,76222427,781
45367,76223208,76222427,781
45368,76227608,76225443,2165
45369,76227608,76225443,2165
45370,76304785,76303571,1214
45371,76497304,76496656,648
45372,76521462,76521278,184
45373,76497304,76496656,648
45374,76497304,76496656,648
45375,76603810,76603729,81
45376,76603810,76603729,81
45377,76634816,76634176,640
45378,77021078,77021024,54
45379,77154285,77085607,68678
45380,77176217,77176158,59
45381,76646992,76646574,418
45382,77197744,77096962,100782
45383,77197744,77096962,100782
45384,77197744,77176158,21586
45385,77197744,77176158,21586
45386,77242601,77241563,1038
45387,77242601,77241563,1038
45388,77325204,77324929,275
45389,77329671,77329517,154
45390,77329671,77329517,154
45391,77329671,77329517,154
45392,77363570,77363296,274
45393,77363570,77363296,274
45394,77363570,77363296,274
45395,77712446,77474268,238178
45396,77474382,77474268,114
45397,77472660,77472462,198
45398,77757355,77756738,617
45399,77777945,77771657,6288
45400,77777945,77771657,6288
45401,77924709,77924657,52
45402,77988475,77908230,80245
45403,77941581,77940289,1292
45404,78208143,78208026,117
45405,78219188,78212366,6822
45406,78286567,78286243,324
45407,78369994,78369994,0
45408,78369994,78369994,0
45409,78309628,78309018,610
45410,78396393,78395857,536
45411,78423877,78423557,320
45412,78423877,78403575,20302
45413,78423877,78423557,320
45414,78423877,78423557,320
45415,78462884,78461347,1537
45416,78462884,78461347,1537
45417,78462884,78461347,1537
45418,78462884,78461347,1537
45419,78462884,78461347,1537
45420,78462884,78461347,1537
45421,78527049,78526843,206
45422,78527049,78526843,206
45423,78527049,78475064,51985
45424,78527049,78486979,40070
45425,78574538,78572802,1736
45426,78574538,78572802,1736
45427,78574538,78572802,1736
45428,78567776,78566843,933
45429,78574538,78572802,1736
45430,78591940,78588028,3912
45431,78591940,78588028,3912
45432,78591940,78588028,3912
45433,78591940,78588028,3912
45434,78640572,78640319,253
45435,78766164,78765732,432
45436,78793798,78790485,3313
45437,78793798,78790485,3313
45438,78820606,78819925,681
45439,78826012,78826012,0
45440,78829715,78829643,72
45441,78841563,78841286,277
45442,78841563,78841286,277
45443,78841563,78841286,277
45444,78841563,78841286,277
45445,78841563,78841286,277
45446,78887611,78885595,2016
45447,78913637,78913136,501
45448,78913637,78913136,501
45449,78933587,78933475,112
45450,78933587,78933475,112
45451,78952874,78922100,30774
45452,79103773,79103562,211
45453,79103773,79103562,211
45454,79103773,79103562,211
45455,79184047,79183472,575
45456,79185360,79184664,696
45457,79190081,79189409,672
45458,79190081,79189409,672
45459,79190081,79189409,672
45460,79190081,79189409,672
45461,79190081,79189409,672
45462,79237420,79237323,97
45463,79237420,79237323,97
45464,79298002,79296288,1714
45465,79383215,79382840,375
45466,79383215,79382840,375
45467,79356941,79356910,31
45468,79383215,79382840,375
45469,79310314,79307718,2596
45470,79590581,79587234,3347
45471,79587234,79587234,0
45472,79615189,79614556,633
45473,79704334,79703846,488
45474,79764642,79760726,3916
45475,79764642,79756048,8594
45476,80189339,80189135,204
45477,80189391,80189330,61
45478,80189627,80181642,7985
45479,80215448,80200015,15433
45480,80207598,80200015,7583
45481,80215664,80200015,15649
45482,80215664,80200015,15649
45483,80217196,80215508,1688
45484,80263643,80263461,182
45485,80263643,80263461,182
45486,80430735,80429970,765
45487,80430735,80429970,765
45488,80430735,80429970,765
45489,80430735,80429970,765
45490,80430735,80429970,765
45491,80430735,80429970,765
45492,80430735,80429970,765
45493,80430735,80429970,765
45494,80430735,80429970,765
45495,80455473,80454684,789
45496,80478924,80478551,373
45497,80478924,80478551,373
45498,80767902,80767596,306
45499,80890277,80886039,4238
45500,80890277,80886039,4238
45501,80890277,80886039,4238
45502,81047962,81046711,1251
45503,81047962,81046711,1251
45504,81243999,81241265,2734
45505,81243999,81241265,2734
45506,81282205,81282132,73
45507,81296345,81295701,644
45508,81436161,81436161,0
45509,81441516,81440874,642
45510,81598886,81598885,1
45511,81605104,81601139,3965
45512,81585378,81585378,0
45513,81605104,81601139,3965
45514,81605104,81601139,3965
45515,81598886,81598885,1
45516,81605104,81601139,3965
45517,81605104,81601139,3965
45518,81598886,81598885,1
45519,81599193,81599008,185
45520,81616524,81616440,84
45521,81616524,81611758,4766
45522,81666418,81666418,0
45523,81666418,81666418,0
45524,81666418,81666418,0
45525,82338484,82338046,438
45526,82555104,82554119,985
45527,82555104,82554119,985
45528,82577267,82575403,1864
45529,82577267,82575403,1864
45530,82641706,82641606,100
45531,82665114,82665092,22
45532,82731586,82728611,2975
45533,83193409,83193275,134
45534,83108111,83105136,2975
45535,82824865,82824836,29
45536,82939159,82939061,98
45537,83018198,83018062,136
45538,83108111,83105136,2975
45539,83209208,83209179,29
45540,83225286,83224800,486
45541,83240573,83240247,326
45542,83240573,83240247,326
45543,83240573,83240247,326
45544,83240573,83224800,15773
45545,83241961,83241944,17
45546,83297220,83297083,137
45547,83298953,83297210,1743
45548,83316356,83240247,76109
45549,83316728,83316621,107
45550,83331427,83330969,458
45551,83349135,83348944,191
45552,83378635,83378458,177
45553,83378635,83378458,177
45554,83378635,83378458,177
45555,83378635,83378458,177
45556,83408532,83395832,12700
45557,83474806,83456142,18664
45558,83474806,83456142,18664
45559,83474806,83456142,18664
45560,83503613,83502288,1325
45561,83621476,83621287,189
45562,83621476,83621287,189
45563,83659809,83658819,990
45564,83680393,83680359,34
45565,83680393,83680359,34
45566,83680393,83680359,34
45567,83680393,83680359,34
45568,83680393,83680359,34
45569,83736106,83735903,203
45570,83736106,83735903,203
45571,83806111,83805424,687
45572,83806111,83805424,687
45573,83806111,83796195,9916
45574,83806111,83805424,687
45575,83876770,83876166,604
45576,83952066,83951949,117
45577,83953468,83953380,88
45578,84234635,84234029,606
45579,84257523,84257522,1
45580,84287493,84287039,454
45581,84287493,84287039,454
45582,84287493,84287039,454
45583,84531431,84530325,1106
45584,84694303,84694245,58
45585,84708593,84706558,2035
45586,84795353,84795351,2
45587,84850985,84850895,90
45588,84869441,84869441,0
45589,84914120,84911344,2776
45590,85050249,85046653,3596
45591,85150116,85149806,310
45592,85159841,85159574,267
45593,85165945,85165271,674
45594,85166947,85165271,1676
45595,85166947,85165271,1676
45596,85166874,85166509,365
45597,85166874,85166562,312
45598,85166874,85165902,972
45599,85181644,85180637,1007
45600,85197521,85197505,16
45601,85190709,85189249,1460
45602,85197521,85197505,16
45603,85201802,85201383,419
45604,85201802,85201383,419
45605,85259691,85234848,24843
45606,85259691,85259306,385
45607,85259691,85259306,385
45608,85259691,85259306,385
45609,85259691,85259306,385
45610,85259691,85259306,385
45611,85349663,85345624,4039
45612,85416713,85411687,5026
45613,85416713,85411687,5026
45614,85439268,85438675,593
45615,85469889,85469785,104
45616,85489027,85488431,596
45617,85489027,85488431,596
45618,85489027,85488431,596
45619,85518876,85518772,104
45620,85518876,85504807,14069
45621,85682376,85681134,1242
45622,85682376,85681134,1242
45623,85682376,85681134,1242
45624,85682376,85681134,1242
45625,85682376,85681134,1242
45626,85682376,85681134,1242
45627,85682376,85681134,1242
45628,85682376,85681134,1242
45629,85748518,85748518,0
45630,85787993,85787992,1
45631,86080227,86077173,3054
45632,86228104,86228104,0
45633,86292589,86287908,4681
45634,86292589,86287908,4681
45635,86228104,86228104,0
45636,86292589,86287908,4681
45637,86292589,86287908,4681
45638,86292589,86287908,4681
45639,86338189,86313041,25148
45640,86313041,86313041,0
45641,87572283,87572071,212
45642,86839446,86838647,799
45643,86839446,86838647,799
45644,88799410,88799384,26
45645,88799962,88799384,578
45646,88799962,88799384,578
45647,88799962,88799384,578
45648,88749164,88727484,21680
45649,88799410,88799384,26
45650,88799962,88799384,578
45651,89009004,89008866,138
45652,89010633,89010608,25
45653,89021861,89021210,651
45654,89021861,89021210,651
45655,89021861,89021210,651
45656,89089912,89079565,10347
45657,89089912,89074936,14976
45658,89170572,89170046,526
45659,89175512,89173525,1987
45660,89175512,89174387,1125
45661,89198879,89198762,117
45662,89394755,89393102,1653
45663,89418585,89417712,873
45664,89418585,89417712,873
45665,89438770,89430529,8241
45666,89438770,89436343,2427
45667,89455755,89450476,5279
45668,89456663,89456550,113
45669,89456663,89456550,113
45670,89456663,89455403,1260
45671,89456663,89456550,113
45672,89456663,89456550,113
45673,89745591,89738654,6937
45674,89745591,89738654,6937
45675,89764922,89762206,2716
45676,89860362,89859690,672
45677,89860362,89859690,672
45678,89807877,89807842,35
45679,89860362,89859690,672
45680,89860362,89859690,672
45681,89878026,89876985,1041
45682,89878026,89876985,1041
45683,90039799,90039775,24
45684,90039799,90029524,10275
45685,90171253,90170317,936
45686,90171253,90170317,936
45687,90190943,90190847,96
45688,90198682,90196161,2521
45689,90198682,90193131,5551
45690,90222648,90220720,1928
45691,90222648,90220720,1928
45692,90234015,90233863,152
45693,90234015,90233863,152
45694,90234015,90226916,7099
45695,90247708,90246399,1309
45696,90286869,90286622,247
45697,90286869,90286622,247
45698,90286869,90286622,247
45699,90294540,90294462,78
45700,90321982,90321565,417
45701,90321982,90321565,417
45702,90358072,90349814,8258
45703,90437617,90437181,436
45704,90456222,90456067,155
45705,90456222,90456067,155
45706,90625432,90623061,2371
45707,90643927,90634835,9092
45708,90645708,90645622,86
45709,90645708,90631962,13746
45710,90772892,90771875,1017
45711,90772892,90771875,1017
45712,90772892,90771875,1017
45713,90772892,90771875,1017
45714,90777279,90777117,162
45715,90777279,90777117,162
45716,90777387,90774226,3161
45717,90808991,90774226,34765
45718,90785312,90785298,14
45719,90785298,90785298,0
45720,90802312,90802187,125
45721,90815443,90815020,423
45722,90815443,90815020,423
45723,90904715,90904515,200
45724,91045475,91043340,2135
45725,91045475,91043340,2135
45726,91142767,91141726,1041
45727,91188577,91185372,3205
45728,91188577,91185372,3205
45729,91358686,91358509,177
45730,91358686,91358509,177
45731,91358686,91358509,177
45732,91358686,91358509,177
45733,91426687,91425108,1579
45734,91439006,91438788,218
45735,91439006,91438788,218
45736,91439006,91438788,218
45737,91439006,91438788,218
45738,91439006,91438788,218
45739,91439006,91438788,218
45740,91463095,91463017,78
45741,91454632,91454472,160
45742,91465815,91463017,2798
45743,91465815,91463017,2798
45744,91465815,91463017,2798
45745,91497323,91496946,377
45746,91475774,91475770,4
45747,91486147,91485978,169
45748,91486147,91485978,169
45749,91497323,91496946,377
45750,91497323,91496946,377
45751,91506355,91504999,1356
45752,91506355,91504999,1356
45753,91537881,91537647,234
45754,91537881,91537647,234
45755,91537881,91537647,234
45756,91537881,91527358,10523
45757,91565833,91565479,354
45758,91565833,91557629,8204
45759,91565833,91565479,354
45760,91811835,91811833,2
45761,91844539,91835782,8757
45762,91844539,91835782,8757
45763,92709137,92706365,2772
45764,92715665,92715092,573
45765,92706228,92706227,1
45766,93011958,93007615,4343
45767,93011958,93007615,4343
45768,93044347,93043630,717
45769,93199031,93198889,142
45770,93340338,93339870,468
45771,93488095,93486365,1730
45772,93492463,93492310,153
45773,93565392,93563555,1837
45774,93571237,93567935,3302
45775,93492463,93492310,153
45776,93522513,93522368,145
45777,93522513,93522511,2
45778,93616389,93616226,163
45779,93616939,93616226,713
45780,93616939,93616226,713
45781,93616939,93595540,21399
45782,93616939,93595540,21399
45783,93617216,93616985,231
45784,93631752,93616226,15526
45785,93632443,93632161,282
45786,94443828,94442512,1316
45787,94887288,94884228,3060
45788,94887288,94884228,3060
45789,94901841,94901796,45
45790,94928789,94928772,17
45791,95027181,95022263,4918
45792,95027181,95022263,4918
45793,95027181,95022263,4918
45794,94946494,94945786,708
45795,95027181,95022263,4918
45796,95400293,95399332,961
45797,96883492,96880851,2641
45798,96883492,96880851,2641
45799,96883492,96880851,2641
45800,96883492,96880851,2641
45801,97328845,97328347,498
45802,98417659,98417515,144
45803,98517068,98514417,2651
45804,98517068,98514417,2651
45805,99057611,99029126,28485
45806,99465671,99465671,0
45807,99507759,99500671,7088
45808,99507759,99500671,7088
45809,99460184,99460184,0
45810,99548885,99544436,4449
45811,99548885,99512862,36023
45812,99551024,99512862,38162
45813,99675800,99673263,2537
45814,99675800,99673263,2537
45815,99789815,99768917,20898
45816,99789815,99768917,20898
45817,99789815,99768917,20898
45818,99789815,99768917,20898
45819,99789815,99768917,20898
45820,99789815,99768917,20898
45821,99789815,99768917,20898
45822,99789815,99768917,20898
45823,99791428,99768917,22511
45824,99791428,99768917,22511
45825,99927280,99926307,973
45826,99927280,99926307,973
45827,99927280,99926307,973
45828,99927280,99926302,978
45829,99927280,99926307,973
45830,99927280,99926307,973
45831,99800481,99799487,994
45832,100256629,100252976,3653
45833,100256629,100252976,3653
45834,100256629,100252976,3653
45835,100256629,100252976,3653
45836,100256629,100252976,3653
45837,100256629,100252976,3653
45838,100256629,100252976,3653
45839,100256629,100252976,3653
45840,100273544,100272204,1340
45841,100273626,100272116,1510
45842,100273626,100272204,1422
45843,100347132,100341339,5793
45844,100882183,100882104,79
45845,100879305,100821493,57812
45846,101084476,101042054,42422
45847,101084531,101043946,40585
45848,101084872,101042054,42818
45849,101084925,101042054,42871
45850,101099488,101099437,51
45851,101113767,101112253,1514
45852,101142445,101121047,21398
45853,101142445,101121047,21398
45854,101142445,101121047,21398
45855,101170414,101170255,159
45856,101191904,101188667,3237
45857,101456830,101454978,1852
45858,101456830,101454978,1852
45859,101529704,101529636,68
45860,101610317,101609053,1264
45861,101728266,101719185,9081
45862,101792137,101791661,476
45863,101817700,101817622,78
45864,101817700,101817622,78
45865,101835460,101835383,77
45866,101841742,101841622,120
45867,101983865,101983772,93
45868,102030187,102029873,314
45869,102030187,102029873,314
45870,102030187,102029873,314
45871,102030187,102029873,314
45872,102030187,102029873,314
45873,102030187,102029873,314
45874,102030187,102029873,314
45875,102030187,102029873,314
45876,102192594,102192564,30
45877,102190895,102190338,557
45878,102192594,102192564,30
45879,102192594,102192564,30
45880,102192594,102192564,30
45881,102242588,102226220,16368
45882,102264645,102264590,55
45883,102294721,102294721,0
45884,102346861,102346861,0
45885,102359328,102359328,0
45886,102390527,102389787,740
45887,102463262,102463262,0
45888,102513250,102513250,0
45889,102516808,102516469,339
45890,102513250,102513250,0
45891,102519296,102518980,316
45892,69448,68789,659
45893,103632,103586,46
45894,107669,107143,526
45895,122629,115013,7616
45896,122629,115013,7616
45897,126351,115013,11338
45898,133681,133443,238
45899,135850,135776,74
45900,135850,135776,74
45901,135850,135776,74
45902,188697,169208,19489
45903,188697,188266,431
45904,188697,188266,431
45905,188697,188266,431
45906,188697,162630,26067
45907,204504,204399,105
45908,216767,216707,60
45909,223709,223599,110
45910,227520,227410,110
45911,231178,231107,71
45912,259772,258184,1588
45913,279164,279052,112
45914,279449,279338,111
45915,279449,279338,111
45916,279449,279338,111
45917,316119,315021,1098
45918,316119,315021,1098
45919,319004,318852,152
45920,325914,325498,416
45921,325914,325911,3
45922,325914,325911,3
45923,325914,323782,2132
45924,325914,325911,3
45925,333368,332814,554
45926,337209,337113,96
45927,337209,337113,96
45928,337209,337113,96
45929,385566,270743,114823
45930,402676,397025,5651
45931,402676,397025,5651
45932,420569,420218,351
45933,431950,431821,129
45934,431978,427092,4886
45935,437323,437233,90
45936,450754,450342,412
45937,457200,456729,471
45938,462487,461578,909
45939,462487,461578,909
45940,462487,461578,909
45941,572481,570839,1642
45942,572481,570839,1642
45943,572481,570839,1642
45944,598287,598287,0
45945,604636,603516,1120
45946,604636,603516,1120
45947,615529,615307,222
45948,618419,618419,0
45949,619495,618419,1076
45950,627214,626049,1165
45951,633922,633785,137
45952,634136,633035,1101
45953,634136,633035,1101
45954,634136,633634,502
45955,634136,632256,1880
45956,634136,633634,502
45957,679273,677622,1651
45958,679273,677622,1651
45959,679273,677622,1651
45960,679273,677622,1651
45961,679273,677622,1651
45962,684116,680413,3703
45963,684116,684057,59
45964,686316,686290,26
45965,686347,686290,57
45966,686347,686290,57
45967,686347,686290,57
45968,686347,686290,57
45969,686347,686290,57
45970,688620,688548,72
45971,698474,698190,284
45972,706537,706050,487
45973,706537,706050,487
45974,713433,713135,298
45975,713438,713135,303
45976,717829,717589,240
45977,717829,717589,240
45978,717829,717589,240
45979,717829,717589,240
45980,724174,723606,568
45981,724174,723606,568
45982,724174,723606,568
45983,728267,728052,215
45984,728267,727703,564
45985,728267,728052,215
45986,732768,732489,279
45987,732768,732489,279
45988,734439,734382,57
45989,734439,734382,57
45990,740400,739640,760
45991,745532,745473,59
45992,746025,745920,105
45993,755825,747405,8420
45994,767480,767387,93
45995,772590,772557,33
45996,772590,772557,33
45997,776456,776367,89
45998,776473,776367,106
45999,776473,776367,106
46000,776473,776367,106
46001,776473,776367,106
46002,776880,774551,2329
46003,779715,779168,547
46004,779715,778825,890
46005,779715,779456,259
46006,779715,779092,623
46007,782746,782622,124
46008,787889,786398,1491
46009,790997,790985,12
46010,790997,790985,12
46011,790997,790985,12
46012,818865,818733,132
46013,818865,818733,132
46014,818865,818733,132
46015,818865,818733,132
46016,818865,818864,1
46017,837971,837737,234
46018,838383,837737,646
46019,842347,840572,1775
46020,848074,847975,99
46021,848074,847975,99
46022,848074,847975,99
46023,848074,847975,99
46024,850733,849077,1656
46025,863861,863861,0
46026,1020984,960942,60042
46027,1020984,1004363,16621
46028,1020984,1020980,4
46029,1020984,943024,77960
46030,1031318,960942,70376
46031,1036979,1035386,1593
46032,1128731,1116509,12222
46033,1131454,1129963,1491
46034,1131454,1129963,1491
46035,1146244,1144922,1322
46036,1271772,1270994,778
46037,1271772,1270994,778
46038,1271772,1270994,778
46039,1271772,1270994,778
46040,1271772,1270994,778
46041,1275254,1275252,2
46042,1279952,1279233,719
46043,1280185,1279952,233
46044,1292555,1292241,314
46045,1292555,1292241,314
46046,1308223,1308223,0
46047,1308494,1308377,117
46048,1367126,1365735,1391
46049,1371422,1370660,762
46050,1371422,1370660,762
46051,1377019,1374794,2225
46052,1377019,1374794,2225
46053,1377019,1374794,2225
46054,1377019,1374794,2225
46055,1392422,1392398,24
46056,1399442,1398483,959
46057,1399442,1398483,959
46058,1399442,1398483,959
46059,1399442,1398483,959
46060,1399442,1398483,959
46061,1399442,1398483,959
46062,1401873,1401805,68
46063,1413352,1413092,260
46064,1429684,1420007,9677
46065,1429684,1420212,9472
46066,1429684,1420212,9472
46067,1464705,1464692,13
46068,1464705,1464692,13
46069,1464705,1464692,13
46070,1470801,1470724,77
46071,1479345,1479345,0
46072,1485303,1485161,142
46073,1494490,1494323,167
46074,1499798,1499107,691
46075,1525085,1524975,110
46076,1525085,1524975,110
46077,1538468,1538468,0
46078,1550700,1550700,0
46079,1560460,1559937,523
46080,1605581,1605027,554
46081,1605581,1605027,554
46082,1636276,1636238,38
46083,1662109,1657267,4842
46084,1727909,1724046,3863
46085,1752073,1748999,3074
46086,1752073,1748999,3074
46087,1752073,1747832,4241
46088,1752073,1747832,4241
46089,1752073,1748999,3074
46090,1797070,1793486,3584
46091,1820318,1818825,1493
46092,1820318,1818825,1493
46093,1820318,1818825,1493
46094,1820318,1818825,1493
46095,1821710,1821535,175
46096,1823140,1823120,20
46097,1823140,1823120,20
46098,1826340,1826239,101
46099,1826340,1826239,101
46100,1832506,1828242,4264
46101,1832581,1831484,1097
46102,1832581,1828027,4554
46103,1832581,1831484,1097
46104,1839192,1838715,477
46105,1839192,1838715,477
46106,1843734,1843653,81
46107,1843734,1843653,81
46108,1844909,1841320,3589
46109,1877195,1872970,4225
46110,1877195,1876788,407
46111,1877195,1876788,407
46112,1877195,1876788,407
46113,1878908,1877905,1003
46114,1890203,1888127,2076
46115,1890203,1889307,896
46116,1922179,1918176,4003
46117,1922179,1918176,4003
46118,1934232,1904108,30124
46119,1968231,1968231,0
46120,1993294,1993157,137
46121,2004679,2004632,47
46122,2011976,2011907,69
46123,2011976,2011735,241
46124,2014814,2014626,188
46125,2014827,2014626,201
46126,2018976,2018926,50
46127,2028751,2028686,65
46128,2028751,2028686,65
46129,2028751,2028686,65
46130,2028751,2028686,65
46131,2031550,2031180,370
46132,2031550,2031180,370
46133,2031550,2031180,370
46134,2031550,2031180,370
46135,2037750,2036029,1721
46136,2037750,2036029,1721
46137,2044276,2043073,1203
46138,2052424,2049641,2783
46139,2059822,2059748,74
46140,2070756,2070620,136
46141,2089027,2087985,1042
46142,2089027,2087985,1042
46143,2089027,2087985,1042
46144,2089027,2087985,1042
46145,2089027,2087985,1042
46146,2097867,2097848,19
46147,2104083,2103837,246
46148,2138713,2138611,102
46149,2138713,2138611,102
46150,2138713,2138611,102
46151,2138713,2138611,102
46152,2138713,2138611,102
46153,2138713,2138611,102
46154,2138713,2138611,102
46155,2185899,2185690,209
46156,2185899,2185690,209
46157,2204141,2203422,719
46158,2204141,2203422,719
46159,2228130,2226575,1555
46160,2246465,2246433,32
46161,2256881,2256781,100
46162,2258736,2258736,0
46163,2259418,2258878,540
46164,2259418,2258878,540
46165,2259418,2258878,540
46166,2259418,2258878,540
46167,2259418,2258878,540
46168,2259418,2258878,540
46169,2259418,2258878,540
46170,2261069,2260834,235
46171,2261069,2260834,235
46172,2264822,2264778,44
46173,2285743,2285573,170
46174,2285743,2285235,508
46175,2285743,2285573,170
46176,2288712,2288419,293
46177,2288712,2288419,293
46178,2288712,2288419,293
46179,2288712,2288419,293
46180,2301602,2301567,35
46181,2301602,2301567,35
46182,2317604,2314644,2960
46183,2317858,2314644,3214
46184,2318413,2314644,3769
46185,2318413,2318057,356
46186,2379855,2376467,3388
46187,2390747,2376467,14280
46188,2390747,2376467,14280
46189,2390747,2376467,14280
46190,2508859,2507021,1838
46191,2508859,2507021,1838
46192,2514964,2514669,295
46193,2514964,2514293,671
46194,2514964,2514669,295
46195,2514964,2514279,685
46196,2514964,2514279,685
46197,2524146,2524106,40
46198,2555734,2550959,4775
46199,2555734,2550959,4775
46200,2570224,2569384,840
46201,2570224,2569746,478
46202,2570224,2569746,478
46203,2579732,2579564,168
46204,2579732,2579564,168
46205,2580955,2580760,195
46206,2580955,2580760,195
46207,2581409,2581074,335
46208,2612228,2611618,610
46209,2614643,2614538,105
46210,2634065,2633733,332
46211,2644557,2643171,1386
46212,2653191,2647768,5423
46213,2653191,2647673,5518
46214,2653191,2647768,5423
46215,2653191,2647768,5423
46216,2688726,2686162,2564
46217,2693297,2692433,864
46218,2759031,2757328,1703
46219,2765566,2764465,1101
46220,2770552,2770161,391
46221,2770552,2764267,6285
46222,2770552,2764267,6285
46223,2818262,2818260,2
46224,2818262,2818260,2
46225,2818262,2818260,2
46226,2821413,2820868,545
46227,2827297,2827240,57
46228,2827297,2827240,57
46229,2836708,2836548,160
46230,2836708,2836548,160
46231,2855133,2855133,0
46232,2871723,2871371,352
46233,2871723,2871606,117
46234,2871723,2871606,117
46235,2871723,2871606,117
46236,2882285,2882160,125
46237,2892473,2892452,21
46238,2892711,2891328,1383
46239,2908171,2908105,66
46240,2949383,2949150,233
46241,2949383,2949150,233
46242,2949383,2949150,233
46243,2990158,2990097,61
46244,3001209,2998728,2481
46245,3001209,2998728,2481
46246,3001209,2998728,2481
46247,3001209,2998728,2481
46248,3017702,3017702,0
46249,3018381,3017547,834
46250,3018384,3018021,363
46251,3018384,3018021,363
46252,3018384,3017974,410
46253,3018384,3017974,410
46254,3023485,3021949,1536
46255,3023485,3021949,1536
46256,3023485,3021949,1536
46257,3023485,3021949,1536
46258,3027527,3027015,512
46259,3030540,3029658,882
46260,3030540,3029658,882
46261,3030540,3029658,882
46262,3030540,3027015,3525
46263,3064506,3064017,489
46264,3066022,3066022,0
46265,3068188,3066022,2166
46266,3072383,3071827,556
46267,3072383,3071827,556
46268,3072383,3071955,428
46269,3074287,3073942,345
46270,3074287,3073942,345
46271,3074287,3073942,345
46272,3077756,3077658,98
46273,3077756,3077658,98
46274,3077756,3077658,98
46275,3081151,3081132,19
46276,3083003,3080590,2413
46277,3085542,3085497,45
46278,3106163,3105877,286
46279,3110724,3109099,1625
46280,3119668,3119356,312
46281,3119668,3119356,312
46282,3119668,3119356,312
46283,3119668,3119356,312
46284,3119668,3119356,312
46285,3119668,3119356,312
46286,3119668,3119356,312
46287,3119668,3119356,312
46288,3119668,3119356,312
46289,3119668,3119356,312
46290,3119668,3119356,312
46291,3119668,3119356,312
46292,3119668,3119356,312
46293,3142861,3142773,88
46294,3142861,3142795,66
46295,3143237,3142332,905
46296,3149293,3140252,9041
46297,3162490,3162430,60
46298,3170518,3170326,192
46299,3170518,3170326,192
46300,3170518,3170326,192
46301,3192805,3191348,1457
46302,3192805,3187743,5062
46303,3192805,3191348,1457
46304,3192805,3191348,1457
46305,3199964,3199809,155
46306,3255185,3255185,0
46307,3266546,3266546,0
46308,3285186,3283755,1431
46309,3285186,3283755,1431
46310,3285456,3283755,1701
46311,3285456,3283755,1701
46312,3285457,3283755,1702
46313,3285457,3283755,1702
46314,3306627,3306587,40
46315,3306627,3306587,40
46316,3306627,3306406,221
46317,3306627,3306406,221
46318,3306627,3294269,12358
46319,3306627,3306406,221
46320,3341459,3340558,901
46321,3341459,3340558,901
46322,3350614,3350614,0
46323,3351400,3349110,2290
46324,3355439,3350614,4825
46325,3368576,3367869,707
46326,3406924,3406879,45
46327,3422283,3421902,381
46328,3447744,3447554,190
46329,3451013,3447554,3459
46330,3451013,3434825,16188
46331,3451013,3434825,16188
46332,3451013,3434825,16188
46333,3451013,3440124,10889
46334,3451025,3440124,10901
46335,3454994,3454773,221
46336,3455043,3454988,55
46337,3459364,3458919,445
46338,3493490,3493153,337
46339,3533597,3533595,2
46340,3533597,3533595,2
46341,3533597,3533595,2
46342,3535907,3535738,169
46343,3536963,3534855,2108
46344,3536963,3534855,2108
46345,3536963,3534855,2108
46346,3545421,3545421,0
46347,3586825,3582913,3912
46348,3589051,3586271,2780
46349,3589051,3586271,2780
46350,3589051,3586271,2780
46351,3606995,3604303,2692
46352,3627392,3615037,12355
46353,3661585,3658965,2620
46354,3661585,3658965,2620
46355,3708096,3707954,142
46356,3728305,3727575,730
46357,3767598,3767509,89
46358,3767598,3767509,89
46359,3930121,3929917,204
46360,3930121,3929917,204
46361,4166186,4165443,743
46362,4292081,4292068,13
46363,4323001,4322747,254
46364,4389598,4387525,2073
46365,4401373,4401235,138
46366,4432900,4432900,0
46367,4433529,4432900,629
46368,4457685,4438587,19098
46369,4465898,4438587,27311
46370,4466962,4466519,443
46371,4466962,4466519,443
46372,4466962,4466519,443
46373,4466962,4466519,443
46374,4466962,4438587,28375
46375,4506775,4504915,1860
46376,4506775,4505569,1206
46377,4506775,4505569,1206
46378,4524532,4524133,399
46379,4524625,4524133,492
46380,4524896,4524133,763
46381,4560348,4559757,591
46382,4560348,4559757,591
46383,4560348,4559757,591
46384,4560348,4559757,591
46385,4560348,4559757,591
46386,4564856,4564131,725
46387,4588471,4564131,24340
46388,4588816,4564131,24685
46389,4588816,4564131,24685
46390,4588816,4564131,24685
46391,4650318,4650318,0
46392,4664869,4664798,71
46393,4664927,4664798,129
46394,4740975,4738909,2066
46395,4740975,4736300,4675
46396,4740975,4738909,2066
46397,4740975,4736300,4675
46398,4745856,4744569,1287
46399,4745860,4745053,807
46400,4745860,4745180,680
46401,4778079,4777129,950
46402,4784163,4780150,4013
46403,4784378,4776763,7615
46404,4784378,4780150,4228
46405,4784378,4776763,7615
46406,4784378,4777129,7249
46407,4784378,4764142,20236
46408,4799397,4797626,1771
46409,4816077,4812310,3767
46410,4817166,4815979,1187
46411,4817166,4815979,1187
46412,4838522,4837646,876
46413,4838522,4837646,876
46414,4846312,4846232,80
46415,4846492,4846232,260
46416,4846492,4846232,260
46417,4846492,4846232,260
46418,4846492,4846232,260
46419,4852163,4850564,1599
46420,4852951,4852572,379
46421,4852951,4850564,2387
46422,4852951,4852572,379
46423,4896211,4882861,13350
46424,4897303,4897266,37
46425,4897303,4897266,37
46426,4897303,4897266,37
46427,4932363,4930133,2230
46428,4932363,4930133,2230
46429,4932363,4930133,2230
46430,4987136,4987046,90
46431,5069156,5064971,4185
46432,5079009,5078993,16
46433,5083942,5083915,27
46434,5083942,5083915,27
46435,5116146,5115909,237
46436,5116146,5115909,237
46437,5137380,5134882,2498
46438,5137380,5134882,2498
46439,5137380,5134882,2498
46440,5147789,5147740,49
46441,5147789,5147740,49
46442,5649140,5649139,1
46443,7703949,7703947,2
46444,7703949,7703947,2
46445,7703949,7703947,2
46446,7759783,7759573,210
46447,7759783,7759643,140
46448,7763340,7760747,2593
46449,7763340,7760747,2593
46450,7763340,7760747,2593
46451,7763340,7760625,2715
46452,7763340,7760747,2593
46453,7763340,7760747,2593
46454,7763340,7760747,2593
46455,8622226,8622224,2
46456,8740079,8740000,79
46457,8743496,8740593,2903
46458,8878432,8875287,3145
46459,8878432,8875287,3145
46460,8878432,8875287,3145
46461,8878432,8875287,3145
46462,8891505,8891471,34
46463,8900891,8900280,611
46464,8943194,8941682,1512
46465,8943194,8941682,1512
46466,8943194,8941682,1512
46467,8943194,8941682,1512
46468,8955667,8953185,2482
46469,8955667,8953185,2482
46470,8955667,8953185,2482
46471,8961285,8953185,8100
46472,8962218,8953185,9033
46473,8962258,8953185,9073
46474,8962576,8953185,9391
46475,8962869,8953185,9684
46476,8962869,8953185,9684
46477,9030543,9017157,13386
46478,9030543,9030470,73
46479,9050237,9017157,33080
46480,9057341,9057142,199
46481,9213555,9210769,2786
46482,10064652,10032351,32301
46483,10275924,10274268,1656
46484,10276263,10274268,1995
46485,10276263,10274268,1995
46486,10276611,10274268,2343
46487,10577495,10576106,1389
46488,10577495,10575756,1739
46489,10577495,10576106,1389
46490,10674539,10641474,33065
46491,10788802,10788730,72
46492,10855773,10855724,49
46493,10863208,10862962,246
46494,10863208,10862962,246
46495,10868953,10868850,103
46496,10912621,10912350,271
46497,11002744,11002151,593
46498,11002744,11002151,593
46499,11004116,11004100,16
46500,11018840,11017160,1680
46501,11018840,11017160,1680
46502,11018840,11017160,1680
46503,11035862,11035862,0
46504,11036257,11035862,395
46505,11220201,11220137,64
46506,11276046,11272547,3499
46507,11276046,11272547,3499
46508,11276046,11272547,3499
46509,11349335,11349335,0
46510,11350039,11349335,704
46511,11363160,11363119,41
46512,11367452,11367452,0
46513,11370337,11370227,110
46514,11375192,11375095,97
46515,11445617,11444647,970
46516,11680229,11650586,29643
46517,11680806,11650586,30220
46518,11680806,11650586,30220
46519,11680806,11650586,30220
46520,11681322,11650586,30736
46521,11770182,11770182,0
46522,11773015,11770182,2833
46523,11836648,11836586,62
46524,11836648,11836586,62
46525,11847018,11846670,348
46526,11852750,11850218,2532
46527,11891114,11876210,14904
46528,11891114,11876210,14904
46529,11922689,11914142,8547
46530,11922689,11914142,8547
46531,11945442,11945369,73
46532,11945442,11945369,73
46533,11945442,11935832,9610
46534,12009825,12009577,248
46535,12009825,12009577,248
46536,12010519,11991718,18801
46537,12061925,12061704,221
46538,12061925,12061451,474
46539,12061925,12061704,221
46540,12147141,12146083,1058
46541,12293540,12293539,1
46542,12668146,12662486,5660
46543,12897744,12897633,111
46544,12897744,12897633,111
46545,13005507,13002438,3069
46546,13334273,13329266,5007
46547,14027104,14026159,945
46548,14046205,14042204,4001
46549,14046205,14042204,4001
46550,14335282,14334405,877
46551,14335322,14334682,640
46552,14360630,14355301,5329
46553,14360630,14355301,5329
46554,14360630,14355301,5329
46555,14724128,14721187,2941
46556,14724128,14723982,146
46557,14724128,14723982,146
46558,14724128,14723982,146
46559,14763093,14761684,1409
46560,14763093,14761684,1409
46561,14788526,14788086,440
46562,14820195,14820150,45
46563,14859315,14859270,45
46564,14918559,14918526,33
46565,14990014,14989502,512
46566,15023486,15023408,78
46567,15045931,15045882,49
46568,15102704,15102704,0
46569,15123659,15122889,770
46570,15131552,15130132,1420
46571,15131552,15130132,1420
46572,15131552,15130132,1420
46573,15131552,15130132,1420
46574,15131552,15130132,1420
46575,15149936,15149828,108
46576,15149936,15141342,8594
46577,15149936,15141342,8594
46578,15180311,15180266,45
46579,15188158,15188090,68
46580,15188158,15188090,68
46581,15188158,15188090,68
46582,15225356,15223904,1452
46583,15225567,15225175,392
46584,15225567,15225175,392
46585,15233196,15232833,363
46586,15472151,15472151,0
46587,15472151,15472151,0
46588,15503543,15501969,1574
46589,15503543,15501893,1650
46590,15682116,15680686,1430
46591,15682116,15680686,1430
46592,15733148,15733087,61
46593,15737023,15733090,3933
46594,15737023,15733090,3933
46595,15737023,15733090,3933
46596,15737023,15733087,3936
46597,15788799,15788221,578
46598,15790785,15790784,1
46599,15818995,15818825,170
46600,15820208,15818108,2100
46601,15820208,15818108,2100
46602,15877389,15869941,7448
46603,15950887,15932109,18778
46604,15950887,15932109,18778
46605,15950887,15932109,18778
46606,15950887,15932109,18778
46607,15950887,15892522,58365
46608,15950887,15932109,18778
46609,15982447,15982442,5
46610,16150418,16150191,227
46611,16170258,16170209,49
46612,16170258,16170256,2
46613,16225792,16225790,2
46614,16236930,16235138,1792
46615,16236930,16235138,1792
46616,16317328,16317291,37
46617,16317328,16317291,37
46618,16317328,16317291,37
46619,16388663,16388622,41
46620,16388663,16388622,41
46621,16388668,16388156,512
46622,16421971,16421893,78
46623,16444465,16444416,49
46624,16444465,16443142,1323
46625,16469696,16469271,425
46626,16487807,16487780,27
46627,17432716,17432414,302
46628,17564738,17564653,85
46629,18418013,18414965,3048
46630,18434624,18434337,287
46631,18444915,18443072,1843
46632,18466711,18466642,69
46633,18468926,18466642,2284
46634,18470719,18466642,4077
46635,18573434,18573362,72
46636,18573434,18573362,72
46637,18573434,18562768,10666
46638,18609607,18603996,5611
46639,18609607,18603996,5611
46640,18801656,18800435,1221
46641,18801656,18800435,1221
46642,18801656,18800435,1221
46643,18812692,18810105,2587
46644,18812857,18812788,69
46645,18861789,18861735,54
46646,18872098,18871023,1075
46647,18908278,18903668,4610
46648,18937726,18937363,363
46649,19056461,19051726,4735
46650,19071318,19070987,331
46651,19075262,19073165,2097
46652,19075262,19073165,2097
46653,19091417,19089480,1937
46654,19091417,19089480,1937
46655,19091417,19089480,1937
46656,19132952,19127391,5561
46657,19132952,19127391,5561
46658,19278554,19278398,156
46659,19278554,19278398,156
46660,19278554,19278398,156
46661,19315720,19315540,180
46662,19322269,19320405,1864
46663,19503639,19503574,65
46664,19510434,19509288,1146
46665,19510434,19509288,1146
46666,19510434,19509288,1146
46667,19510434,19509288,1146
46668,19510434,19509288,1146
46669,19510434,19509288,1146
46670,19510434,19509288,1146
46671,19533450,19533286,164
46672,19533450,19528442,5008
46673,19564728,19562570,2158
46674,19564728,19562593,2135
46675,19628490,19628262,228
46676,19712485,19711798,687
46677,19712485,19711798,687
46678,19712485,19711798,687
46679,19729492,19726357,3135
46680,19868859,19867870,989
46681,19868859,19867811,1048
46682,19868859,19867870,989
46683,19884168,19884143,25
46684,19896151,19884167,11984
46685,19896832,19896601,231
46686,20085100,20084938,162
46687,20085100,20043839,41261
46688,20338835,20337753,1082
46689,20338835,20337753,1082
46690,20338835,20337753,1082
46691,20338835,20337753,1082
46692,20364037,20362059,1978
46693,20364037,20362059,1978
46694,20364037,20362059,1978
46695,20416033,20410622,5411
46696,20431117,20430761,356
46697,20452281,20451749,532
46698,20493456,20492261,1195
46699,20498991,20498000,991
46700,20498991,20498000,991
46701,20498991,20498000,991
46702,20498991,20498000,991
46703,20498991,20498000,991
46704,20587695,20576167,11528
46705,20587695,20576167,11528
46706,20587695,20576167,11528
46707,20702578,20702510,68
46708,20709066,20702510,6556
46709,20749342,20749243,99
46710,20753199,20753061,138
46711,20753199,20753061,138
46712,20797638,20797573,65
46713,20808479,20808294,185
46714,20808479,20808294,185
46715,20817795,20817752,43
46716,20817795,20817752,43
46717,20817795,20814141,3654
46718,20817795,20810632,7163
46719,20817795,20817752,43
46720,20860990,20860802,188
46721,20860990,20860802,188
46722,20860990,20860802,188
46723,20911561,20814141,97420
46724,20911561,20873860,37701
46725,20936328,20935438,890
46726,20936328,20935438,890
46727,20936328,20935438,890
46728,20936328,20935438,890
46729,20996416,20994206,2210
46730,21162140,21161640,500
46731,21170762,21170762,0
46732,21191937,21190877,1060
46733,21191937,21190877,1060
46734,21191937,21190877,1060
46735,21223067,21222868,199
46736,21223067,21222985,82
46737,21223067,21222985,82
46738,21263750,21262141,1609
46739,21314404,21289572,24832
46740,21314404,21289446,24958
46741,21397254,21397254,0
46742,21418956,21418176,780
46743,21431078,21431018,60
46744,21436699,21436419,280
46745,21458484,21436419,22065
46746,21498990,21490891,8099
46747,21531765,21531686,79
46748,21663987,21663919,68
46749,21663987,21663919,68
46750,21668792,21666753,2039
46751,21668792,21666753,2039
46752,21772050,21771861,189
46753,21772050,21771861,189
46754,21772050,21771861,189
46755,21772050,21771861,189
46756,21830495,21823110,7385
46757,21847993,21847826,167
46758,21863358,21863298,60
46759,21868927,21868699,228
46760,21890744,21868699,22045
46761,21930477,21922684,7793
46762,21988268,21987568,700
46763,21994668,21994492,176
46764,22012431,22006583,5848
46765,22012431,22012368,63
46766,22095972,22092201,3771
46767,22149833,22149833,0
46768,22167237,22167223,14
46769,22168287,22167223,1064
46770,22168287,22167223,1064
46771,22300066,22295317,4749
46772,22340412,22337698,2714
46773,22346424,22345021,1403
46774,22346424,22345021,1403
46775,22346424,22345021,1403
46776,22346424,22345021,1403
46777,22346424,22345021,1403
46778,22346424,22345021,1403
46779,22385938,22385630,308
46780,22477935,22477205,730
46781,22547841,22547706,135
46782,22547841,22547706,135
46783,22547841,22547706,135
46784,22547841,22547706,135
46785,22547841,22547706,135
46786,22588186,22588003,183
46787,22927659,22926883,776
46788,23083869,23083669,200
46789,23086172,23085286,886
46790,23096983,23091356,5627
46791,23160591,23160591,0
46792,23228200,23226790,1410
46793,23392620,23392122,498
46794,23464512,23464315,197
46795,23521815,23521732,83
46796,23568696,23568664,32
46797,23568696,23568664,32
46798,23585710,23581911,3799
46799,23607639,23607611,28
46800,23652678,23652478,200
46801,23662469,23662214,255
46802,23685068,23678465,6603
46803,23685068,23678345,6723
46804,23685068,23678465,6603
46805,23701688,23701384,304
46806,23724821,23724652,169
46807,23724821,23724652,169
46808,23724821,23718129,6692
46809,23770256,23768904,1352
46810,24231932,24231434,498
46811,24231932,24226137,5795
46812,24373737,24373184,553
46813,24560722,24560356,366
46814,24581820,24581818,2
46815,24584183,24583766,417
46816,24584183,24583766,417
46817,24584183,24583766,417
46818,24584183,24583766,417
46819,24682383,24682335,48
46820,24807689,24807338,351
46821,24827651,24826703,948
46822,24827651,24826703,948
46823,24837547,24835128,2419
46824,24837547,24835128,2419
46825,24837547,24835128,2419
46826,24837547,24835128,2419
46827,24837547,24835128,2419
46828,24922949,24922854,95
46829,24922949,24922854,95
46830,24922949,24922854,95
46831,24922949,24922854,95
46832,24922949,24922854,95
46833,24922949,24922854,95
46834,24922949,24922854,95
46835,24942725,24942405,320
46836,24948148,24947019,1129
46837,24951242,24950980,262
46838,24968857,24965956,2901
46839,25026675,25026582,93
46840,25026675,25026582,93
46841,25026675,24975553,51122
46842,25026675,25026582,93
46843,25137447,25137447,0
46844,25189551,25189344,207
46845,25189551,25189344,207
46846,25240253,25239813,440
46847,25268855,25268448,407
46848,25268855,25264321,4534
46849,25268855,25268448,407
46850,26149009,26147569,1440
46851,27080487,27078781,1706
46852,27223036,27222515,521
46853,27233089,27232051,1038
46854,27233089,27232051,1038
46855,27233089,27232051,1038
46856,27280113,27268891,11222
46857,27376099,27375151,948
46858,27376099,27375151,948
46859,27376099,27375151,948
46860,27376099,27375151,948
46861,27463363,27460604,2759
46862,27463363,27460604,2759
46863,27463363,27460604,2759
46864,27561251,27561211,40
46865,27561251,27561211,40
46866,27739194,27738590,604
46867,27791692,27789950,1742
46868,27791692,27789950,1742
46869,27895959,27895891,68
46870,27899478,27895891,3587
46871,28074830,28074745,85
46872,28074830,28074745,85
46873,28223239,28192313,30926
46874,28223239,28222689,550
46875,28223239,28222689,550
46876,28335170,28332242,2928
46877,28367975,28367922,53
46878,28367975,28367922,53
46879,28374829,28374143,686
46880,28405372,28403477,1895
46881,28415162,28414939,223
46882,28415165,28414939,226
46883,28415165,28414939,226
46884,28415165,28414939,226
46885,28415165,28414939,226
46886,28437775,28414939,22836
46887,28481760,28481759,1
46888,28500707,28500670,37
46889,28503156,28500612,2544
46890,28503156,28503080,76
46891,28503156,28503080,76
46892,28503156,28503085,71
46893,28503156,28503080,76
46894,28503156,28503085,71
46895,28503403,28500670,2733
46896,28503403,28503080,323
46897,28503403,28500670,2733
46898,28503403,28500612,2791
46899,28503403,28500670,2733
46900,28503403,28500670,2733
46901,28503536,28503080,456
46902,28503536,28500670,2866
46903,28503536,28503080,456
46904,28503536,28500612,2924
46905,28503623,28503080,543
46906,28510291,28509826,465
46907,28510291,28509826,465
46908,28518155,28518132,23
46909,28550495,28550228,267
46910,28550495,28550228,267
46911,28603111,28603027,84
46912,28607801,28607251,550
46913,28608391,28607251,1140
46914,28620649,28620176,473
46915,28620649,28620176,473
46916,28621512,28620176,1336
46917,28621512,28620176,1336
46918,28634907,28634518,389
46919,28634907,28620176,14731
46920,28634907,28621447,13460
46921,28668196,28668196,0
46922,28747053,28746834,219
46923,28747053,28746834,219
46924,28747053,28746834,219
46925,28747053,28746834,219
46926,28747053,28746834,219
46927,28747053,28746834,219
46928,28747053,28746834,219
46929,28782321,28782321,0
46930,28784125,28784076,49
46931,28784125,28784076,49
46932,28784125,28784076,49
46933,28844675,28844673,2
46934,28848558,28847801,757
46935,28848558,28848098,460
46936,28848558,28848098,460
46937,28848558,28848121,437
46938,28848558,28848121,437
46939,28848558,28847586,972
46940,28848558,28848098,460
46941,28848558,28847586,972
46942,28848558,28847586,972
46943,28857729,28857590,139
46944,28885534,28885141,393
46945,28885534,28884769,765
46946,28885534,28884769,765
46947,28885534,28884786,748
46948,28885534,28885141,393
46949,28885534,28884786,748
46950,28885534,28884786,748
46951,28885534,28884786,748
46952,28891242,28891013,229
46953,28891242,28891013,229
46954,28891242,28891013,229
46955,28891242,28891013,229
46956,28915830,28915025,805
46957,28915830,28915526,304
46958,28915830,28915025,805
46959,28936532,28936484,48
46960,28936532,28936484,48
46961,28936532,28936484,48
46962,28936532,28936484,48
46963,28950668,28950284,384
46964,28950668,28950284,384
46965,28963883,28963701,182
46966,28977767,28975184,2583
46967,28977767,28975184,2583
46968,28977767,28975184,2583
46969,28977767,28975184,2583
46970,28992008,28990819,1189
46971,28996838,28995620,1218
46972,28996838,28995620,1218
46973,28996838,28995620,1218
46974,28996838,28995620,1218
46975,28996838,28995620,1218
46976,29001340,29001333,7
46977,29001340,29001333,7
46978,29002104,29001333,771
46979,29002104,29001333,771
46980,29002104,29001333,771
46981,29002104,29001333,771
46982,29381114,29380940,174
46983,29383434,29380940,2494
46984,29383434,29380940,2494
46985,29415809,29415028,781
46986,29450024,29448591,1433
46987,29466285,29465772,513
46988,29466285,29465772,513
46989,29469545,29469445,100
46990,29469545,29469445,100
46991,29475661,29474887,774
46992,29476301,29475896,405
46993,29476301,29475896,405
46994,29476301,29475896,405
46995,29476301,29475896,405
46996,29476301,29475896,405
46997,29478899,29478559,340
46998,29496200,29496167,33
46999,29516913,29516913,0
47000,29625038,29624961,77
47001,29676252,29676252,0
47002,29681823,29676252,5571
47003,29681823,29676252,5571
47004,29709314,29708732,582
47005,29757340,29756272,1068
47006,29792969,29791740,1229
47007,29816706,29816631,75
47008,29816706,29816631,75
47009,29816706,29816631,75
47010,29822504,29821552,952
47011,29822504,29821063,1441
47012,29822504,29821552,952
47013,29822504,29821552,952
47014,29822877,29819351,3526
47015,29825275,29825275,0
47016,29827202,29825959,1243
47017,29827202,29825959,1243
47018,29827202,29825275,1927
47019,29832541,29832266,275
47020,29833816,29831075,2741
47021,29859360,29859310,50
47022,29859360,29859310,50
47023,29859360,29859310,50
47024,29872982,29872830,152
47025,29874349,29874000,349
47026,29874578,29874178,400
47027,29874578,29874178,400
47028,29910585,29910340,245
47029,29910585,29910340,245
47030,29910585,29910340,245
47031,29910585,29910340,245
47032,29910585,29910340,245
47033,29910585,29910340,245
47034,29917377,29917218,159
47035,29937545,29937354,191
47036,29984373,29982866,1507
47037,29984373,29982866,1507
47038,29984373,29982866,1507
47039,29999719,29999718,1
47040,29999726,29999301,425
47041,29999726,29999301,425
47042,29999726,29999301,425
47043,29999726,29999301,425
47044,30003582,30002889,693
47045,30007395,30006534,861
47046,30007417,30006926,491
47047,30007417,30006926,491
47048,30017112,30016763,349
47049,30022401,30021543,858
47050,30022742,30021543,1199
47051,30023626,30021543,2083
47052,30024843,30021543,3300
47053,30036023,30035548,475
47054,30036023,30035548,475
47055,30042186,30041848,338
47056,30081741,30081533,208
47057,30081741,30081533,208
47058,30081741,30081533,208
47059,30081741,30081533,208
47060,30081741,30081533,208
47061,30081741,30081533,208
47062,30096695,30096383,312
47063,30096695,30096383,312
47064,30103205,30102514,691
47065,30103208,30102514,694
47066,30107521,30106803,718
47067,30107521,30106803,718
47068,30107537,30106689,848
47069,30124878,30124799,79
47070,30124878,30124110,768
47071,30134289,30133155,1134
47072,30134630,30134530,100
47073,30134630,30134530,100
47074,30134630,30134530,100
47075,30198544,30198316,228
47076,30200396,30199116,1280
47077,30200397,30200285,112
47078,30200397,30200285,112
47079,30205627,30205114,513
47080,30205627,30205114,513
47081,30208887,30208787,100
47082,30208887,30208787,100
47083,30215006,30214232,774
47084,30215650,30215241,409
47085,30215650,30215241,409
47086,30215650,30215241,409
47087,30215650,30215241,409
47088,30215650,30215241,409
47089,30218248,30217908,340
47090,30256932,30256894,38
47091,30257122,30256894,228
47092,30366255,30366002,253
47093,30366682,30366002,680
47094,30370995,30369851,1144
47095,30381522,30381504,18
47096,30389310,30389221,89
47097,30394171,30393863,308
47098,30394171,30394125,46
47099,30411429,30410428,1001
47100,30411429,30410428,1001
47101,30411429,30410428,1001
47102,30411429,30410428,1001
47103,30429916,30429688,228
47104,30429916,30429688,228
47105,30441373,30441301,72
47106,30457224,30457048,176
47107,30457224,30457048,176
47108,30534506,30532986,1520
47109,30534506,30532986,1520
47110,30534506,30532986,1520
47111,30537910,30537734,176
47112,30538095,30537367,728
47113,30546194,30546000,194
47114,30546194,30546000,194
47115,30546194,30546000,194
47116,30546219,30537367,8852
47117,30569642,30569503,139
47118,30569642,30569503,139
47119,30583728,30583596,132
47120,30583728,30582950,778
47121,30597092,30596932,160
47122,30597092,30596932,160
47123,30597092,30596801,291
47124,30621707,30621362,345
47125,30621707,30616054,5653
47126,30621754,30616054,5700
47127,30622096,30616054,6042
47128,30666535,30666533,2
47129,30667734,30667632,102
47130,30667734,30667632,102
47131,30667734,30667632,102
47132,30682131,30680966,1165
47133,30682131,30680966,1165
47134,30709810,30709629,181
47135,30732797,30732796,1
47136,30752028,30751054,974
47137,30752028,30751054,974
47138,30756517,30755264,1253
47139,30763234,30762667,567
47140,30772497,30771481,1016
47141,30772497,30768418,4079
47142,30773519,30772643,876
47143,30773519,30771097,2422
47144,30773565,30773069,496
47145,30773565,30773069,496
47146,30784104,30783610,494
47147,30787628,30785435,2193
47148,30787628,30785435,2193
47149,30787628,30785435,2193
47150,30787628,30785435,2193
47151,30787628,30785435,2193
47152,30787628,30785435,2193
47153,30798523,30795803,2720
47154,30905399,30905265,134
47155,30905399,30905265,134
47156,30906539,30905915,624
47157,30914881,30913860,1021
47158,30914881,30913860,1021
47159,30934590,30934285,305
47160,30960104,30958551,1553
47161,30960104,30958551,1553
47162,30960104,30958551,1553
47163,30966259,30965165,1094
47164,30975644,30975642,2
47165,30995981,30995344,637
47166,31000473,30999504,969
47167,31000473,30999148,1325
47168,31000473,30999148,1325
47169,31000473,30999504,969
47170,31021829,31021717,112
47171,31021829,31021717,112
47172,31051488,31051124,364
47173,31051488,31051124,364
47174,31051488,31051124,364
47175,31076409,31075939,470
47176,31076409,31075780,629
47177,31084823,31075780,9043
47178,31085641,31075780,9861
47179,31094826,31093135,1691
47180,31094833,31094413,420
47181,31100130,31100130,0
47182,31106276,31097702,8574
47183,31106276,31106050,226
47184,31106276,31106050,226
47185,31106276,31106050,226
47186,31124112,31123586,526
47187,31124112,31123352,760
47188,31124112,31123352,760
47189,31142712,31141931,781
47190,31142714,31142580,134
47191,31142714,31142313,401
47192,31147151,31146819,332
47193,31147151,31146819,332
47194,31147151,31146819,332
47195,31160855,31157154,3701
47196,31161415,31161356,59
47197,31161415,31161356,59
47198,31161415,31161356,59
47199,31194671,31194164,507
47200,31201719,31201717,2
47201,31206192,31202759,3433
47202,31206192,31202759,3433
47203,31206192,31202759,3433
47204,31206192,31202759,3433
47205,31214097,31214011,86
47206,31214097,31214011,86
47207,31214773,31214389,384
47208,31228349,31228349,0
47209,31228395,31228349,46
47210,31236510,31236076,434
47211,31335874,31335874,0
47212,31338744,31338299,445
47213,31344213,31343028,1185
47214,31344213,31343028,1185
47215,31344213,31343028,1185
47216,31369183,31368503,680
47217,31382652,31382539,113
47218,31394264,31393817,447
47219,31394318,31393228,1090
47220,31420638,31419235,1403
47221,31437826,31437449,377
47222,31437826,31437449,377
47223,31439749,31439646,103
47224,31448170,31448170,0
47225,31454348,31448170,6178
47226,31478487,31477307,1180
47227,31478488,31478210,278
47228,31478488,31478210,278
47229,31478488,31478210,278
47230,31478488,31476522,1966
47231,31478488,31478210,278
47232,31489281,31488897,384
47233,31489281,31488897,384
47234,31489281,31488897,384
47235,31502091,31501856,235
47236,31505059,31504599,460
47237,31519740,31519694,46
47238,31519740,31512041,7699
47239,31540124,31540012,112
47240,31580845,31580818,27
47241,31766243,31765607,636
47242,31771207,31767040,4167
47243,31771207,31767040,4167
47244,31772886,31770697,2189
47245,31928629,31927802,827
47246,31928629,31927802,827
47247,31928629,31927802,827
47248,32163874,32163611,263
47249,32267243,32266224,1019
47250,32687448,32687418,30
47251,32687448,32687418,30
47252,32764659,32764591,68
47253,32891922,32891129,793
47254,33208179,33206717,1462
47255,33208179,33207160,1019
47256,33264719,33263252,1467
47257,33264719,33263695,1024
47258,33786528,33786485,43
47259,33962503,33962440,63
47260,46603009,46551909,51100
47261,46655311,46655271,40
47262,46713963,46713037,926
47263,46723025,46716072,6953
47264,46723144,46723045,99
47265,46728576,46727098,1478
47266,46730131,46729621,510
47267,46732306,46731497,809
47268,46732306,46731497,809
47269,46772055,46766558,5497
47270,46782221,46782105,116
47271,46797158,46766558,30600
47272,46865074,46865061,13
47273,46965201,46962909,2292
47274,46965201,46962909,2292
47275,46965201,46962909,2292
47276,47007625,47007483,142
47277,47143622,47143595,27
47278,47177936,47177523,413
47279,47177936,47177523,413
47280,47430131,47399735,30396
47281,47493086,47488011,5075
47282,47495015,47494956,59
47283,47495135,47488011,7124
47284,47581459,47581457,2
47285,47735434,47733277,2157
47286,47735434,47733277,2157
47287,47735434,47733277,2157
47288,48180681,48180335,346
47289,48189929,48180335,9594
47290,48266182,48265832,350
47291,48269088,48265832,3256
47292,48269088,48265832,3256
47293,48281479,48265832,15647
47294,48387407,48385713,1694
47295,48387407,48385713,1694
47296,48396339,48396339,0
47297,48399784,48399388,396
47298,48419229,48396339,22890
47299,48644120,48643883,237
47300,49315742,49315376,366
47301,49433319,49433189,130
47302,49698136,49672711,25425
47303,49856649,49856596,53
47304,49891830,49764778,127052
47305,50070999,50069369,1630
47306,50070999,50069369,1630
47307,50118429,50118009,420
47308,50139375,50138972,403
47309,50139375,50138972,403
47310,50139375,50138972,403
47311,50269219,50263239,5980
47312,50269219,50263239,5980
47313,50338870,50338868,2
47314,50344440,50344409,31
47315,50352043,50349416,2627
47316,50402845,50402685,160
47317,50402845,50402685,160
47318,50674771,50667692,7079
47319,50715264,50711437,3827
47320,50715264,50711437,3827
47321,50715264,50711437,3827
47322,50733865,50733865,0
47323,50746284,50746282,2
47324,50746284,50746282,2
47325,50746284,50746282,2
47326,50757295,50757293,2
47327,50757295,50757293,2
47328,50757295,50757293,2
47329,50766987,50765730,1257
47330,50766987,50765730,1257
47331,50811852,50811851,1
47332,50820674,50818366,2308
47333,50821657,50820922,735
47334,50829635,50829514,121
47335,50835846,50830419,5427
47336,50835846,50830419,5427
47337,50835846,50830419,5427
47338,50835846,50830419,5427
47339,51184508,51175841,8667
47340,51185183,51185152,31
47341,51185183,51175841,9342
47342,51185183,51185166,17
47343,52107847,52107796,51
47344,52580806,52580635,171
47345,52581714,52553392,28322
47346,53260424,53260424,0
47347,53282075,53281419,656
47348,53307697,53307695,2
47349,53361414,53358807,2607
47350,53361414,53358807,2607
47351,53361414,53358807,2607
47352,53361414,53358807,2607
47353,53361414,53358807,2607
47354,53361414,53358807,2607
47355,53405041,53404901,140
47356,53504097,53504096,1
47357,53525560,53524212,1348
47358,53525560,53524212,1348
47359,53525560,53524212,1348
47360,53537170,53534171,2999
47361,53537170,53534171,2999
47362,53537170,53534171,2999
47363,53537170,53534171,2999
47364,53737771,53734635,3136
47365,53737771,53734635,3136
47366,53737771,53734635,3136
47367,53737771,53734635,3136
47368,53737771,53734635,3136
47369,53737771,53734635,3136
47370,53737771,53734635,3136
47371,54148379,54145827,2552
47372,54148379,54145827,2552
47373,54148379,54145827,2552
47374,54320378,54319962,416
47375,54966815,54966814,1
47376,54968395,54967785,610
47377,54968395,54967785,610
47378,54968395,54967785,610
47379,55364664,55364217,447
47380,55364672,55364217,455
47381,55540586,55539354,1232
47382,55540586,55539354,1232
47383,55540586,55539354,1232
47384,55601592,55601415,177
47385,55620582,55617010,3572
47386,55620582,55617010,3572
47387,55737700,55736258,1442
47388,55737700,55736258,1442
47389,55737700,55736258,1442
47390,55737700,55736258,1442
47391,55740104,55739184,920
47392,55808826,55807486,1340
47393,55808826,55807486,1340
47394,55867075,55866967,108
47395,55867075,55866967,108
47396,55867075,55866967,108
47397,55909282,55909133,149
47398,55909282,55909133,149
47399,55959372,55897352,62020
47400,55959372,55905635,53737
47401,55989943,55989797,146
47402,56228437,56228224,213
47403,56382111,56377862,4249
47404,56391356,56388965,2391
47405,56437030,56436963,67
47406,56459450,56459239,211
47407,56485261,56485114,147
47408,56511407,56510117,1290
47409,56511407,56510117,1290
47410,56554008,56553774,234
47411,56554008,56553774,234
47412,56602869,56602844,25
47413,56624997,56624029,968
47414,56625000,56624861,139
47415,56643409,56643266,143
47416,56661024,56660883,141
47417,56661024,56660733,291
47418,56667898,56667754,144
47419,56673999,56673862,137
47420,56687116,56686977,139
47421,56693215,56693076,139
47422,56701977,56701905,72
47423,56705041,56704901,140
47424,56711653,56710075,1578
47425,56718108,56717961,147
47426,56878861,56878521,340
47427,56878861,56878521,340
47428,56878861,56878521,340
47429,56949762,56947317,2445
47430,56949762,56947317,2445
47431,56949762,56947317,2445
47432,56971325,56970733,592
47433,56977793,56976123,1670
47434,56977793,56977202,591
47435,56977793,56977202,591
47436,56977793,56977202,591
47437,56977793,56977202,591
47438,57017756,57017578,178
47439,57017756,57017578,178
47440,57063768,57063766,2
47441,57095840,57095838,2
47442,57095840,57095838,2
47443,57117436,57116440,996
47444,57117436,57116440,996
47445,57117436,57116440,996
47446,57181876,57180287,1589
47447,57181878,57181570,308
47448,57181878,57181570,308
47449,57181878,57181570,308
47450,57212469,57207766,4703
47451,57219976,57207766,12210
47452,57239181,57238924,257
47453,57272947,57272887,60
47454,57272947,57272887,60
47455,57272947,57272887,60
47456,57287187,57286285,902
47457,57287545,57286179,1366
47458,57318584,57318452,132
47459,57400102,57397500,2602
47460,57418956,57416944,2012
47461,57449974,57449773,201
47462,57449974,57449773,201
47463,57475315,57474840,475
47464,57481369,57474840,6529
47465,57481369,57474840,6529
47466,57488216,57486878,1338
47467,57491052,57490562,490
47468,57491324,57491110,214
47469,57491324,57490914,410
47470,57495187,57494536,651
47471,57495187,57494536,651
47472,57503815,57503286,529
47473,57505921,57505031,890
47474,57513679,57513419,260
47475,57520385,57513419,6966
47476,57570477,57563089,7388
47477,57611100,57609450,1650
47478,57611100,57608992,2108
47479,57611100,57609450,1650
47480,57694788,57694786,2
47481,57698944,57697494,1450
47482,57698944,57697494,1450
47483,57698944,57697494,1450
47484,57698944,57697494,1450
47485,57698944,57697494,1450
47486,57698944,57697494,1450
47487,57698944,57697494,1450
47488,57698944,57697494,1450
47489,57698944,57697494,1450
47490,57698944,57697494,1450
47491,57712751,57712264,487
47492,57723290,57722373,917
47493,57723290,57722373,917
47494,57723290,57722373,917
47495,57765367,57765170,197
47496,57765367,57765170,197
47497,57765367,57765170,197
47498,57791162,57790858,304
47499,57809020,57808900,120
47500,57816225,57805562,10663
47501,57816225,57805562,10663
47502,57831929,57805562,26367
47503,57831929,57805562,26367
47504,57831929,57819516,12413
47505,57836439,57832155,4284
47506,57836439,57832155,4284
47507,57836935,57836924,11
47508,57850831,57850127,704
47509,57896733,57896731,2
47510,58005020,58001190,3830
47511,58005020,58001190,3830
47512,58005020,58001190,3830
47513,58022017,58021330,687
47514,58022017,58021330,687
47515,58032169,58032169,0
47516,58033762,58032169,1593
47517,58044016,58044014,2
47518,58047474,58045033,2441
47519,58055527,58054149,1378
47520,58055527,58054149,1378
47521,58080804,58079350,1454
47522,58163296,58163019,277
47523,58163296,58163019,277
47524,58199612,58198012,1600
47525,58231782,58231640,142
47526,58317734,58313681,4053
47527,58317734,58313681,4053
47528,58328951,58327720,1231
47529,58328951,58327720,1231
47530,58328951,58320065,8886
47531,58440048,58438633,1415
47532,58440048,58438633,1415
47533,58440048,58438633,1415
47534,58547073,58546044,1029
47535,58547523,58545480,2043
47536,58547523,58545480,2043
47537,58547523,58545480,2043
47538,58547523,58545480,2043
47539,58547523,58545480,2043
47540,58547523,58545480,2043
47541,58547523,58545480,2043
47542,58547523,58545480,2043
47543,58547523,58545480,2043
47544,58550983,58550925,58
47545,58552447,58550251,2196
47546,58554431,58552933,1498
47547,58554431,58552933,1498
47548,58567069,58564242,2827
47549,58585723,58585681,42
47550,58663790,58633241,30549
47551,58663790,58633241,30549
47552,58663790,58633241,30549
47553,58663790,58609024,54766
47554,58718611,58714030,4581
47555,58718674,58714030,4644
47556,58718674,58713763,4911
47557,58718674,58714030,4644
47558,58768246,58768132,114
47559,58768246,58768132,114
47560,59789095,59788677,418
47561,61891142,61859057,32085
47562,62070739,62055307,15432
47563,65106163,65038772,67391
47564,65155919,65038772,117147
47565,65155919,65038772,117147
47566,65155919,65032609,123310
47567,66426888,66426290,598
47568,66438689,66437072,1617
47569,66516745,66514828,1917
47570,66516745,66514828,1917
47571,66527432,66527344,88
47572,66527432,66526968,464
47573,66527432,66527344,88
47574,66527432,66527344,88
47575,66583728,66565366,18362
47576,66584194,66584186,8
47577,66584194,66584186,8
47578,66584315,66581882,2433
47579,66584315,66583964,351
47580,66584315,66583964,351
47581,66584315,66583964,351
47582,66600190,66599914,276
47583,66600190,66599994,196
47584,66600190,66599914,276
47585,66600190,66599914,276
47586,66600190,66599914,276
47587,66602788,66601085,1703
47588,66613038,66612755,283
47589,66613038,66612904,134
47590,66613038,66612904,134
47591,66613038,66612904,134
47592,66613038,66612755,283
47593,66613038,66612755,283
47594,66613038,66612904,134
47595,66613038,66612904,134
47596,66613038,66612755,283
47597,66613038,66612755,283
47598,66613038,66612904,134
47599,66613038,66612834,204
47600,66622177,66622022,155
47601,66622177,66622022,155
47602,66647795,66646540,1255
47603,66647795,66646540,1255
47604,66647795,66646540,1255
47605,66730610,66730428,182
47606,66730610,66730428,182
47607,66785525,66785494,31
47608,66785525,66785494,31
47609,66785525,66785494,31
47610,66785525,66785494,31
47611,66834956,66830701,4255
47612,66835523,66830701,4822
47613,66864879,66861917,2962
47614,66864879,66864802,77
47615,66864879,66857485,7394
47616,66864879,66864802,77
47617,66864879,66857485,7394
47618,66888049,66887401,648
47619,66888049,66887401,648
47620,66919777,66919777,0
47621,66925002,66919777,5225
47622,66952887,66951968,919
47623,66952887,66951968,919
47624,66952887,66951968,919
47625,66952887,66951968,919
47626,66959439,66959082,357
47627,66959439,66959082,357
47628,66968326,66968267,59
47629,66978994,66977928,1066
47630,66978994,66977928,1066
47631,66978994,66977928,1066
47632,67009052,67006952,2100
47633,67009052,67006952,2100
47634,67009052,67006952,2100
47635,67043659,67042968,691
47636,67043659,67043045,614
47637,67043659,67042968,691
47638,67043659,67043045,614
47639,67043659,67042968,691
47640,67043659,67043045,614
47641,67134958,67132635,2323
47642,67134958,67132681,2277
47643,67134958,67132681,2277
47644,67170211,67168172,2039
47645,67182442,67181034,1408
47646,67182442,67181034,1408
47647,67184388,67184388,0
47648,67184867,67184131,736
47649,67184902,67184388,514
47650,67190152,67189528,624
47651,67193812,67190563,3249
47652,67193812,67190563,3249
47653,67198077,67197723,354
47654,67203848,67203688,160
47655,67203848,67203688,160
47656,67209640,67208957,683
47657,67209640,67208957,683
47658,67209640,67208957,683
47659,67209640,67208957,683
47660,67209640,67209000,640
47661,67209640,67209000,640
47662,67213455,67212789,666
47663,67217943,67214513,3430
47664,67217943,67214513,3430
47665,67224002,67221034,2968
47666,67224107,67223579,528
47667,67224107,67223579,528
47668,67224107,67223579,528
47669,67232821,67232026,795
47670,67237927,67237780,147
47671,67237927,67237780,147
47672,67237927,67237780,147
47673,67244988,67244091,897
47674,67260721,67244091,16630
47675,67260901,67244091,16810
47676,67260901,67244091,16810
47677,67260901,67260901,0
47678,67263182,67263016,166
47679,67281425,67281313,112
47680,67281425,67271999,9426
47681,67281425,67270998,10427
47682,67306094,67305113,981
47683,67306094,67305113,981
47684,67306094,67305113,981
47685,67315087,67315087,0
47686,67323403,67322711,692
47687,67323403,67322711,692
47688,67323403,67322711,692
47689,67323403,67322711,692
47690,67323403,67322711,692
47691,67323403,67322711,692
47692,67360661,67360610,51
47693,67360661,67333567,27094
47694,67360661,67335697,24964
47695,67406005,67405247,758
47696,67419109,67418992,117
47697,67419109,67418992,117
47698,67419109,67418992,117
47699,67425849,67425014,835
47700,67427421,67425014,2407
47701,67427421,67425014,2407
47702,67450339,67441678,8661
47703,67471454,67470906,548
47704,67493128,67487517,5611
47705,67515089,67514989,100
47706,67515089,67514989,100
47707,67517716,67517301,415
47708,67577167,67577167,0
47709,67577167,67577167,0
47710,67577167,67577167,0
47711,67580691,67580366,325
47712,67580691,67580366,325
47713,67580691,67580366,325
47714,67580691,67580366,325
47715,67580691,67580366,325
47716,67673071,67671775,1296
47717,67673088,67671775,1313
47718,67673088,67671775,1313
47719,67687157,67687157,0
47720,67691472,67691421,51
47721,67691472,67691421,51
47722,67694718,67694381,337
47723,67694718,67694381,337
47724,67694718,67694381,337
47725,67694718,67694351,367
47726,67696681,67696550,131
47727,67696681,67696550,131
47728,67698415,67698064,351
47729,67700628,67700345,283
47730,67702655,67702075,580
47731,67702661,67702503,158
47732,67719618,67719618,0
47733,67753273,67719618,33655
47734,67753273,67709900,43373
47735,67753273,67719618,33655
47736,67840555,67840439,116
47737,67840555,67768849,71706
47738,67840555,67840439,116
47739,67840555,67805985,34570
47740,67840555,67840439,116
47741,67840555,67839334,1221
47742,67860185,67859832,353
47743,67861482,67861480,2
47744,67861967,67861486,481
47745,67861971,67861896,75
47746,67861971,67861896,75
47747,67861971,67861896,75
47748,67861971,67861896,75
47749,67861971,67861896,75
47750,67861971,67861896,75
47751,67868003,67864127,3876
47752,67868003,67864127,3876
47753,67868003,67864413,3590
47754,67878098,67877402,696
47755,67881361,67867762,13599
47756,67902788,67902506,282
47757,67905219,67904816,403
47758,67914273,67914143,130
47759,67918417,67918051,366
47760,67918417,67918051,366
47761,67918417,67918051,366
47762,67920270,67916880,3390
47763,67920271,67920162,109
47764,67943991,67943714,277
47765,67963581,67961545,2036
47766,67965778,67965755,23
47767,67970780,67970652,128
47768,67978015,67978004,11
47769,67997968,67997930,38
47770,68000781,68000677,104
47771,68002597,68002456,141
47772,68002597,68002456,141
47773,68002597,68002557,40
47774,68002597,68002456,141
47775,68003095,67991938,11157
47776,68014452,68014358,94
47777,68014452,68014358,94
47778,68027279,68027115,164
47779,68033421,68027115,6306
47780,68034489,68027115,7374
47781,68057770,68057105,665
47782,68113226,68112889,337
47783,68113226,68112889,337
47784,68113226,68112889,337
47785,68226115,68225710,405
47786,68226115,68225710,405
47787,68226115,68225710,405
47788,68226115,68225710,405
47789,68226115,68225710,405
47790,68226115,68225710,405
47791,68226115,68225710,405
47792,68226115,68225710,405
47793,68263162,68260374,2788
47794,68263162,68248332,14830
47795,68263162,68248332,14830
47796,68263162,68260374,2788
47797,68263162,68248332,14830
47798,68263162,68260255,2907
47799,68263162,68260374,2788
47800,68263162,68260374,2788
47801,68263162,68248332,14830
47802,68263162,68260374,2788
47803,68263162,68248332,14830
47804,68263162,68260374,2788
47805,68263162,68248332,14830
47806,68263162,68260374,2788
47807,68263162,68248332,14830
47808,68270136,68269948,188
47809,68270136,68269948,188
47810,68294961,68293560,1401
47811,68294961,68293157,1804
47812,68294961,68293560,1401
47813,68294961,68293560,1401
47814,68294961,68293560,1401
47815,68335726,68331231,4495
47816,68335726,68331231,4495
47817,68344868,68344829,39
47818,68390700,68390700,0
47819,68391169,68391127,42
47820,68391169,68391127,42
47821,68391169,68391127,42
47822,68406290,68406084,206
47823,68406290,68406084,206
47824,68482409,68406084,76325
47825,68601039,68597930,3109
47826,68601039,68598601,2438
47827,68601039,68597930,3109
47828,68601039,68598601,2438
47829,68601039,68598601,2438
47830,68609945,68609779,166
47831,68732957,68732303,654
47832,68732957,68732303,654
47833,68869444,68867402,2042
47834,68869444,68867402,2042
47835,68901883,68901134,749
47836,69119085,69117564,1521
47837,69143934,69143934,0
47838,69151570,69149169,2401
47839,69151570,69149169,2401
47840,69152619,69152365,254
47841,69166071,69155361,10710
47842,69166493,69155361,11132
47843,69166493,69154331,12162
47844,69187969,69187612,357
47845,69201745,69199474,2271
47846,69202937,69202840,97
47847,69202937,69202840,97
47848,69202937,69202840,97
47849,69342955,69334827,8128
47850,69358946,69358212,734
47851,69364498,69364473,25
47852,69373526,69373455,71
47853,69377013,69375555,1458
47854,69377013,69375555,1458
47855,69385712,69385656,56
47856,69419891,69419748,143
47857,69419891,69419874,17
47858,69484124,69482098,2026
47859,69500167,69496423,3744
47860,69720072,69718884,1188
47861,69729591,69729274,317
47862,69738569,69729274,9295
47863,69738569,69729274,9295
47864,69738569,69729274,9295
47865,69738569,69729274,9295
47866,69738569,69729274,9295
47867,69760533,69760342,191
47868,69760533,69760342,191
47869,69760533,69760342,191
47870,69760533,69760342,191
47871,69788871,69788813,58
47872,69788871,69788764,107
47873,69944308,69942757,1551
47874,69975644,69973843,1801
47875,69975644,69973843,1801
47876,69975644,69973843,1801
47877,69975644,69973843,1801
47878,69975644,69973843,1801
47879,69995303,69994890,413
47880,69998250,69997514,736
47881,69998250,69997514,736
47882,69998250,69997514,736
47883,69998250,69997514,736
47884,70024111,70023933,178
47885,70195184,70190782,4402
47886,70195184,70190782,4402
47887,70195184,70190782,4402
47888,70195184,70190782,4402
47889,70195184,70190782,4402
47890,70220798,70220423,375
47891,70220798,70220423,375
47892,70285833,70285803,30
47893,70305899,70305844,55
47894,70323412,70316666,6746
47895,70367735,70367485,250
47896,70367735,70367485,250
47897,70367735,70367485,250
47898,70367735,70367485,250
47899,70367735,70367485,250
47900,70367735,70367485,250
47901,70367735,70367485,250
47902,70382531,70381170,1361
47903,70404288,70404287,1
47904,70407281,70405889,1392
47905,70407281,70405889,1392
47906,70407281,70405889,1392
47907,70407281,70405889,1392
47908,70407281,70405889,1392
47909,70407281,70405889,1392
47910,70434541,70432433,2108
47911,70472991,70432433,40558
47912,70501374,70500967,407
47913,70514177,70513583,594
47914,70514177,70513583,594
47915,70514177,70513583,594
47916,70557457,70557446,11
47917,70557457,70557446,11
47918,70557457,70542451,15006
47919,70611571,70605716,5855
47920,70694585,70694090,495
47921,70694585,70694090,495
47922,70694585,70694090,495
47923,70713958,70713923,35
47924,70719954,70719694,260
47925,70765462,70732671,32791
47926,70778541,70765492,13049
47927,70807154,70802838,4316
47928,70835061,70834803,258
47929,70835061,70817349,17712
47930,70835061,70796508,38553
47931,71220821,71186637,34184
47932,71264625,71220798,43827
47933,71264625,71220798,43827
47934,71264625,71264590,35
47935,71264625,71264590,35
47936,71264625,71264590,35
47937,71319823,71319823,0
47938,71323315,71319823,3492
47939,71323509,71319823,3686
47940,71323513,71319823,3690
47941,71424342,71423768,574
47942,71424342,71419525,4817
47943,71487876,71483753,4123
47944,71496117,71487978,8139
47945,71496273,71487978,8295
47946,71496273,71483753,12520
47947,71496273,71483753,12520
47948,71518651,71512905,5746
47949,71523217,71489995,33222
47950,71523217,71516017,7200
47951,71523217,71512905,10312
47952,71523254,71516017,7237
47953,71571741,71571741,0
47954,71572493,71571741,752
47955,71572493,71571741,752
47956,71610998,71610318,680
47957,71610998,71610318,680
47958,71610998,71610318,680
47959,71663577,71663462,115
47960,71670108,71668706,1402
47961,71675868,71674930,938
47962,71675868,71674307,1561
47963,71748704,71748698,6
47964,71749743,71748698,1045
47965,71757715,71748698,9017
47966,71781154,71779498,1656
47967,71823385,71823382,3
47968,71842976,71800347,42629
47969,71842976,71823382,19594
47970,71842976,71841726,1250
47971,71842976,71842735,241
47972,71885713,71885713,0
47973,71891236,71885713,5523
47974,71914379,71895812,18567
47975,71917444,71913849,3595
47976,71917444,71913849,3595
47977,71918093,71913849,4244
47978,71918093,71913849,4244
47979,71918093,71913849,4244
47980,71918093,71895812,22281
47981,71964540,71961716,2824
47982,71964540,71961716,2824
47983,71964540,71961716,2824
47984,71964540,71961702,2838
47985,71964540,71961716,2824
47986,71964540,71961716,2824
47987,71964540,71961702,2838
47988,72033877,72033877,0
47989,72059316,72058098,1218
47990,72094955,72094789,166
47991,72094955,72094789,166
47992,72094955,72094789,166
47993,72094955,72094789,166
47994,72111145,72110980,165
47995,72127539,72124648,2891
47996,72127768,72124648,3120
47997,72128215,72124648,3567
47998,72146811,72146396,415
47999,72146811,72146396,415
48000,72162693,72160007,2686
48001,72206064,72205107,957
48002,72206064,72205107,957
48003,72206349,72184707,21642
48004,73082274,72994044,88230
48005,73092534,72984841,107693
48006,73436379,73434464,1915
48007,74340186,74339631,555
48008,74340186,74339631,555
48009,74402153,74378717,23436
48010,74425977,74425975,2
48011,74446778,74446755,23
48012,74455368,74455168,200
48013,74455368,74455168,200
48014,74455368,74455168,200
48015,74455649,74455168,481
48016,74641042,74640992,50
48017,74641042,74640992,50
48018,74641042,74640992,50
48019,74641042,74537456,103586
48020,74666579,74666557,22
48021,74700779,74695347,5432
48022,74700779,74695347,5432
48023,74734789,74729655,5134
48024,74734789,74729655,5134
48025,74751004,74750602,402
48026,74808729,74808653,76
48027,74938244,74938045,199
48028,74950025,74946260,3765
48029,74999720,74999711,9
48030,75019017,75018915,102
48031,75019017,75018915,102
48032,75138903,75138791,112
48033,75141919,75140437,1482
48034,75144892,75140437,4455
48035,75144892,75140437,4455
48036,75150670,75150618,52
48037,75150670,75150618,52
48038,75206132,75204232,1900
48039,75206132,75204232,1900
48040,75206132,75204232,1900
48041,75206132,75204232,1900
48042,75206132,75204232,1900
48043,75241072,75241039,33
48044,75258822,75258764,58
48045,75270401,75269155,1246
48046,75272980,75271991,989
48047,75282224,75281957,267
48048,75285526,75285380,146
48049,75285526,75285380,146
48050,75299905,75298398,1507
48051,75299905,75299734,171
48052,75299905,75286144,13761
48053,75300707,75300677,30
48054,75301951,75301878,73
48055,75467387,75467250,137
48056,75467387,75446605,20782
48057,75467387,75467250,137
48058,75498314,75498148,166
48059,75498584,75498498,86
48060,75498584,75498498,86
48061,75513726,75513726,0
48062,75528926,75513726,15200
48063,75528926,75513726,15200
48064,75564282,75564282,0
48065,75569068,75564282,4786
48066,75579393,75565538,13855
48067,75579400,75579390,10
48068,75590184,75579813,10371
48069,75590184,75590107,77
48070,75590184,75590097,87
48071,75611779,75611267,512
48072,75657221,75646736,10485
48073,75657221,75654697,2524
48074,75674247,75670365,3882
48075,75681585,75678326,3259
48076,75681585,75681537,48
48077,75682541,75682538,3
48078,75691341,75690509,832
48079,76529095,76528967,128
48080,76593135,76592580,555
48081,76593135,76592580,555
48082,76593135,76592580,555
48083,76593135,76592580,555
48084,77233543,77232205,1338
48085,77233543,77232205,1338
48086,77233543,77232205,1338
48087,77233543,77232205,1338
48088,77246976,77246828,148
48089,77397782,77393300,4482
48090,77468418,77398144,70274
48091,77469011,77468592,419
48092,77760697,77759511,1186
48093,77776157,77775549,608
48094,77776157,77775847,310
48095,77776157,77775847,310
48096,77776157,77775847,310
48097,78014001,78011592,2409
48098,78066001,78064738,1263
48099,78066001,78064738,1263
48100,78134096,78133786,310
48101,78312593,78312553,40
48102,79246564,79245693,871
48103,79246564,79245693,871
48104,79246564,79245693,871
48105,79246564,79246031,533
48106,79634622,79633799,823
48107,79634622,79633799,823
48108,80584541,80584455,86
48109,80838175,80838070,105
48110,81040502,81030999,9503
48111,81056487,81056443,44
48112,81065090,81062256,2834
48113,81065090,81062256,2834
48114,81065090,81062256,2834
48115,81066709,81066299,410
48116,81080951,81078575,2376
48117,81080951,81078575,2376
48118,81080951,81078575,2376
48119,81080951,81078575,2376
48120,81110872,81097560,13312
48121,81110872,81097560,13312
48122,81129980,81129883,97
48123,81169977,81155202,14775
48124,81211588,81209218,2370
48125,81214934,81214818,116
48126,81214934,81214818,116
48127,81253975,81253975,0
48128,81296141,81295906,235
48129,81324747,81324182,565
48130,81324747,81324182,565
48131,81413803,81411201,2602
48132,81745367,81743404,1963
48133,81745367,81743404,1963
48134,81745367,81743404,1963
48135,81745367,81743404,1963
48136,81955215,81955030,185
48137,81991899,81991603,296
48138,82045093,82034463,10630
48139,82132139,82132041,98
48140,82203829,82203780,49
48141,83214630,83205171,9459
48142,83214630,83214564,66
48143,83830215,83828635,1580
48144,83830215,83828635,1580
48145,83830215,83828635,1580
48146,83830215,83828635,1580
48147,83846607,83843028,3579
48148,83949787,83949094,693
48149,83999937,83999612,325
48150,83999937,83999612,325
48151,83999937,83999612,325
48152,84036379,84035951,428
48153,84036379,84035951,428
48154,84075762,84075762,0
48155,84109038,84108306,732
48156,84150517,84135388,15129
48157,84178800,84164926,13874
48158,84178800,84164926,13874
48159,84211524,84211447,77
48160,84211524,84211447,77
48161,84220676,84217321,3355
48162,84220676,84218594,2082
48163,84220676,84218594,2082
48164,84220676,84214948,5728
48165,84220676,84215389,5287
48166,84220676,84213908,6768
48167,84220676,84215389,5287
48168,84220676,84218594,2082
48169,84230659,84228681,1978
48170,84230772,84230580,192
48171,84230772,84230580,192
48172,84273356,84271091,2265
48173,84273356,84271091,2265
48174,84363448,84360546,2902
48175,84363450,84360546,2904
48176,84497793,84497338,455
48177,84497793,84497338,455
48178,84497793,84497338,455
48179,84497793,84497338,455
48180,84497793,84497338,455
48181,84538288,84531692,6596
48182,84538288,84531096,7192
48183,84651669,84651520,149
48184,84695916,84695739,177
48185,84695916,84695739,177
48186,84813527,84812688,839
48187,84813527,84812688,839
48188,84813527,84812688,839
48189,84813527,84812688,839
48190,84873626,84872581,1045
48191,84879756,84879514,242
48192,84907114,84906732,382
48193,84914331,84914235,96
48194,84940800,84940361,439
48195,84943116,84940248,2868
48196,85045141,85024224,20917
48197,85045141,85024224,20917
48198,85113362,85112613,749
48199,85127828,85121931,5897
48200,85127828,85121931,5897
48201,85146114,85145958,156
48202,85146114,85145958,156
48203,85709812,85706145,3667
48204,85709812,85706145,3667
48205,85709812,85706145,3667
48206,85709812,85706145,3667
48207,85709812,85706017,3795
48208,85722588,85722504,84
48209,85722588,85722504,84
48210,85784689,85768823,15866
48211,85833148,85832901,247
48212,85833148,85832901,247
48213,85840607,85840480,127
48214,85840607,85838721,1886
48215,85943486,85942802,684
48216,85956211,85954888,1323
48217,86548070,86546691,1379
48218,86588354,86588313,41
48219,86588841,86575772,13069
48220,86588841,86588790,51
48221,86588841,86588790,51
48222,86588841,86588313,528
48223,86588841,86575772,13069
48224,86588841,86588790,51
48225,86588841,86588790,51
48226,86590905,86589344,1561
48227,86602537,86602447,90
48228,86615304,86613367,1937
48229,87351026,87350848,178
48230,87351026,87350799,227
48231,87351026,87350848,178
48232,87394561,87393988,573
48233,87417394,87417350,44
48234,87425708,87377344,48364
48235,87436833,87436703,130
48236,87438380,87436703,1677
48237,87457487,87452469,5018
48238,87525460,87525433,27
48239,87638254,87637765,489
48240,87638254,87638024,230
48241,87731761,87730266,1495
48242,87736197,87736120,77
48243,87739290,87739009,281
48244,87784548,87764213,20335
48245,87795646,87764213,31433
48246,87799598,87799496,102
48247,87799598,87799496,102
48248,87799598,87799496,102
48249,87903100,87903028,72
48250,87970112,87970056,56
48251,88066851,88066851,0
48252,88110924,88110267,657
48253,88110924,88110267,657
48254,88110924,88110267,657
48255,88110924,88110267,657
48256,88110924,88110267,657
48257,88110924,88110267,657
48258,88110924,88110267,657
48259,88134565,88134321,244
48260,88507165,88505740,1425
48261,88601574,88601387,187
48262,88633125,88633125,0
48263,88653100,88653100,0
48264,88677792,88677791,1
48265,88677944,88677942,2
48266,88698372,88697707,665
48267,88698372,88697707,665
48268,88698372,88697707,665
48269,88706882,88706480,402
48270,88717448,88717421,27
48271,88717492,88717421,71
48272,88717492,88717421,71
48273,88717492,88717421,71
48274,88723674,88722722,952
48275,88729495,88729488,7
48276,88752882,88752814,68
48277,88770025,88766125,3900
48278,88772800,88772733,67
48279,88772829,88772733,96
48280,88781786,88781659,127
48281,88781786,88781628,158
48282,88781786,88781659,127
48283,88781786,88781659,127
48284,88782698,88782399,299
48285,88785149,88783643,1506
48286,88786368,88786025,343
48287,88802816,88802723,93
48288,88851372,88851372,0
48289,88875666,88874686,980
48290,88878342,88878307,35
48291,88878342,88878307,35
48292,88923374,88923285,89
48293,88923374,88909575,13799
48294,88923374,88898456,24918
48295,88923374,88923285,89
48296,88927520,88927367,153
48297,88927591,88927367,224
48298,88927591,88927367,224
48299,88933068,88933014,54
48300,88933068,88933014,54
48301,88933068,88933014,54
48302,88933068,88933014,54
48303,88947565,88945836,1729
48304,89007608,88968032,39576
48305,89008217,88968032,40185
48306,89043504,89043215,289
48307,89043504,89043215,289
48308,89119373,89119262,111
48309,89222171,89220615,1556
48310,89222171,89220615,1556
48311,89222171,89220615,1556
48312,89222171,89220615,1556
48313,89235555,89235411,144
48314,89252600,89251882,718
48315,89261900,89261563,337
48316,89266529,89265558,971
48317,89295965,89294970,995
48318,89295965,89294970,995
48319,89295965,89294970,995
48320,89295965,89294970,995
48321,89302402,89300504,1898
48322,89346124,89345944,180
48323,89358185,89358185,0
48324,89386764,89383427,3337
48325,89391518,89390993,525
48326,89484776,89371640,113136
48327,89556969,89383427,173542
48328,89556969,89383427,173542
48329,89556969,89383427,173542
48330,89556969,89371640,185329
48331,89556969,89383427,173542
48332,89604129,89603318,811
48333,89619543,89617012,2531
48334,89624174,89623501,673
48335,89624174,89623501,673
48336,89633237,89629450,3787
48337,89633237,89629450,3787
48338,89633237,89629450,3787
48339,89633237,89629450,3787
48340,89633237,89628747,4490
48341,89663654,89663029,625
48342,89663654,89663029,625
48343,89704839,89704630,209
48344,89704839,89704630,209
48345,89704839,89704630,209
48346,89713288,89713168,120
48347,89724193,89723996,197
48348,89724193,89723996,197
48349,89727916,89724906,3010
48350,89736866,89735905,961
48351,89736866,89735905,961
48352,89736866,89735905,961
48353,89736866,89735703,1163
48354,89736866,89735905,961
48355,89758625,89758361,264
48356,89760640,89759781,859
48357,89760640,89759781,859
48358,89761221,89760813,408
48359,89762772,89762183,589
48360,89762772,89762100,672
48361,89762772,89762100,672
48362,89762772,89762100,672
48363,89762772,89762183,589
48364,89762772,89762100,672
48365,89768121,89767640,481
48366,89768121,89767640,481
48367,89784573,89784440,133
48368,89786115,89783195,2920
48369,89787394,89787269,125
48370,89804654,89804317,337
48371,89807332,89804654,2678
48372,89807332,89804654,2678
48373,89807332,89804654,2678
48374,89807332,89804654,2678
48375,89807332,89804654,2678
48376,89807332,89804654,2678
48377,89831474,89831462,12
48378,89883065,89883023,42
48379,89883065,89883023,42
48380,89883065,89883023,42
48381,89883065,89883023,42
48382,89883065,89883023,42
48383,89925762,89925761,1
48384,89937727,89936680,1047
48385,89937727,89936680,1047
48386,89937727,89936680,1047
48387,89937727,89936680,1047
48388,89950471,89949932,539
48389,89977792,89977646,146
48390,89977792,89977624,168
48391,89987385,89986620,765
48392,90000546,90000239,307
48393,90002505,90002212,293
48394,90002505,90002212,293
48395,90002505,90002212,293
48396,90002505,90002212,293
48397,90002505,90002212,293
48398,90025774,90025643,131
48399,90025774,90025643,131
48400,90025774,90025643,131
48401,90034468,90032371,2097
48402,90034468,90032371,2097
48403,90034468,90032371,2097
48404,90034468,90032371,2097
48405,90034468,90032371,2097
48406,90034468,90032371,2097
48407,90034468,90032371,2097
48408,90039240,90038330,910
48409,90051109,90051088,21
48410,90051109,90051088,21
48411,90076529,90076455,74
48412,90085937,90085749,188
48413,90096309,90095750,559
48414,90103807,90102818,989
48415,90103807,90103162,645
48416,90108062,90107348,714
48417,90108836,90108735,101
48418,90111379,90109753,1626
48419,90111379,90109753,1626
48420,90111379,90109753,1626
48421,90111379,90109753,1626
48422,90111379,90109753,1626
48423,90111379,90109753,1626
48424,90114033,90111017,3016
48425,90114191,90111017,3174
48426,90128733,90128592,141
48427,90128733,90128592,141
48428,90142338,90142318,20
48429,90142338,90141405,933
48430,90162762,90162011,751
48431,90162762,90161638,1124
48432,90233897,90233754,143
48433,31420,31270,150
48434,177370,177334,36
48435,202633,177334,25299
48436,202633,177334,25299
48437,202633,177334,25299
48438,202633,177334,25299
48439,183279,182999,280
48440,264457,263906,551
48441,295731,295730,1
48442,426233,426173,60
48443,579647,465855,113792
48444,618096,617949,147
48445,618096,617949,147
48446,618096,617949,147
48447,618096,535997,82099
48448,618096,617949,147
48449,646075,644810,1265
48450,646075,644810,1265
48451,646075,644810,1265
48452,655501,655382,119
48453,655501,655382,119
48454,658576,656014,2562
48455,680932,680200,732
48456,685571,685495,76
48457,685571,681974,3597
48458,685571,685495,76
48459,695741,695309,432
48460,725697,722751,2946
48461,767351,767290,61
48462,882998,882918,80
48463,800254,729212,71042
48464,905390,904328,1062
48465,1012340,1012308,32
48466,1083166,1083021,145
48467,1090616,1028625,61991
48468,915829,915797,32
48469,935078,934981,97
48470,982386,982099,287
48471,995100,995087,13
48472,1029090,1028799,291
48473,1174565,1174565,0
48474,1204281,1201558,2723
48475,1303556,1268350,35206
48476,1303556,1303404,152
48477,1359561,1359411,150
48478,1359561,1359411,150
48479,1389051,1389005,46
48480,1394972,1387567,7405
48481,1396001,1395781,220
48482,1389470,1387567,1903
48483,1388649,1388418,231
48484,1420182,1416779,3403
48485,1420182,1416779,3403
48486,1420182,1419793,389
48487,1420182,1416779,3403
48488,1420182,1413078,7104
48489,1420182,1419793,389
48490,1420182,1419793,389
48491,1466110,1451613,14497
48492,1466110,1451613,14497
48493,1466110,1465854,256
48494,1531635,1531168,467
48495,1532130,1531168,962
48496,1531544,1531168,376
48497,1532130,1531168,962
48498,1508211,1508123,88
48499,1549083,1548870,213
48500,1549083,1548991,92
48501,1549083,1548991,92
48502,1553392,1553098,294
48503,1588176,1587865,311
48504,1613662,1613536,126
48505,1641893,1640979,914
48506,1641893,1640979,914
48507,1641893,1640979,914
48508,1641893,1640979,914
48509,1641893,1640979,914
48510,1658559,1657828,731
48511,1658559,1657828,731
48512,1658559,1657828,731
48513,1680859,1680740,119
48514,1733175,1731288,1887
48515,1704318,1704252,66
48516,1802848,1800469,2379
48517,1928178,1928159,19
48518,1946725,1945151,1574
48519,1946725,1945151,1574
48520,1946725,1945151,1574
48521,1946725,1945151,1574
48522,1946725,1945151,1574
48523,1946719,1945151,1568
48524,1946719,1945869,850
48525,1946725,1946398,327
48526,1962981,1962129,852
48527,1962981,1962129,852
48528,1962981,1962129,852
48529,1962129,1962129,0
48530,1992055,1990458,1597
48531,2140141,2139930,211
48532,2169493,2139930,29563
48533,2207069,2207014,55
48534,2206813,2203953,2860
48535,2228553,2227167,1386
48536,2221290,2221289,1
48537,2228553,2227167,1386
48538,2240678,2239721,957
48539,2284348,2282814,1534
48540,2284348,2282814,1534
48541,2284348,2283590,758
48542,2284348,2282814,1534
48543,2304258,2304006,252
48544,2318730,2318651,79
48545,2415200,2405625,9575
48546,2415200,2405625,9575
48547,2415200,2367575,47625
48548,2588909,2585096,3813
48549,2588909,2585096,3813
48550,2606793,2606768,25
48551,2614927,2607844,7083
48552,2598395,2597265,1130
48553,2941035,2935713,5322
48554,2941035,2935713,5322
48555,2966901,2966901,0
48556,2996290,2996290,0
48557,3030845,3030845,0
48558,3101742,3101742,0
48559,3119844,3119844,0
48560,3144559,3144485,74
48561,3182268,3182229,39
48562,3195876,3195876,0
48563,3214740,3214651,89
48564,3301704,3301704,0
48565,3324827,3324827,0
48566,3337135,3337135,0
48567,3375041,3372619,2422
48568,3375067,3372619,2448
48569,3375099,3372619,2480
48570,3375126,3372619,2507
48571,3375142,3372619,2523
48572,3375142,3372619,2523
48573,3417146,3372619,44527
48574,3402700,3402382,318
48575,3402700,3402382,318
48576,3450071,3450009,62
48577,3450071,3450009,62
48578,3450071,3450009,62
48579,3461289,3458144,3145
48580,3461289,3458144,3145
48581,3461289,3450009,11280
48582,3461289,3458144,3145
48583,3433551,3432277,1274
48584,3495677,3495644,33
48585,3495677,3495644,33
48586,3495677,3495568,109
48587,3496171,3495644,527
48588,3499125,3495644,3481
48589,3500336,3495644,4692
48590,3512705,3495644,17061
48591,3539616,3539513,103
48592,3566397,3564028,2369
48593,3566397,3563663,2734
48594,3566397,3564028,2369
48595,3566397,3563663,2734
48596,3566397,3564028,2369
48597,3571973,3571820,153
48598,3571973,3571820,153
48599,3571973,3571820,153
48600,3572962,3572773,189
48601,3572962,3572773,189
48602,3572773,3572773,0
48603,3595296,3595117,179
48604,3599698,3599299,399
48605,3599698,3599299,399
48606,3599698,3599299,399
48607,3599698,3599299,399
48608,3599698,3599299,399
48609,3704537,3704438,99
48610,3629992,3629626,366
48611,3728344,3725272,3072
48612,3732662,3725272,7390
48613,3749545,3749517,28
48614,3729509,3729486,23
48615,3794037,3788981,5056
48616,3796337,3788981,7356
48617,3796337,3788981,7356
48618,3819960,3819519,441
48619,3819960,3819210,750
48620,3833728,3833644,84
48621,3867758,3867585,173
48622,3867758,3867585,173
48623,3867758,3867585,173
48624,3867758,3867585,173
48625,3867758,3867585,173
48626,3867758,3867585,173
48627,3867758,3867585,173
48628,4046253,4046189,64
48629,3920874,3919724,1150
48630,3966211,3961394,4817
48631,3968123,3957489,10634
48632,3974218,3969828,4390
48633,4046253,4046189,64
48634,4060995,4060376,619
48635,4060995,4060376,619
48636,4060995,4060376,619
48637,4167142,4167025,117
48638,4167274,4167236,38
48639,4167274,4145695,21579
48640,4167274,4167236,38
48641,4167274,4167236,38
48642,4167274,4167236,38
48643,4167274,4167236,38
48644,4269969,4269611,358
48645,4391499,4391189,310
48646,4391499,4391189,310
48647,4443228,4440237,2991
48648,4443228,4441234,1994
48649,4445718,4445108,610
48650,4447990,4446225,1765
48651,4458681,4458619,62
48652,4458681,4458619,62
48653,4463230,4462347,883
48654,4463876,4463816,60
48655,4463876,4463816,60
48656,4463876,4463816,60
48657,4511614,4510782,832
48658,4511614,4510782,832
48659,4520942,4520309,633
48660,4544971,4544946,25
48661,4545230,4544946,284
48662,4545589,4545558,31
48663,4607632,4586226,21406
48664,4607632,4607406,226
48665,4623935,4623923,12
48666,4624795,4624334,461
48667,4624795,4624334,461
48668,4624795,4624334,461
48669,4624795,4624334,461
48670,4624795,4624334,461
48671,4624795,4624334,461
48672,4624795,4624334,461
48673,4636896,4636482,414
48674,4643223,4642691,532
48675,4643223,4642691,532
48676,4649414,4649285,129
48677,4649414,4649285,129
48678,4649414,4649285,129
48679,4686506,4686423,83
48680,4689729,4689647,82
48681,4689729,4689647,82
48682,4689729,4689647,82
48683,4689729,4689647,82
48684,4693628,4693390,238
48685,4693884,4693591,293
48686,4701798,4701619,179
48687,4701798,4701717,81
48688,4721680,4721407,273
48689,4726727,4726159,568
48690,4726727,4726159,568
48691,4801356,4800582,774
48692,4801356,4800582,774
48693,4801356,4800582,774
48694,4801356,4800582,774
48695,4801356,4800582,774
48696,4801356,4800582,774
48697,4801356,4800582,774
48698,4806369,4806358,11
48699,4804094,4803461,633
48700,4806227,4803828,2399
48701,4838325,4837858,467
48702,4837858,4837858,0
48703,4843325,4842506,819
48704,4843462,4843205,257
48705,4843462,4843205,257
48706,4843462,4843205,257
48707,4848517,4848311,206
48708,4846333,4846240,93
48709,4848517,4848311,206
48710,4848517,4848311,206
48711,4852381,4851689,692
48712,4859157,4858961,196
48713,4860426,4860342,84
48714,4860426,4860342,84
48715,4860426,4860342,84
48716,4860426,4860342,84
48717,4871132,4871099,33
48718,4871132,4871099,33
48719,4890665,4890253,412
48720,4890665,4890253,412
48721,4890960,4889517,1443
48722,4890960,4890924,36
48723,4883916,4883557,359
48724,4890960,4884976,5984
48725,4900905,4897732,3173
48726,4900905,4897732,3173
48727,4900905,4897732,3173
48728,4900905,4897732,3173
48729,4931694,4927446,4248
48730,4938727,4937901,826
48731,4938727,4937901,826
48732,4938727,4937417,1310
48733,4955304,4937901,17403
48734,4999669,4996308,3361
48735,4996308,4996308,0
48736,5015646,5015117,529
48737,5026397,5015117,11280
48738,5015646,5015117,529
48739,5026397,5013105,13292
48740,5078324,5076273,2051
48741,5078324,5076273,2051
48742,5078324,5076273,2051
48743,5038285,5037295,990
48744,5095178,5087551,7627
48745,5087551,5087551,0
48746,5126779,5126615,164
48747,5138155,5138050,105
48748,5138155,5138050,105
48749,5138155,5138050,105
48750,5239985,5239827,158
48751,5241607,5241463,144
48752,5280600,5280599,1
48753,5281988,5281608,380
48754,5286863,5286518,345
48755,5289132,5286518,2614
48756,5289132,5286518,2614
48757,5323059,5322970,89
48758,5323059,5322970,89
48759,5323059,5322970,89
48760,5323059,5322970,89
48761,5332985,5331597,1388
48762,5332985,5331597,1388
48763,5336340,5335891,449
48764,5336340,5335883,457
48765,5336340,5335891,449
48766,5336340,5335891,449
48767,5336340,5335891,449
48768,5336340,5335869,471
48769,5342471,5342393,78
48770,5364683,5364420,263
48771,5372380,5372179,201
48772,5372380,5365797,6583
48773,5372380,5372356,24
48774,5389494,5389481,13
48775,5394130,5392800,1330
48776,5394130,5392800,1330
48777,5394130,5392800,1330
48778,5394130,5392800,1330
48779,5394130,5392800,1330
48780,5392800,5392800,0
48781,5404319,5404276,43
48782,5487832,5487277,555
48783,5487832,5487277,555
48784,5487832,5487277,555
48785,5487832,5487277,555
48786,5487832,5487277,555
48787,5487832,5487277,555
48788,5487832,5487277,555
48789,6027747,6023981,3766
48790,6027747,6023981,3766
48791,6027747,6023981,3766
48792,6027747,6023981,3766
48793,6027747,6023981,3766
48794,6338452,6337397,1055
48795,6338519,6338424,95
48796,6338519,6338424,95
48797,6338519,6338424,95
48798,6338519,6338424,95
48799,6338519,6338424,95
48800,6338519,6338424,95
48801,6338519,6338424,95
48802,6354385,6353378,1007
48803,6354385,6353742,643
48804,6376536,6374553,1983
48805,6459877,6459726,151
48806,6459877,6459726,151
48807,6524318,6513393,10925
48808,6538491,6526408,12083
48809,6544247,6538423,5824
48810,6544247,6526408,17839
48811,6547861,6546339,1522
48812,6554954,6554848,106
48813,6556617,6555589,1028
48814,6564701,6564699,2
48815,6616740,6616652,88
48816,6616740,6616652,88
48817,6616740,6616652,88
48818,6616740,6616652,88
48819,6608876,6607689,1187
48820,6665356,6665278,78
48821,6675247,6674360,887
48822,6678964,6676488,2476
48823,6678964,6676488,2476
48824,6678964,6676488,2476
48825,6678964,6676488,2476
48826,6678964,6676488,2476
48827,6690965,6690747,218
48828,6735060,6733695,1365
48829,6735060,6719199,15861
48830,6914055,6913742,313
48831,6915653,6915517,136
48832,6914055,6913742,313
48833,6918197,6917605,592
48834,6920843,6920584,259
48835,6920843,6920640,203
48836,6920843,6920584,259
48837,6932961,6930938,2023
48838,6932961,6930938,2023
48839,6943440,6943281,159
48840,6947242,6946904,338
48841,6983600,6982131,1469
48842,6983600,6982131,1469
48843,6983600,6982131,1469
48844,7017629,7017559,70
48845,7018130,7017559,571
48846,7018130,7017559,571
48847,7018130,7017559,571
48848,7018130,7017559,571
48849,7018144,7017559,585
48850,7082883,7081882,1001
48851,7082883,7081882,1001
48852,7080395,7080200,195
48853,7108449,7107356,1093
48854,7120928,7120466,462
48855,7123369,7122168,1201
48856,7123369,7122168,1201
48857,7120928,7120466,462
48858,7128586,7128416,170
48859,7126556,7125476,1080
48860,7128586,7128416,170
48861,7128586,7128416,170
48862,7128586,7128416,170
48863,7137863,7137581,282
48864,7137863,7137581,282
48865,7133749,7133719,30
48866,7137863,7137581,282
48867,7142825,7142598,227
48868,7142825,7142598,227
48869,7142825,7139855,2970
48870,7145753,7145649,104
48871,7145753,7145649,104
48872,7154995,7154615,380
48873,7155259,7154615,644
48874,7163259,7163004,255
48875,7163259,7163004,255
48876,7163259,7163004,255
48877,7163259,7162107,1152
48878,7163259,7162107,1152
48879,7158228,7158205,23
48880,7166264,7165362,902
48881,7166264,7165362,902
48882,7166512,7165362,1150
48883,7191367,7189948,1419
48884,7189486,7189287,199
48885,7197876,7197819,57
48886,7215782,7214959,823
48887,7213772,7213606,166
48888,7215782,7214959,823
48889,7215782,7214959,823
48890,7215782,7214959,823
48891,7218647,7217896,751
48892,7218974,7218371,603
48893,7222527,7218371,4156
48894,7232638,7232631,7
48895,7232638,7232631,7
48896,7230229,7227526,2703
48897,7254793,7254714,79
48898,7258262,7256960,1302
48899,7260538,7259951,587
48900,7260538,7260040,498
48901,7260538,7259951,587
48902,7293092,7292403,689
48903,7293092,7292403,689
48904,7298162,7297429,733
48905,7298162,7297429,733
48906,7298162,7297429,733
48907,7298162,7296271,1891
48908,7307450,7297429,10021
48909,7307450,7297429,10021
48910,7307450,7307403,47
48911,7323179,7321118,2061
48912,7324951,7324924,27
48913,7330886,7330816,70
48914,7340998,7340825,173
48915,7340998,7340825,173
48916,7348251,7346465,1786
48917,7348251,7346465,1786
48918,7348251,7346465,1786
48919,7360932,7360042,890
48920,7360932,7360042,890
48921,7359008,7358779,229
48922,7382944,7370120,12824
48923,7387568,7370120,17448
48924,7386383,7386320,63
48925,7403077,7402840,237
48926,7417935,7417496,439
48927,7461207,7460667,540
48928,7464925,7464150,775
48929,7464925,7464322,603
48930,7464925,7464150,775
48931,7464925,7464150,775
48932,7464925,7464150,775
48933,7464925,7464150,775
48934,7464925,7464150,775
48935,7475287,7474801,486
48936,7482324,7481804,520
48937,7469350,7468391,959
48938,7478976,7478720,256
48939,7482324,7481689,635
48940,7485429,7484829,600
48941,7485429,7484829,600
48942,7491527,7490869,658
48943,7491527,7490869,658
48944,7491527,7490762,765
48945,7496107,7495790,317
48946,7491527,7491027,500
48947,7493390,7492994,396
48948,7493488,7492994,494
48949,7518215,7517850,365
48950,7536700,7536670,30
48951,7536700,7536670,30
48952,7536700,7536551,149
48953,7536700,7536670,30
48954,7536700,7536551,149
48955,7536700,7536670,30
48956,7536700,7536551,149
48957,7531194,7530953,241
48958,7536700,7536670,30
48959,7536700,7536551,149
48960,7536700,7536670,30
48961,7536700,7536551,149
48962,7536700,7536670,30
48963,7536700,7536551,149
48964,7536700,7536670,30
48965,7536700,7536670,30
48966,7536700,7536551,149
48967,7536700,7536670,30
48968,7536700,7536551,149
48969,7536700,7536670,30
48970,7536700,7536551,149
48971,7561089,7559213,1876
48972,7579937,7579912,25
48973,7579937,7579912,25
48974,7578811,7578452,359
48975,7578811,7578452,359
48976,7578811,7578452,359
48977,7590868,7579912,10956
48978,7590868,7579912,10956
48979,7590868,7579912,10956
48980,7590868,7579569,11299
48981,7590868,7579569,11299
48982,7590868,7579912,10956
48983,7590868,7578533,12335
48984,7590868,7579569,11299
48985,7590868,7580659,10209
48986,7606820,7606804,16
48987,7606820,7606804,16
48988,7606820,7606804,16
48989,7606820,7606804,16
48990,7606820,7606804,16
48991,7605807,7605364,443
48992,7614693,7612894,1799
48993,7647219,7646929,290
48994,7647219,7646929,290
48995,7737058,7736851,207
48996,7735093,7735093,0
48997,7758118,7756839,1279
48998,7757029,7756839,190
48999,7759417,7759032,385
49000,7760880,7760781,99
49001,7761172,7760741,431
49002,7765600,7762930,2670
49003,7816075,7814903,1172
49004,7816075,7814903,1172
49005,7816075,7814903,1172
49006,7801420,7801418,2
49007,7816075,7814903,1172
49008,7816075,7814903,1172
49009,7819265,7819234,31
49010,7818978,7818975,3
49011,7832753,7832753,0
49012,7832753,7828129,4624
49013,7835267,7835147,120
49014,7835267,7835113,154
49015,7835317,7835147,170
49016,7835317,7835113,204
49017,7853237,7852828,409
49018,7853237,7852828,409
49019,7853237,7852828,409
49020,7847833,7847660,173
49021,7923658,7919848,3810
49022,7952451,7951883,568
49023,7952451,7951883,568
49024,7952451,7951883,568
49025,7952451,7951883,568
49026,7952451,7951883,568
49027,7962083,7961044,1039
49028,7991021,7990760,261
49029,8021807,8021776,31
49030,8021860,8021308,552
49031,8022234,8022096,138
49032,8027410,8027402,8
49033,8027410,8027402,8
49034,8045509,8045344,165
49035,8055753,8054024,1729
49036,8059678,8059672,6
49037,8054163,8054024,139
49038,8066293,8066197,96
49039,8079714,8079604,110
49040,8079714,8079604,110
49041,8079714,8079604,110
49042,8079714,8079604,110
49043,8093564,8093458,106
49044,8113567,8113542,25
49045,8113567,8109954,3613
49046,8113944,8113542,402
49047,8113944,8111083,2861
49048,8113944,8113542,402
49049,8151413,8151354,59
49050,8173809,8172582,1227
49051,8173809,8172582,1227
49052,8167655,8167655,0
49053,8173809,8172314,1495
49054,8198170,8198125,45
49055,8198170,8198125,45
49056,8193409,8193254,155
49057,8193409,8192879,530
49058,8193409,8192910,499
49059,8193409,8193136,273
49060,8198170,8198125,45
49061,8217349,8216062,1287
49062,8225834,8224311,1523
49063,8225834,8224311,1523
49064,8225834,8224311,1523
49065,8249363,8249170,193
49066,8249363,8249170,193
49067,8274858,8274852,6
49068,8280029,8273681,6348
49069,8286565,8285628,937
49070,8301144,8296779,4365
49071,8296779,8296779,0
49072,8371495,8370255,1240
49073,8371495,8370341,1154
49074,8534079,8526564,7515
49075,8534079,8526564,7515
49076,8534079,8526564,7515
49077,8648154,8647927,227
49078,8648154,8647927,227
49079,8661877,8661700,177
49080,8702667,8702438,229
49081,8770994,8753111,17883
49082,8815834,8814811,1023
49083,8869029,8814811,54218
49084,8869029,8791945,77084
49085,8869029,8791945,77084
49086,8869029,8791945,77084
49087,8869029,8791945,77084
49088,9147317,9143285,4032
49089,9479275,9479125,150
49090,9479275,9471716,7559
49091,9546776,9546515,261
49092,9546776,9546515,261
49093,9546776,9546515,261
49094,9633003,9632307,696
49095,9633003,9632307,696
49096,9633003,9632307,696
49097,9633003,9632307,696
49098,9633003,9632307,696
49099,9694614,9694601,13
49100,9694614,9694601,13
49101,9793022,9793022,0
49102,9808684,9808497,187
49103,10017870,9943061,74809
49104,10101868,10101707,161
49105,9862320,9850267,12053
49106,9862766,9862623,143
49107,9923319,9923253,66
49108,9929623,9923205,6418
49109,9940064,9939753,311
49110,10276322,10267847,8475
49111,10227581,10227566,15
49112,10254132,10254118,14
49113,10325267,10323544,1723
49114,10372876,10370062,2814
49115,10421859,10419959,1900
49116,10452940,10451237,1703
49117,10453017,10451237,1780
49118,10453017,10451237,1780
49119,10560626,10558381,2245
49120,10600885,10600824,61
49121,10614875,10614461,414
49122,10609867,10609867,0
49123,10633646,10633168,478
49124,10633646,10633168,478
49125,10718481,10718358,123
49126,10741418,10728962,12456
49127,10728962,10728962,0
49128,11467380,11461621,5759
49129,11467380,11461621,5759
49130,11467380,11461621,5759
49131,11467380,11461621,5759
49132,11516150,11515153,997
49133,11873065,11872844,221
49134,11873065,11872844,221
49135,11873065,11872844,221
49136,11828778,11828542,236
49137,11900689,11896146,4543
49138,11900785,11896146,4639
49139,11900785,11896146,4639
49140,12047051,12044577,2474
49141,12047051,12044577,2474
49142,12047051,12044577,2474
49143,12047051,12044577,2474
49144,12670651,12666961,3690
49145,12670651,12666961,3690
49146,12661623,12661542,81
49147,12670651,12666961,3690
49148,12894960,12893488,1472
49149,12894960,12890425,4535
49150,12894960,12890425,4535
49151,12894960,12890425,4535
49152,12894960,12893488,1472
49153,12862360,12862278,82
49154,12907425,12905864,1561
49155,12909863,12909314,549
49156,12916592,12916551,41
49157,12921321,12921219,102
49158,12921381,12921264,117
49159,12921381,12921264,117
49160,12921381,12921264,117
49161,13505244,13504446,798
49162,14111996,14110530,1466
49163,14111996,14110530,1466
49164,14111996,14110530,1466
49165,14140150,14140150,0
49166,14249492,14248963,529
49167,15164093,15164044,49
49168,15165889,15164044,1845
49169,15168644,15164044,4600
49170,15244958,15234902,10056
49171,15370925,15343552,27373
49172,15466945,15466762,183
49173,15466945,15343552,123393
49174,15466945,15450444,16501
49175,15466945,15466762,183
49176,15466945,15466762,183
49177,15555260,15554923,337
49178,15501967,15498120,3847
49179,15501967,15501900,67
49180,15523018,15522826,192
49181,15510997,15510943,54
49182,15546225,15539550,6675
49183,15586193,15554923,31270
49184,15587613,15586389,1224
49185,15622454,15620604,1850
49186,15624100,15620604,3496
49187,15624100,15620604,3496
49188,15624100,15620604,3496
49189,15644255,15643549,706
49190,15648098,15645342,2756
49191,15693019,15691009,2010
49192,15879210,15878656,554
49193,15903006,15902908,98
49194,15903006,15902908,98
49195,15932723,15930836,1887
49196,15932723,15930836,1887
49197,15932098,15930024,2074
49198,15932723,15930836,1887
49199,15961649,15961433,216
49200,15971726,15971511,215
49201,15983378,15973743,9635
49202,15983893,15983845,48
49203,16097953,16097883,70
49204,16118874,16097883,20991
49205,15983823,15978950,4873
49206,16097953,16097883,70
49207,15995372,15995294,78
49208,16097953,16097883,70
49209,16118874,16097883,20991
49210,16118874,16097883,20991
49211,16118874,16068358,50516
49212,16118874,16097883,20991
49213,16118874,16097883,20991
49214,16220938,16220085,853
49215,16229573,16229212,361
49216,16256812,16256750,62
49217,16286053,16285911,142
49218,16286054,16285911,143
49219,16285911,16285911,0
49220,16340317,16340203,114
49221,16343574,16343571,3
49222,16345340,16344394,946
49223,16345340,16344742,598
49224,16351608,16351490,118
49225,16395505,16395304,201
49226,16395505,16395304,201
49227,16472483,16471045,1438
49228,16472520,16471045,1475
49229,16557167,16553058,4109
49230,16527873,16527821,52
49231,16678311,16676843,1468
49232,16669787,16667558,2229
49233,16693815,16692724,1091
49234,16736147,16735705,442
49235,16875402,16875389,13
49236,16875402,16875389,13
49237,17095962,17083953,12009
49238,17095962,17088208,7754
49239,17095962,17088208,7754
49240,17095962,17083953,12009
49241,17095962,17088208,7754
49242,17095962,17083953,12009
49243,17095962,17088208,7754
49244,17109646,17109600,46
49245,17140502,17131451,9051
49246,17140502,17131451,9051
49247,17140502,17131451,9051
49248,17184012,17179473,4539
49249,17184617,17184500,117
49250,17184617,17171249,13368
49251,17250977,17250261,716
49252,17250977,17250261,716
49253,17326728,17326728,0
49254,17396534,17394809,1725
49255,17399709,17399495,214
49256,17399709,17399495,214
49257,17480779,17480326,453
49258,17485745,17480326,5419
49259,17495017,17494940,77
49260,17495017,17494940,77
49261,17495017,17494940,77
49262,17714765,17713295,1470
49263,17682843,17682391,452
49264,17701827,17701827,0
49265,17721688,17721122,566
49266,17724178,17720732,3446
49267,17724178,17722717,1461
49268,17726944,17726850,94
49269,17740325,17740131,194
49270,17740325,17740131,194
49271,17726921,17726850,71
49272,17740325,17740131,194
49273,17875784,17875627,157
49274,17875784,17875627,157
49275,17875784,17875627,157
49276,17875784,17875627,157
49277,17875784,17875627,157
49278,17875784,17875627,157
49279,17875784,17875627,157
49280,17911142,17910759,383
49281,17911142,17910759,383
49282,17920189,17919985,204
49283,17920189,17919985,204
49284,17942480,17942327,153
49285,17942480,17942327,153
49286,17971718,17968557,3161
49287,18003749,18002992,757
49288,18011299,18010554,745
49289,18083116,18082184,932
49290,18083116,18082184,932
49291,18082536,18082141,395
49292,18060852,18060588,264
49293,18075908,18075724,184
49294,18075908,18075724,184
49295,18083116,18082141,975
49296,18082536,18082034,502
49297,18068146,18067172,974
49298,18113267,18111710,1557
49299,18148188,18146135,2053
49300,18159911,18158111,1800
49301,18161870,18161790,80
49302,18162230,18162004,226
49303,18162230,18162004,226
49304,18162230,18160303,1927
49305,18162230,18162004,226
49306,18169095,18167405,1690
49307,18169095,18168078,1017
49308,18169095,18168078,1017
49309,18194341,18188787,5554
49310,18202947,18194212,8735
49311,18210473,18188787,21686
49312,18218321,18218092,229
49313,18218321,18212203,6118
49314,18231370,18226384,4986
49315,18244969,18243495,1474
49316,18266856,18259295,7561
49317,18266856,18259295,7561
49318,18266856,18250914,15942
49319,18236753,18236576,177
49320,18266856,18259295,7561
49321,18266856,18259295,7561
49322,18292960,18291562,1398
49323,18328647,18326029,2618
49324,18398259,18397681,578
49325,18398259,18397681,578
49326,18430160,18430102,58
49327,18528930,18528760,170
49328,18547740,18544665,3075
49329,18585572,18584964,608
49330,18639431,18638773,658
49331,18639431,18638773,658
49332,18639431,18638773,658
49333,18639431,18638773,658
49334,18639431,18638773,658
49335,18639431,18638773,658
49336,18639431,18638411,1020
49337,18682662,18682611,51
49338,18682662,18682396,266
49339,18682662,18682611,51
49340,18682662,18682611,51
49341,18710026,18708880,1146
49342,18834599,18834011,588
49343,18834599,18834011,588
49344,18834599,18834011,588
49345,18834599,18834011,588
49346,18834599,18834011,588
49347,18834599,18834011,588
49348,18924004,18923744,260
49349,18924004,18923744,260
49350,18924004,18923744,260
49351,18924004,18923744,260
49352,18924004,18923744,260
49353,18908060,18907354,706
49354,18950336,18950239,97
49355,19062148,19061689,459
49356,19187027,19187026,1
49357,19187027,19187026,1
49358,19235381,19235380,1
49359,19240028,19237567,2461
49360,19240028,19237567,2461
49361,19240028,19237567,2461
49362,19240028,19237567,2461
49363,19240027,19238761,1266
49364,19240028,19237567,2461
49365,19240028,19237567,2461
49366,19240027,19238761,1266
49367,19281495,19263691,17804
49368,19266046,19265882,164
49369,19266046,19266034,12
49370,19266046,19266034,12
49371,19266046,19266034,12
49372,19286857,19286544,313
49373,19286857,19286544,313
49374,19286857,19286544,313
49375,19286857,19286544,313
49376,19290532,19290431,101
49377,19290532,19290468,64
49378,19316721,19316568,153
49379,19320589,19319488,1101
49380,19318520,19318520,0
49381,19482219,19481427,792
49382,19482346,19480866,1480
49383,19482346,19480649,1697
49384,19482346,19480866,1480
49385,19482346,19480866,1480
49386,19482346,19480866,1480
49387,19482346,19480866,1480
49388,19482346,19480866,1480
49389,19580908,19576547,4361
49390,19580908,19578885,2023
49391,19580908,19578885,2023
49392,19580908,19578885,2023
49393,19620043,19619868,175
49394,19620043,19619868,175
49395,19620043,19619868,175
49396,19648772,19648442,330
49397,19648925,19648442,483
49398,19651746,19648442,3304
49399,19651746,19648442,3304
49400,19651746,19646688,5058
49401,19648081,19646719,1362
49402,19771239,19770730,509
49403,19771239,19770730,509
49404,19881169,19880992,177
49405,19881169,19880926,243
49406,19881169,19880926,243
49407,19881169,19866234,14935
49408,20218072,20217378,694
49409,20142743,20140194,2549
49410,20142743,20140194,2549
49411,20218072,20217378,694
49412,20142743,20135722,7021
49413,20142743,20140194,2549
49414,20218072,20217378,694
49415,20218072,20217378,694
49416,20370848,20370783,65
49417,20370848,20370783,65
49418,20370848,20361564,9284
49419,20484224,20484042,182
49420,20799453,20799333,120
49421,20885670,20885257,413
49422,20946352,20946148,204
49423,20947073,20947073,0
49424,20947073,20924528,22545
49425,21095285,21094466,819
49426,21075756,21075694,62
49427,21117908,21117703,205
49428,21117908,21117465,443
49429,21156578,21156576,2
49430,21218551,21217542,1009
49431,21218551,21217542,1009
49432,21218551,21217542,1009
49433,21218551,21217542,1009
49434,21323179,21319956,3223
49435,21323179,21319956,3223
49436,21319956,21319956,0
49437,21454941,21454685,256
49438,21731760,21731373,387
49439,21826499,21826300,199
49440,22023991,22023462,529
49441,25634452,25633941,511
49442,25636298,25634793,1505
49443,25636298,25634793,1505
49444,25640645,25639395,1250
49445,25640645,25639395,1250
49446,25950718,25948961,1757
49447,25906904,25904877,2027
49448,25950718,25948961,1757
49449,25950718,25948961,1757
49450,25950718,25948961,1757
49451,25976586,25976008,578
49452,25976586,25976008,578
49453,25976586,25976008,578
49454,25976586,25975940,646
49455,26127555,26125835,1720
49456,26127555,26125835,1720
49457,26220409,26125835,94574
49458,26220409,26209720,10689
49459,26220409,26209720,10689
49460,26523404,26521662,1742
49461,26575315,26575315,0
49462,26634408,26633156,1252
49463,26655711,26653819,1892
49464,26662515,26659011,3504
49465,26662515,26659011,3504
49466,26662515,26659011,3504
49467,26662515,26659247,3268
49468,26662515,26659011,3504
49469,26662515,26659011,3504
49470,26662515,26659247,3268
49471,26674035,26671626,2409
49472,26674035,26671626,2409
49473,26674035,26671626,2409
49474,26684603,26684473,130
49475,26689089,26688274,815
49476,26708840,26708590,250
49477,26692265,26692251,14
49478,26697373,26697224,149
49479,26728065,26723305,4760
49480,26728065,26723305,4760
49481,26733230,26733132,98
49482,26733230,26733132,98
49483,26733230,26733132,98
49484,26821123,26820811,312
49485,26824798,26824287,511
49486,26824798,26824287,511
49487,26824798,26824287,511
49488,26824798,26824287,511
49489,26865175,26864454,721
49490,26865175,26864454,721
49491,26879646,26879575,71
49492,26879646,26879575,71
49493,26884305,26883317,988
49494,26898496,26898216,280
49495,26898887,26898514,373
49496,26898887,26897972,915
49497,26903951,26902550,1401
49498,26926056,26925964,92
49499,26941211,26941179,32
49500,26941211,26941179,32
49501,26941211,26941179,32
49502,26972177,26972074,103
49503,26972177,26972074,103
49504,26972177,26969972,2205
49505,26989190,26988894,296
49506,26989190,26988894,296
49507,27029249,27028643,606
49508,27029249,27028643,606
49509,27018867,27018126,741
49510,27034467,27031886,2581
49511,27038104,27037901,203
49512,27038104,27031464,6640
49513,27038872,27038678,194
49514,27044908,27044284,624
49515,27044908,27044284,624
49516,27045286,27044284,1002
49517,27045286,27045285,1
49518,27045286,27045285,1
49519,27045286,27044284,1002
49520,27045286,27045285,1
49521,27045286,27045285,1
49522,27044908,27044726,182
49523,27051374,27050899,475
49524,27051374,27050899,475
49525,27053230,27053115,115
49526,27053949,27053826,123
49527,27069784,27069005,779
49528,27076662,27076595,67
49529,27077976,27076595,1381
49530,27139453,27093685,45768
49531,27169841,27093685,76156
49532,27169841,27093685,76156
49533,27169841,27086592,83249
49534,27184171,27183627,544
49535,27188072,27187571,501
49536,27188072,27187571,501
49537,27224715,27224592,123
49538,27229975,27229696,279
49539,27230089,27229962,127
49540,27230089,27229962,127
49541,27277289,27277276,13
49542,27278508,27277978,530
49543,27252690,27250990,1700
49544,27278508,27277966,542
49545,27278508,27277978,530
49546,27278508,27246238,32270
49547,27278508,27277966,542
49548,27333081,27332887,194
49549,27333081,27332887,194
49550,27333458,27308737,24721
49551,27333081,27332887,194
49552,27384236,27383323,913
49553,27448741,27448226,515
49554,27467404,27448226,19178
49555,27503770,27493958,9812
49556,27507407,27493958,13449
49557,27507407,27493958,13449
49558,27402627,27401217,1410
49559,27467404,27467363,41
49560,27581502,27581367,135
49561,27621166,27621077,89
49562,27621166,27621077,89
49563,27878921,27870040,8881
49564,27878921,27870040,8881
49565,27842015,27838025,3990
49566,27894042,27893984,58
49567,27900175,27899942,233
49568,27916610,27916396,214
49569,27916610,27916396,214
49570,27916610,27916396,214
49571,27941779,27940600,1179
49572,27941779,27940600,1179
49573,27945650,27944234,1416
49574,27948441,27948439,2
49575,27945135,27944310,825
49576,27945135,27944310,825
49577,28257018,28257018,0
49578,28257018,28257018,0
49579,28257018,28257018,0
49580,28088408,28088295,113
49581,28257018,28257018,0
49582,28257018,28257018,0
49583,28383174,28383173,1
49584,28401643,28400708,935
49585,28401643,28400708,935
49586,28435470,28435042,428
49587,28435470,28435042,428
49588,28435470,28435042,428
49589,28513493,28512692,801
49590,28513493,28512692,801
49591,28513493,28512692,801
49592,28513493,28512692,801
49593,28513493,28512692,801
49594,28562986,28548976,14010
49595,28619184,28618837,347
49596,28619184,28618388,796
49597,28661065,28659151,1914
49598,28661065,28659151,1914
49599,28796675,28791832,4843
49600,28796675,28791832,4843
49601,28812280,28811881,399
49602,28853832,28849396,4436
49603,28853832,28849396,4436
49604,28853832,28849396,4436
49605,28890509,28890443,66
49606,28964484,28961287,3197
49607,28992716,28990815,1901
49608,29151778,29151669,109
49609,29151778,29124405,27373
49610,29222295,29221931,364
49611,29196729,29196672,57
49612,29233286,29233216,70
49613,29233286,29233216,70
49614,29233286,29233216,70
49615,29286211,29284887,1324
49616,29286211,29284887,1324
49617,29286211,29284887,1324
49618,29326929,29325706,1223
49619,29326929,29326209,720
49620,29326929,29325706,1223
49621,29326929,29325706,1223
49622,29546377,29546151,226
49623,29549782,29549008,774
49624,29704695,29701173,3522
49625,29704695,29701173,3522
49626,29579822,29576999,2823
49627,29658922,29657524,1398
49628,29704695,29701173,3522
49629,29624380,29623349,1031
49630,29623349,29623349,0
49631,29641130,29632627,8503
49632,29641130,29634928,6202
49633,29632627,29632627,0
49634,29648767,29647449,1318
49635,29648767,29646031,2736
49636,29646031,29646031,0
49637,29687721,29687720,1
49638,29865232,29858750,6482
49639,29865232,29858750,6482
49640,30186326,30186218,108
49641,30215240,30214323,917
49642,30228729,30228646,83
49643,30228729,30228646,83
49644,30328057,30326022,2035
49645,30328057,30326022,2035
49646,30380519,30380347,172
49647,30380519,30380347,172
49648,30380519,30380347,172
49649,30374920,30374797,123
49650,30374920,30374783,137
49651,30374920,30374919,1
49652,30369851,30368958,893
49653,30536757,30535332,1425
49654,30552746,30551752,994
49655,30552746,30551752,994
49656,30552746,30551752,994
49657,30552746,30551752,994
49658,30552746,30551752,994
49659,30552746,30551752,994
49660,30552746,30551752,994
49661,30478590,30478459,131
49662,30651680,30648248,3432
49663,30651680,30648248,3432
49664,30651680,30648421,3259
49665,30651680,30648248,3432
49666,30651680,30648248,3432
49667,30669228,30669158,70
49668,30697468,30696778,690
49669,30697468,30696778,690
49670,30697468,30696778,690
49671,30697468,30696778,690
49672,30707975,30700428,7547
49673,30804847,30804634,213
49674,30810337,30807649,2688
49675,30810337,30807649,2688
49676,30818271,30815562,2709
49677,30815558,30815556,2
49678,30815562,30815562,0
49679,30816538,30816297,241
49680,31203902,31203890,12
49681,31203902,31203890,12
49682,31203902,31203890,12
49683,31268667,31268011,656
49684,31268667,31268011,656
49685,31324892,31324796,96
49686,31620006,31619133,873
49687,32483825,32483551,274
49688,32584220,32583846,374
49689,32599261,32598821,440
49690,32615199,32614709,490
49691,32648421,32647926,495
49692,32685629,32685150,479
49693,32690252,32690180,72
49694,32906388,32906299,89
49695,32966337,32965251,1086
49696,33288528,33288412,116
49697,33288528,33288412,116
49698,33288528,33288412,116
49699,33290205,33289704,501
49700,33316899,33316693,206
49701,33330191,33330067,124
49702,33332088,33331525,563
49703,33321450,33321450,0
49704,33353580,33353572,8
49705,33390759,33353572,37187
49706,33396546,33396322,224
49707,33416348,33353572,62776
49708,33416348,33353572,62776
49709,33448541,33448312,229
49710,33433500,33433177,323
49711,33446888,33446632,256
49712,33446888,33434129,12759
49713,33446888,33446632,256
49714,33446888,33434129,12759
49715,33446888,33433449,13439
49716,33446888,33446632,256
49717,33446888,33434129,12759
49718,33457751,33457453,298
49719,33469322,33469294,28
49720,33469322,33463468,5854
49721,33516364,33513578,2786
49722,33516364,33513578,2786
49723,33516364,33513578,2786
49724,33516364,33513578,2786
49725,33521412,33521326,86
49726,33586839,33586726,113
49727,33594761,33592907,1854
49728,33594761,33592122,2639
49729,33700720,33690826,9894
49730,33700720,33690826,9894
49731,33700720,33690826,9894
49732,33700720,33690826,9894
49733,33700720,33690826,9894
49734,33759543,33750047,9496
49735,33760173,33750047,10126
49736,33760173,33750047,10126
49737,33773029,33772699,330
49738,33774433,33772699,1734
49739,33775856,33772699,3157
49740,33775856,33771706,4150
49741,33775856,33772699,3157
49742,33814758,33814758,0
49743,33864715,33849398,15317
49744,33885110,33885081,29
49745,33905656,33905040,616
49746,34053436,34050718,2718
49747,34053436,34050718,2718
49748,34053436,34050718,2718
49749,34053436,34050718,2718
49750,34053436,34050718,2718
49751,34053436,34050718,2718
49752,34053436,34050718,2718
49753,34070540,34068324,2216
49754,34079897,34079869,28
49755,34092098,34091637,461
49756,34122640,34122381,259
49757,34122640,34122381,259
49758,34174246,34173949,297
49759,34174246,34173949,297
49760,34195895,34195746,149
49761,34195895,34195746,149
49762,34195895,34190061,5834
49763,34195895,34193763,2132
49764,34207377,34207309,68
49765,34257303,34257286,17
49766,34257303,34257286,17
49767,34257303,34257286,17
49768,34257303,34252579,4724
49769,34257780,34257731,49
49770,34257780,34257731,49
49771,34257780,34257731,49
49772,34257303,34257286,17
49773,34257303,34257286,17
49774,34257780,34257731,49
49775,34266560,34266360,200
49776,34270703,34266360,4343
49777,34308523,34308456,67
49778,34313764,34313685,79
49779,34313764,34313685,79
49780,34329084,34328531,553
49781,34345005,34344934,71
49782,34345005,34344934,71
49783,34398841,34398401,440
49784,34417506,34417404,102
49785,34433014,34432705,309
49786,34503988,34502410,1578
49787,34524156,34524072,84
49788,34540274,34539971,303
49789,34578960,34578947,13
49790,34592032,34590454,1578
49791,34807272,34806518,754
49792,34808103,34804350,3753
49793,34625730,34625646,84
49794,34641840,34641537,303
49795,34756219,34755465,754
49796,34757050,34755465,1585
49797,34757050,34753299,3751
49798,34806015,34804350,1665
49799,34808103,34806518,1585
49800,34848953,34848793,160
49801,34851662,34851248,414
49802,34891305,34888368,2937
49803,34891305,34888368,2937
49804,34857608,34856962,646
49805,34891039,34888368,2671
49806,34891305,34888368,2937
49807,34895150,34894465,685
49808,34895150,34894465,685
49809,34894465,34894465,0
49810,34942572,34941888,684
49811,34946276,34945841,435
49812,34942628,34942628,0
49813,34957233,34956632,601
49814,34965407,34964851,556
49815,34965407,34964851,556
49816,35301915,35300428,1487
49817,35298691,35298457,234
49818,35414171,35413964,207
49819,35479716,35479593,123
49820,35518964,35487090,31874
49821,35562786,35562705,81
49822,35656692,35641864,14828
49823,35656692,35656257,435
49824,35716059,35687339,28720
49825,35766902,35687339,79563
49826,35766902,35766389,513
49827,35716059,35687339,28720
49828,35766902,35641864,125038
49829,35746297,35746269,28
49830,35749662,35748678,984
49831,35837226,35837087,139
49832,35825757,35825740,17
49833,35837226,35837087,139
49834,35837226,35837087,139
49835,35873588,35872971,617
49836,35873588,35872971,617
49837,35872971,35872971,0
49838,35969486,35969403,83
49839,35969486,35969403,83
49840,35969486,35969403,83
49841,35969486,35969403,83
49842,35969486,35969403,83
49843,35969486,35969403,83
49844,35969486,35969403,83
49845,35969486,35969403,83
49846,35936578,35936475,103
49847,35939530,35939450,80
49848,35961035,35960626,409
49849,35969486,35969403,83
49850,36003493,36003449,44
49851,36003493,35993410,10083
49852,36002800,36002148,652
49853,36093736,36093668,68
49854,36105096,36104875,221
49855,36105096,36104875,221
49856,36105096,36104875,221
49857,36105096,36104875,221
49858,36093814,36093782,32
49859,36295098,36294600,498
49860,36295098,36294600,498
49861,36295098,36293011,2087
49862,36295098,36294600,498
49863,36295098,36294600,498
49864,36335586,36335573,13
49865,36347082,36347081,1
49866,36347835,36347081,754
49867,36348666,36347081,1585
49868,36348666,36347081,1585
49869,36348666,36344914,3752
49870,36353794,36347081,6713
49871,36358168,36347081,11087
49872,36479101,36478478,623
49873,36479101,36478478,623
49874,36499693,36499672,21
49875,36561846,36552221,9625
49876,36561846,36552221,9625
49877,36668628,36667208,1420
49878,36655196,36655193,3
49879,36668628,36655193,13435
49880,36762183,36761958,225
49881,36720232,36719914,318
49882,36729067,36720456,8611
49883,36715709,36714581,1128
49884,36760865,36760855,10
49885,36831187,36830748,439
49886,36871009,36869364,1645
49887,36872588,36872203,385
49888,36886056,36881851,4205
49889,36877409,36877108,301
49890,36886056,36881851,4205
49891,36886056,36881851,4205
49892,36891858,36889708,2150
49893,36904561,36896655,7906
49894,36920478,36920420,58
49895,36956158,36955677,481
49896,36956158,36955677,481
49897,36981603,36971879,9724
49898,36981603,36981436,167
49899,36997642,36997642,0
49900,37010053,37009963,90
49901,37010053,37009963,90
49902,37055453,37055078,375
49903,37078023,37075125,2898
49904,37078023,37075031,2992
49905,37078023,37075031,2992
49906,37123655,37119278,4377
49907,37264608,37264037,571
49908,37243955,37243890,65
49909,37307902,37307690,212
49910,37322414,37322013,401
49911,37350136,37341081,9055
49912,37353956,37353748,208
49913,37353956,37353748,208
49914,37353956,37353748,208
49915,37353956,37353748,208
49916,37349750,37349731,19
49917,37360980,37360901,79
49918,37382040,37381755,285
49919,37382040,37373397,8643
49920,37557909,37557655,254
49921,37557909,37557655,254
49922,37607527,37607315,212
49923,37607527,37588253,19274
49924,37607527,37607315,212
49925,37682569,37682568,1
49926,37690800,37687569,3231
49927,37690800,37687569,3231
49928,37764175,37762852,1323
49929,37762852,37762852,0
49930,37792878,37792118,760
49931,37792878,37792118,760
49932,37792878,37792118,760
49933,37792878,37792118,760
49934,37815072,37814499,573
49935,37820454,37819161,1293
49936,37820454,37819161,1293
49937,37820454,37819161,1293
49938,37820454,37819161,1293
49939,37822807,37822362,445
49940,37826728,37826642,86
49941,37826728,37826642,86
49942,37844310,37844267,43
49943,37844310,37844267,43
49944,37844310,37844267,43
49945,37844310,37844267,43
49946,37873910,37873737,173
49947,37884915,37884297,618
49948,37884915,37884297,618
49949,37868583,37868539,44
49950,37884915,37884297,618
49951,37884915,37884297,618
49952,37884915,37883950,965
49953,37884915,37884297,618
49954,37886788,37886748,40
49955,37903538,37903150,388
49956,37903538,37903150,388
49957,37903538,37903150,388
49958,37903538,37903150,388
49959,37903538,37902435,1103
49960,37934478,37933988,490
49961,38020441,38020379,62
49962,38020441,38020379,62
49963,38020441,38020379,62
49964,38020441,38020379,62
49965,38020441,38020379,62
49966,38020441,38020379,62
49967,38020441,38020379,62
49968,38020441,37933988,86453
49969,38020441,38020379,62
49970,38020441,38020379,62
49971,38020441,38020379,62
49972,38020441,38020379,62
49973,38020441,38020379,62
49974,38020441,38020379,62
49975,38034149,38033062,1087
49976,38034149,38033062,1087
49977,38063992,38062492,1500
49978,38064479,38062492,1987
49979,38073574,38062492,11082
49980,38073793,38073569,224
49981,38074903,38073569,1334
49982,38074903,38073569,1334
49983,38074903,38073569,1334
49984,38083884,38080456,3428
49985,38083884,38080456,3428
49986,38100987,38100987,0
49987,38134019,38133311,708
49988,38134019,38133311,708
49989,38154213,38153834,379
49990,38154213,38153834,379
49991,38174066,38173212,854
49992,38174066,38173212,854
49993,38174066,38173212,854
49994,38174066,38173212,854
49995,38174066,38173212,854
49996,38174066,38173212,854
49997,38176819,38176595,224
49998,38179648,38179638,10
49999,38191602,38191451,151
50000,38210126,38209926,200
50001,38210889,38209851,1038
50002,38210889,38209851,1038
50003,38210889,38209567,1322
50004,38210889,38209851,1038
50005,38210889,38209613,1276
50006,38210889,38192407,18482
50007,38209633,38209567,66
50008,38191225,38189977,1248
50009,38209633,38209613,20
50010,38210126,38209926,200
50011,38209633,38209613,20
50012,38245586,38245586,0
50013,38250120,38249635,485
50014,38246290,38245709,581
50015,38250120,38249635,485
50016,38250120,38249635,485
50017,38250547,38250369,178
50018,38256978,38256347,631
50019,38253032,38253021,11
50020,38293045,38290622,2423
50021,38293045,38290622,2423
50022,38286546,38285891,655
50023,38293045,38290622,2423
50024,38323333,38323180,153
50025,38327133,38325874,1259
50026,38328431,38325874,2557
50027,38351906,38350040,1866
50028,38351906,38350040,1866
50029,38417249,38417065,184
50030,38438439,38434477,3962
50031,38438439,38434477,3962
50032,38438439,38434477,3962
50033,38438439,38434477,3962
50034,38438439,38434477,3962
50035,38438439,38434477,3962
50036,38459413,38458253,1160
50037,38513895,38512478,1417
50038,38513895,38512478,1417
50039,38513895,38512478,1417
50040,38566941,38566939,2
50041,38513895,38512478,1417
50042,38513895,38512478,1417
50043,38520945,38520067,878
50044,38520945,38520178,767
50045,38574202,38574043,159
50046,38567728,38567486,242
50047,38613982,38612835,1147
50048,38637127,38637100,27
50049,38657854,38652677,5177
50050,38721736,38721661,75
50051,38804103,38802054,2049
50052,38804103,38802054,2049
50053,38804103,38793770,10333
50054,38804103,38802054,2049
50055,38804103,38793770,10333
50056,38804103,38798808,5295
50057,38802099,38798808,3291
50058,38804103,38802054,2049
50059,38821397,38818272,3125
50060,38821416,38821351,65
50061,38821397,38818272,3125
50062,38860002,38859945,57
50063,38911584,38911523,61
50064,38928411,38928365,46
50065,38938786,38938745,41
50066,38956211,38956145,66
50067,38978863,38978837,26
50068,38992526,38991545,981
50069,38992526,38991545,981
50070,38992526,38991545,981
50071,38991545,38991545,0
50072,39023462,39023438,24
50073,39041495,39041437,58
50074,39093836,39092855,981
50075,39093836,39087692,6144
50076,39093836,39084856,8980
50077,39093205,39092855,350
50078,39093286,39092855,431
50079,39123144,39123108,36
50080,39123144,39118722,4422
50081,39143387,39140525,2862
50082,39150385,39150349,36
50083,39156138,39156105,33
50084,39165366,39165326,40
50085,39183454,39183407,47
50086,39186377,39186330,47
50087,39191107,39191073,34
50088,39197713,39197649,64
50089,39203568,39203519,49
50090,39211463,39211463,0
50091,39216344,39216302,42
50092,39222131,39222097,34
50093,39241396,39240926,470
50094,39254375,39254336,39
50095,39262740,39262273,467
50096,39274606,39274567,39
50097,39280419,39280374,45
50098,39296739,39296739,0
50099,39306054,39306019,35
50100,39316983,39316943,40
50101,39324424,39324424,0
50102,39334460,39334416,44
50103,39341147,39341106,41
50104,39346891,39346891,0
50105,39383904,39383431,473
50106,39389706,39389233,473
50107,39395256,39394783,473
50108,39406905,39406437,468
50109,39412616,39412147,469
50110,39422112,39422112,0
50111,39432459,39432459,0
50112,39459103,39459103,0
50113,39465505,39465505,0
50114,39471947,39471902,45
50115,39507064,39507019,45
50116,39526052,39526002,50
50117,39538636,39538624,12
50118,39553844,39553791,53
50119,39553844,39553791,53
50120,39580822,39580775,47
50121,39597596,39597173,423
50122,39623638,39623577,61
50123,39637392,39637349,43
50124,39646116,39646116,0
50125,39661865,39661802,63
50126,39661865,39661802,63
50127,39661864,39661481,383
50128,39661865,39661802,63
50129,39661603,39661481,122
50130,39675270,39675079,191
50131,39675270,39674667,603
50132,39675270,39674667,603
50133,39678026,39674667,3359
50134,39684641,39684499,142
50135,39928114,39928106,8
50136,39728310,39728244,66
50137,39743147,39743086,61
50138,39769079,39768940,139
50139,39769019,39768940,79
50140,39780882,39780761,121
50141,39780882,39780761,121
50142,39847898,39847078,820
50143,39872221,39872124,97
50144,39890898,39890886,12
50145,39890898,39890886,12
50146,39890898,39890886,12
50147,39890898,39890886,12
50148,39941467,39928106,13361
50149,39942964,39928106,14858
50150,39942964,39928106,14858
50151,39968451,39968167,284
50152,39968855,39968661,194
50153,39979469,39978660,809
50154,39979469,39978660,809
50155,39992488,39992197,291
50156,39992523,39992445,78
50157,39992523,39992197,326
50158,40004599,40004559,40
50159,40002185,40002052,133
50160,40004599,40004559,40
50161,40021629,40021623,6
50162,40075272,40070126,5146
50163,40075272,40070126,5146
50164,40075272,40075267,5
50165,40075272,40075267,5
50166,40075272,40070126,5146
50167,40101480,40101478,2
50168,40117668,40117501,167
50169,40129754,40125942,3812
50170,40129754,40125942,3812
50171,40129754,40125942,3812
50172,40129754,40125942,3812
50173,40169183,40149255,19928
50174,40169715,40169434,281
50175,40169715,40149255,20460
50176,40169715,40146941,22774
50177,40177656,40175911,1745
50178,40177656,40175726,1930
50179,40177656,40175911,1745
50180,40177656,40175911,1745
50181,40177656,40175911,1745
50182,40177656,40175911,1745
50183,40180149,40179743,406
50184,40190044,40190044,0
50185,40264751,40263910,841
50186,40264751,40263910,841
50187,40273382,40273322,60
50188,40275371,40275348,23
50189,40307062,40283635,23427
50190,40307062,40282520,24542
50191,40307062,40282520,24542
50192,40333296,40332963,333
50193,40337470,40337383,87
50194,40346255,40345599,656
50195,40346502,40345599,903
50196,40346550,40345599,951
50197,40346550,40345599,951
50198,40346550,40345599,951
50199,40428424,40384145,44279
50200,40428424,40384145,44279
50201,40463960,40462687,1273
50202,40463960,40462687,1273
50203,40463960,40462687,1273
50204,40463960,40462687,1273
50205,40460777,40460410,367
50206,40461704,40461506,198
50207,40540513,40500534,39979
50208,40540513,40500534,39979
50209,40540513,40500534,39979
50210,40540513,40497654,42859
50211,40540513,40500534,39979
50212,40468869,40468845,24
50213,40575273,40575115,158
50214,40575338,40575115,223
50215,40575274,40575115,159
50216,40622984,40622314,670
50217,40674597,40673138,1459
50218,40674597,40673138,1459
50219,40674597,40673138,1459
50220,40674597,40673138,1459
50221,40674597,40673138,1459
50222,40674597,40673138,1459
50223,40674597,40673138,1459
50224,40674597,40673138,1459
50225,40674597,40673148,1449
50226,40696466,40696256,210
50227,40707232,40706956,276
50228,40706728,40705580,1148
50229,40707232,40706956,276
50230,40718299,40717986,313
50231,40718299,40717986,313
50232,40718299,40717986,313
50233,40718299,40717986,313
50234,40725221,40723621,1600
50235,40725221,40723621,1600
50236,40725221,40723621,1600
50237,40729734,40729266,468
50238,40729849,40726216,3633
50239,40729849,40729704,145
50240,40729849,40729704,145
50241,40729849,40726216,3633
50242,40761445,40761342,103
50243,40761445,40737269,24176
50244,40761395,40737269,24126
50245,40762641,40744128,18513
50246,40767256,40767059,197
50247,40819024,40818818,206
50248,40819024,40818818,206
50249,40829048,40828581,467
50250,40829048,40828581,467
50251,40833845,40833841,4
50252,40852011,40850928,1083
50253,40897071,40880959,16112
50254,40897071,40880959,16112
50255,40897071,40879688,17383
50256,40897071,40897035,36
50257,40897071,40880959,16112
50258,40897071,40879722,17349
50259,40874933,40872302,2631
50260,40897071,40879722,17349
50261,40897071,40880959,16112
50262,40872467,40865386,7081
50263,40897071,40880959,16112
50264,40915060,40914870,190
50265,40915060,40914870,190
50266,40931617,40931087,530
50267,40949084,40948706,378
50268,40949084,40948706,378
50269,40947400,40947400,0
50270,40946507,40946080,427
50271,40950743,40948724,2019
50272,40950743,40950699,44
50273,40963605,40961553,2052
50274,40963605,40961553,2052
50275,40976305,40975895,410
50276,40976305,40970894,5411
50277,40976305,40975895,410
50278,40976310,40975895,415
50279,40995777,40993595,2182
50280,40995777,40993595,2182
50281,40995777,40993595,2182
50282,40995777,40993595,2182
50283,40995777,40993595,2182
50284,41002724,41002365,359
50285,41002724,41002365,359
50286,41010147,41008567,1580
50287,41010147,41008310,1837
50288,41010147,41008567,1580
50289,41021234,41019970,1264
50290,41021364,41021020,344
50291,41050751,41050705,46
50292,41050751,41050705,46
50293,41066450,41063443,3007
50294,41066450,41062977,3473
50295,41116515,41116457,58
50296,41132020,41131634,386
50297,41132545,41132199,346
50298,41116515,41116457,58
50299,41132545,41132199,346
50300,41132545,41132199,346
50301,41132545,41132199,346
50302,41134008,41133166,842
50303,41145707,41143733,1974
50304,41154971,41154937,34
50305,41166476,41166316,160
50306,41172228,41170801,1427
50307,41174373,41174339,34
50308,41174459,41174339,120
50309,41184058,41180697,3361
50310,41276132,41276113,19
50311,41277340,41277202,138
50312,41277340,41258496,18844
50313,41277468,41276113,1355
50314,41277468,41258543,18925
50315,41277500,41276113,1387
50316,41277500,41226495,51005
50317,41277500,41202109,75391
50318,41277500,41276113,1387
50319,41322420,41258543,63877
50320,41256973,41256198,775
50321,41277468,41276113,1355
50322,41277468,41258543,18925
50323,41276132,41276113,19
50324,41256973,41256198,775
50325,41277340,41276113,1227
50326,41277468,41276113,1355
50327,41277500,41258543,18957
50328,41277500,41276113,1387
50329,41277500,41246659,30841
50330,41363707,41362093,1614
50331,41363707,41362093,1614
50332,41361876,41361662,214
50333,41363707,41362093,1614
50334,41363707,41361933,1774
50335,41348137,41346537,1600
50336,41371589,41369820,1769
50337,41371589,41369820,1769
50338,41371589,41369820,1769
50339,41371589,41369820,1769
50340,41478504,41477706,798
50341,41477706,41477706,0
50342,41594690,41594690,0
50343,41601680,41601215,465
50344,41604164,41603966,198
50345,41607803,41607529,274
50346,41623081,41622985,96
50347,41623305,41622985,320
50348,41623305,41622678,627
50349,41623305,41622985,320
50350,41623800,41622678,1122
50351,41623800,41622985,815
50352,41622754,41622678,76
50353,41738931,41738902,29
50354,41738931,41738902,29
50355,41739262,41738557,705
50356,41836156,41836109,47
50357,41856368,41856292,76
50358,41856368,41856292,76
50359,41862054,41861261,793
50360,41909610,41909349,261
50361,41910547,41909274,1273
50362,41910547,41909274,1273
50363,41910547,41909349,1198
50364,41910547,41909274,1273
50365,41935128,41934903,225
50366,41935602,41935196,406
50367,41935602,41935196,406
50368,41935602,41935196,406
50369,41940997,41939279,1718
50370,41977991,41977920,71
50371,41978930,41975746,3184
50372,41985113,41981828,3285
50373,41985113,41960306,24807
50374,41985113,41975746,9367
50375,41987068,41987011,57
50376,41985113,41975746,9367
50377,41995355,41995023,332
50378,42019833,42019022,811
50379,42081837,42030851,50986
50380,42031343,42030851,492
50381,42086436,42085969,467
50382,42086436,42085969,467
50383,42086436,42085969,467
50384,42092345,42092320,25
50385,42092415,42091868,547
50386,42144101,42143955,146
50387,42144987,42143955,1032
50388,42153712,42153411,301
50389,42153712,42153411,301
50390,42153712,42153411,301
50391,42151307,42148555,2752
50392,42200643,42194883,5760
50393,42201014,42194883,6131
50394,42201014,42194883,6131
50395,42201014,42194883,6131
50396,42162723,42162503,220
50397,42201014,42194883,6131
50398,42239844,42239300,544
50399,42239844,42239300,544
50400,42239844,42239259,585
50401,42256451,42255758,693
50402,42269099,42268232,867
50403,42269099,42268232,867
50404,42269099,42268232,867
50405,42269099,42267900,1199
50406,42269099,42268232,867
50407,42269099,42267900,1199
50408,42272855,42272475,380
50409,42275529,42275438,91
50410,42275529,42275438,91
50411,42297041,42295597,1444
50412,42297041,42295597,1444
50413,42298250,42295597,2653
50414,42298994,42295597,3397
50415,42295870,42295597,273
50416,42340302,42340234,68
50417,42345502,42340234,5268
50418,42395238,42394872,366
50419,42395238,42394872,366
50420,42396038,42395606,432
50421,42402217,42400930,1287
50422,42402217,42400930,1287
50423,42402217,42400930,1287
50424,42402217,42400930,1287
50425,42402217,42400930,1287
50426,42430470,42430166,304
50427,42428179,42426793,1386
50428,42441235,42441082,153
50429,42466873,42466841,32
50430,42458429,42457656,773
50431,42542461,42513872,28589
50432,42580957,42513872,67085
50433,42580957,42580738,219
50434,42638630,42636754,1876
50435,42753165,42751564,1601
50436,42745601,42745601,0
50437,42748590,42746906,1684
50438,42767165,42767121,44
50439,42767165,42767121,44
50440,42827917,42826729,1188
50441,42829636,42829331,305
50442,42829636,42828621,1015
50443,42810245,42808428,1817
50444,42859214,42857122,2092
50445,42859214,42857122,2092
50446,42859214,42857546,1668
50447,42885252,42883185,2067
50448,42907607,42883185,24422
50449,42908179,42883185,24994
50450,42883185,42883185,0
50451,42927848,42927764,84
50452,42927848,42927764,84
50453,42976736,42971889,4847
50454,42976993,42971889,5104
50455,42976993,42971889,5104
50456,42976993,42964118,12875
50457,42981047,42979767,1280
50458,42981047,42980185,862
50459,42981047,42980185,862
50460,42981047,42980185,862
50461,42981047,42979767,1280
50462,42981047,42979706,1341
50463,42982758,42982439,319
50464,42985615,42985611,4
50465,42992920,42992854,66
50466,42992920,42992854,66
50467,42992920,42992854,66
50468,43013739,43013712,27
50469,43025079,43013712,11367
50470,43025079,43013712,11367
50471,43045644,43045416,228
50472,43112509,43112253,256
50473,43128978,43112253,16725
50474,43138473,43112253,26220
50475,43128978,43112253,16725
50476,43186382,43183007,3375
50477,43181690,43181460,230
50478,43209891,43209777,114
50479,43221543,43221008,535
50480,43220326,43219977,349
50481,43221543,43221008,535
50482,43221543,43220938,605
50483,43221543,43220938,605
50484,43221543,43221008,535
50485,43229468,43227637,1831
50486,43247406,43247176,230
50487,43247406,43247176,230
50488,43247406,43247176,230
50489,43247406,43247176,230
50490,43324683,43323963,720
50491,43312032,43311673,359
50492,43311320,43311102,218
50493,43324683,43324337,346
50494,43324686,43323963,723
50495,43339479,43339383,96
50496,43339479,43334524,4955
50497,43351333,43351116,217
50498,43368340,43362220,6120
50499,43394414,43368111,26303
50500,43483449,43483083,366
50501,43503012,43483083,19929
50502,43487752,43487654,98
50503,43511112,43507645,3467
50504,43507645,43507645,0
50505,43568146,43559850,8296
50506,43568146,43568140,6
50507,43565224,43565147,77
50508,43537798,43531579,6219
50509,43623697,43623257,440
50510,43625261,43625184,77
50511,43625261,43625184,77
50512,43625261,43625184,77
50513,43625261,43625184,77
50514,43625261,43625184,77
50515,43625261,43625184,77
50516,43625261,43625184,77
50517,43625261,43625184,77
50518,43625261,43625184,77
50519,43625261,43625184,77
50520,43625261,43625184,77
50521,43625261,43625184,77
50522,43625261,43625184,77
50523,43679748,43679664,84
50524,43913194,43912130,1064
50525,43913194,43912179,1015
50526,43913194,43912130,1064
50527,43913194,43912130,1064
50528,43913194,43912130,1064
50529,43913194,43912130,1064
50530,43913194,43912130,1064
50531,43913194,43912130,1064
50532,43913194,43912130,1064
50533,43907580,43907580,0
50534,43913194,43912130,1064
50535,43924438,43924327,111
50536,44105699,44101537,4162
50537,44105699,44101537,4162
50538,44105699,44101537,4162
50539,44105699,44101537,4162
50540,44105699,44101537,4162
50541,44105699,44101537,4162
50542,44105699,44101537,4162
50543,44105699,44101537,4162
50544,43976164,43973400,2764
50545,44061296,44061295,1
50546,44077060,44077032,28
50547,44119280,44117263,2017
50548,44119280,44117263,2017
50549,44270166,44249509,20657
50550,44270272,44249509,20763
50551,44302740,44249509,53231
50552,44409347,44407819,1528
50553,44409347,44407819,1528
50554,44409347,44409347,0
50555,44409347,44407819,1528
50556,44409347,44409347,0
50557,44409347,44407819,1528
50558,44409347,44407819,1528
50559,44409347,44409347,0
50560,44409347,44407819,1528
50561,44409347,44409347,0
50562,44409347,44409347,0
50563,44409347,44407819,1528
50564,44409347,44409347,0
50565,44409347,44407819,1528
50566,44409347,44409347,0
50567,44415160,44415089,71
50568,44439163,44435763,3400
50569,44409347,44409347,0
50570,44415160,44415089,71
50571,44410058,44410058,0
50572,44439163,44435763,3400
50573,44439163,44435763,3400
50574,44500463,44500461,2
50575,44627209,44627209,0
50576,44627209,44625681,1528
50577,44627209,44625681,1528
50578,44627209,44627209,0
50579,44627209,44625681,1528
50580,44627209,44627209,0
50581,44627209,44625681,1528
50582,44627209,44625681,1528
50583,44627209,44627209,0
50584,44627209,44625681,1528
50585,44627209,44627209,0
50586,44627209,44627209,0
50587,44627209,44625681,1528
50588,44627209,44627209,0
50589,44627209,44625681,1528
50590,44633014,44632945,69
50591,44657088,44653688,3400
50592,44627209,44627209,0
50593,44633014,44632945,69
50594,44627921,44627921,0
50595,44657088,44653688,3400
50596,44657088,44653688,3400
50597,44834828,44833189,1639
50598,44834828,44832739,2089
50599,44834828,44833189,1639
50600,44834828,44833189,1639
50601,44896126,44895963,163
50602,44954437,44954084,353
50603,44964096,44962485,1611
50604,45014205,45012646,1559
50605,45018733,45017979,754
50606,45018733,45016126,2607
50607,45104994,45102068,2926
50608,45056614,45056373,241
50609,45266665,45266538,127
50610,45266665,45266538,127
50611,45266665,45266538,127
50612,45266665,45258995,7670
50613,45301045,45300408,637
50614,45301045,45300408,637
50615,45368565,45368526,39
50616,45390077,45387570,2507
50617,45452332,45452331,1
50618,45508076,45507332,744
50619,45518677,45518080,597
50620,45402367,45402115,252
50621,45468946,45468945,1
50622,45700642,45699286,1356
50623,45700642,45699286,1356
50624,45700642,45699286,1356
50625,45663610,45663609,1
50626,45700642,45699286,1356
50627,45697580,45696548,1032
50628,45761004,45759770,1234
50629,45761004,45759770,1234
50630,45761004,45759770,1234
50631,45789429,45787992,1437
50632,45823485,45822732,753
50633,45894367,45891923,2444
50634,45899147,45897644,1503
50635,45908907,45906586,2321
50636,45908907,45908877,30
50637,45908907,45905971,2936
50638,45915079,45914486,593
50639,45918699,45918209,490
50640,45918699,45918209,490
50641,45928516,45925795,2721
50642,45933240,45925795,7445
50643,45925795,45925795,0
50644,45959764,45959673,91
50645,46006323,46005190,1133
50646,46006323,46005190,1133
50647,46026674,46024148,2526
50648,46026674,46024148,2526
50649,46026674,46024148,2526
50650,46026674,46024148,2526
50651,46035243,46030600,4643
50652,46030600,46030600,0
50653,46059152,46058868,284
50654,46059152,46058868,284
50655,46059152,46058868,284
50656,46059152,46059100,52
50657,46059152,46058868,284
50658,46115152,46115139,13
50659,46138907,46137003,1904
50660,46138907,46137003,1904
50661,46138907,46137003,1904
50662,46133855,46133855,0
50663,46138907,46137003,1904
50664,46138907,46137003,1904
50665,46178560,46154366,24194
50666,46178883,46154366,24517
50667,46200105,46198870,1235
50668,46200105,46198870,1235
50669,46200105,46198870,1235
50670,46200105,46198870,1235
50671,46200105,46198870,1235
50672,46200105,46198870,1235
50673,46200105,46198870,1235
50674,46507594,46507482,112
50675,46507594,46507482,112
50676,46507594,46266860,240734
50677,46507594,46507482,112
50678,46608272,46608266,6
50679,46608272,46608266,6
50680,46622393,46622273,120
50681,46630236,46629836,400
50682,46651810,46629836,21974
50683,46652438,46629440,22998
50684,46659816,46629617,30199
50685,46667631,46629617,38014
50686,46667631,46629836,37795
50687,46667631,46629836,37795
50688,46655743,46655681,62
50689,46679703,46679624,79
50690,46671103,46671044,59
50691,46682334,46675512,6822
50692,46682354,46675512,6842
50693,46676081,46675512,569
50694,46679703,46679624,79
50695,46688383,46688280,103
50696,46692301,46692066,235
50697,46703835,46703631,204
50698,46799882,46799754,128
50699,46802119,46802045,74
50700,46806111,46805955,156
50701,46871686,46871642,44
50702,46894469,46894434,35
50703,46894469,46876992,17477
50704,46894469,46878907,15562
50705,46942607,46940367,2240
50706,46942607,46940367,2240
50707,46942607,46940367,2240
50708,46942607,46940367,2240
50709,46942607,46940367,2240
50710,46973232,46973131,101
50711,46973232,46973131,101
50712,47006422,47004496,1926
50713,47022154,47022096,58
50714,47022154,47022096,58
50715,47045955,47044594,1361
50716,47133507,47126806,6701
50717,47133507,47126806,6701
50718,47247351,47247090,261
50719,47247351,47247090,261
50720,47247351,47247090,261
50721,47286743,47284784,1959
50722,47286762,47284784,1978
50723,47286762,47284784,1978
50724,47287936,47284784,3152
50725,47300587,47300077,510
50726,47300587,47300077,510
50727,47308128,47304053,4075
50728,47308128,47302486,5642
50729,47302486,47302486,0
50730,47336027,47330016,6011
50731,47439476,47395087,44389
50732,47439835,47395087,44748
50733,47492242,47490626,1616
50734,47592382,47590371,2011
50735,47661171,47656662,4509
50736,47723992,47700172,23820
50737,47755525,47700172,55353
50738,47755525,47700172,55353
50739,47755525,47700172,55353
50740,47755525,47700172,55353
50741,47755525,47700172,55353
50742,47755525,47700172,55353
50743,47785282,47785195,87
50744,47785528,47782641,2887
50745,47785282,47785195,87
50746,47841518,47841449,69
50747,47865937,47794968,70969
50748,47906458,47904864,1594
50749,47906458,47904864,1594
50750,47906458,47904864,1594
50751,47906458,47904864,1594
50752,47906458,47904864,1594
50753,47906458,47904864,1594
50754,47906458,47904864,1594
50755,47906458,47904864,1594
50756,47906458,47904864,1594
50757,47925379,47925379,0
50758,47925379,47925379,0
50759,47925379,47925379,0
50760,47925379,47925379,0
50761,47925379,47925379,0
50762,47926199,47924649,1550
50763,48052323,48051307,1016
50764,48052323,48051307,1016
50765,48051951,48050714,1237
50766,48072588,48072362,226
50767,48167849,48165699,2150
50768,48167849,48166629,1220
50769,48188733,48187461,1272
50770,48183735,48183516,219
50771,48188733,48187461,1272
50772,48188733,48187461,1272
50773,48201522,48193204,8318
50774,48207246,48202323,4923
50775,48207246,48202323,4923
50776,48227877,48227874,3
50777,48246775,48246711,64
50778,48253293,48252798,495
50779,48253293,48252798,495
50780,48249837,48249737,100
50781,48258539,48258440,99
50782,48279000,48278874,126
50783,48358846,48356669,2177
50784,48358846,48356669,2177
50785,48438512,48437652,860
50786,48450562,48450531,31
50787,48450562,48450531,31
50788,48458820,48458300,520
50789,48458820,48458300,520
50790,48474914,48474678,236
50791,48552200,48551913,287
50792,48552200,48551913,287
50793,48552200,48551913,287
50794,48552200,48551913,287
50795,48552200,48551913,287
50796,48546227,48546174,53
50797,48546227,48546174,53
50798,48552200,48551913,287
50799,48557990,48557535,455
50800,48563336,48562222,1114
50801,48608862,48608789,73
50802,48621111,48619518,1593
50803,48621111,48619518,1593
50804,48621111,48619518,1593
50805,48633213,48633023,190
50806,48633213,48633023,190
50807,48633213,48633023,190
50808,48633213,48633023,190
50809,48628278,48627963,315
50810,48704832,48704112,720
50811,48704832,48704112,720
50812,48704832,48704112,720
50813,48704832,48704112,720
50814,48704832,48704112,720
50815,48704832,48704112,720
50816,48704832,48704112,720
50817,48704832,48704112,720
50818,48704832,48704112,720
50819,48704832,48704112,720
50820,48704832,48704112,720
50821,48704832,48704112,720
50822,48704832,48704112,720
50823,48704832,48704112,720
50824,48704832,48704112,720
50825,48704832,48704112,720
50826,48704832,48704112,720
50827,48704832,48704112,720
50828,48704832,48704112,720
50829,48704832,48704112,720
50830,48704832,48704112,720
50831,48704832,48704112,720
50832,48704832,48704112,720
50833,48704832,48704112,720
50834,48704832,48704112,720
50835,48683833,48683630,203
50836,48684856,48684407,449
50837,48745288,48745202,86
50838,48769063,48768561,502
50839,48742065,48741510,555
50840,48769063,48768561,502
50841,48785270,48785015,255
50842,48828365,48828104,261
50843,48828978,48828298,680
50844,48830072,48828022,2050
50845,48830072,48828022,2050
50846,48844876,48844274,602
50847,48844879,48844748,131
50848,48919709,48918380,1329
50849,48919709,48918380,1329
50850,48943715,48940961,2754
50851,48943715,48941378,2337
50852,48945339,48941378,3961
50853,48941378,48941378,0
50854,48945732,48945326,406
50855,49124329,49124021,308
50856,49198226,49198017,209
50857,49198226,49198017,209
50858,49198226,49198017,209
50859,49124830,49124815,15
50860,49157065,49124830,32235
50861,49124329,49124021,308
50862,49237963,49237544,419
50863,49239450,49239206,244
50864,49239450,49239206,244
50865,49249105,49248965,140
50866,49249105,49248965,140
50867,49249105,49248965,140
50868,49249105,49248965,140
50869,49249105,49248868,237
50870,49249105,49248965,140
50871,49249105,49248965,140
50872,49337427,49302522,34905
50873,49294777,49284360,10417
50874,49337514,49302522,34992
50875,49375292,49374350,942
50876,50235729,50212317,23412
50877,50236132,50235146,986
50878,50237161,50235146,2015
50879,50237377,50235146,2231
50880,50237377,50235146,2231
50881,51065012,51064681,331
50882,51902573,51902416,157
50883,52994810,52993286,1524
50884,53014617,53014595,22
50885,53039328,53037987,1341
50886,53039328,53037987,1341
50887,53039328,53037987,1341
50888,53039328,53037987,1341
50889,53039328,53037987,1341
50890,53039328,53037987,1341
50891,53046064,53046007,57
50892,53046064,53046007,57
50893,53122137,53120990,1147
50894,53241449,53237272,4177
50895,53241449,53237272,4177
50896,53402426,53398240,4186
50897,53402426,53398240,4186
50898,53402426,53398240,4186
50899,53402426,53398240,4186
50900,53499341,53499056,285
50901,53800225,53798431,1794
50902,53809482,53798431,11051
50903,53798431,53798431,0
50904,53854748,53853461,1287
50905,53854748,53853461,1287
50906,54560007,54559908,99
50907,54672951,54672283,668
50908,54911256,54893171,18085
50909,54946036,54940152,5884
50910,54943437,54939627,3810
50911,54991409,54991349,60
50912,54991409,54985897,5512
50913,54968852,54968294,558
50914,55038411,55038380,31
50915,55084129,55083596,533
50916,55084129,55083596,533
50917,55198710,55197685,1025
50918,55198710,55197685,1025
50919,55198710,55197685,1025
50920,55198710,55197685,1025
50921,55757299,55754389,2910
50922,55757299,55754389,2910
50923,55710544,55709192,1352
50924,55927433,55927371,62
50925,55980750,55962925,17825
50926,56032684,55962925,69759
50927,56065615,56065472,143
50928,56060754,56060319,435
50929,56084707,56084498,209
50930,56084707,56084498,209
50931,56167618,56166640,978
50932,56233447,56233447,0
50933,56247940,56247940,0
50934,56282535,56281784,751
50935,56296666,56296591,75
50936,56296666,56291654,5012
50937,56296966,56296872,94
50938,56329206,56328000,1206
50939,56329206,56328000,1206
50940,56345879,56345355,524
50941,56345879,56345355,524
50942,56345879,56345355,524
50943,56345879,56345355,524
50944,56345879,56345355,524
50945,56358296,56358119,177
50946,56383747,56382957,790
50947,56406152,56405281,871
50948,56406152,56405281,871
50949,56406152,56405281,871
50950,56382749,56382655,94
50951,56429599,56429496,103
50952,56493120,56492938,182
50953,56494894,56492938,1956
50954,56494931,56492938,1993
50955,56494931,56492938,1993
50956,56494931,56440955,53976
50957,56565759,56565635,124
50958,56595251,56593943,1308
50959,56591985,56591768,217
50960,56604347,56603590,757
50961,56605391,56603590,1801
50962,56605408,56603590,1818
50963,56606778,56606535,243
50964,56609443,56609324,119
50965,56609443,56609324,119
50966,56618179,56618034,145
50967,56618179,56618062,117
50968,56609443,56609324,119
50969,56621733,56621547,186
50970,56769416,56729362,40054
50971,56769416,56729362,40054
50972,56769416,56729362,40054
50973,56769416,56693642,75774
50974,56772241,56770845,1396
50975,56772695,56772554,141
50976,56810127,56809920,207
50977,56811692,56811583,109
50978,57062540,57058392,4148
50979,57062540,57058392,4148
50980,57184266,57183822,444
50981,57184266,57183822,444
50982,57184266,57161365,22901
50983,57184266,57183822,444
50984,57232800,57232524,276
50985,57232800,57232444,356
50986,57284070,57278992,5078
50987,57292611,57292363,248
50988,57350382,57350248,134
50989,57353330,57352559,771
50990,57353330,57351134,2196
50991,57433664,57431073,2591
50992,57479095,57474551,4544
50993,57685713,57684533,1180
50994,57685713,57684533,1180
50995,57654726,57654724,2
50996,57685713,57684533,1180
50997,57768186,57768089,97
50998,57774317,57771213,3104
50999,57774317,57771213,3104
51000,57784856,57775339,9517
51001,57917952,57917272,680
51002,57917952,57917272,680
51003,57917952,57917272,680
51004,57917952,57917272,680
51005,57917952,57917272,680
51006,57970306,57958434,11872
51007,57970306,57968363,1943
51008,57970306,57968363,1943
51009,57970306,57968363,1943
51010,57970306,57968363,1943
51011,57970306,57955584,14722
51012,57970306,57968258,2048
51013,57970306,57968363,1943
51014,58027786,58024149,3637
51015,58027786,58024963,2823
51016,58027786,58024149,3637
51017,58027786,58024149,3637
51018,58027786,58024149,3637
51019,58042117,58042024,93
51020,58042117,58042024,93
51021,58042117,58042024,93
51022,58096336,58079710,16626
51023,58143757,58143602,155
51024,58150640,58150544,96
51025,58156292,58156275,17
51026,58180280,58180164,116
51027,58236906,58236785,121
51028,58334020,58332619,1401
51029,58469586,58469300,286
51030,58469586,58469300,286
51031,58508787,58508627,160
51032,58603580,58603292,288
51033,58603580,58603168,412
51034,58743640,58740913,2727
51035,59115415,59115413,2
51036,59470199,59469486,713
51037,59470199,59469486,713
51038,59470199,59469374,825
51039,59067596,59067595,1
51040,59470199,59469486,713
51041,59470199,59469486,713
51042,59470199,59469486,713
51043,59486485,59482426,4059
51044,59486827,59485867,960
51045,59486827,59485867,960
51046,59490641,59490092,549
51047,59562471,59560877,1594
51048,59561664,59560877,787
51049,59562471,59560877,1594
51050,59668563,59668541,22
51051,59940920,59938900,2020
51052,59858366,59857699,667
51053,60005377,60004005,1372
51054,60005377,60005301,76
51055,60142643,60142566,77
51056,60107374,60107231,143
51057,60353016,60351476,1540
51058,60493839,60493690,149
51059,60493839,60493690,149
51060,60527454,60526090,1364
51061,60527454,60526090,1364
51062,60692841,60689926,2915
51063,60692841,60689926,2915
51064,60692841,60689926,2915
51065,60692841,60689926,2915
51066,60692841,60689926,2915
51067,60770962,60769812,1150
51068,60770962,60769812,1150
51069,60770962,60769812,1150
51070,60884011,60879096,4915
51071,60885705,60879096,6609
51072,60885705,60879096,6609
51073,60885705,60879096,6609
51074,61505067,61499316,5751
51075,61505067,61497422,7645
51076,61469113,61466992,2121
51077,61474337,61473307,1030
51078,61505067,61499316,5751
51079,61515310,61514908,402
51080,61515531,61515508,23
51081,61518207,61514908,3299
51082,61523545,61514908,8637
51083,61523545,61514908,8637
51084,61523722,61514908,8814
51085,61523722,61514908,8814
51086,61523722,61514821,8901
51087,61555878,61555468,410
51088,61560919,61560906,13
51089,61563133,61562829,304
51090,61575741,61574727,1014
51091,61575741,61574384,1357
51092,61575741,61574727,1014
51093,61575741,61574727,1014
51094,61575741,61574727,1014
51095,61575741,61574727,1014
51096,61613574,61613437,137
51097,61623602,61623263,339
51098,61623602,61623263,339
51099,61623602,61623263,339
51100,61626338,61623263,3075
51101,61671642,61666534,5108
51102,61671642,61666534,5108
51103,61671628,61670460,1168
51104,61685725,61685362,363
51105,61773670,61771137,2533
51106,61773670,61771137,2533
51107,61773670,61771137,2533
51108,61773670,61771137,2533
51109,61773670,61771137,2533
51110,61773670,61771137,2533
51111,61777519,61776658,861
51112,61778045,61776658,1387
51113,61819330,61805729,13601
51114,61819330,61791417,27913
51115,61819330,61805729,13601
51116,61819330,61805729,13601
51117,61819330,61805729,13601
51118,61819330,61805729,13601
51119,61819330,61805729,13601
51120,61819330,61791417,27913
51121,61851088,61843535,7553
51122,61851088,61843535,7553
51123,61851088,61843535,7553
51124,61896677,61895758,919
51125,61896677,61895758,919
51126,61890814,61890814,0
51127,61896677,61895758,919
51128,61896677,61895758,919
51129,61896677,61895758,919
51130,61904340,61904262,78
51131,61905031,61904262,769
51132,61909387,61909329,58
51133,61909387,61909329,58
51134,61909387,61909329,58
51135,61916088,61916041,47
51136,61919826,61914976,4850
51137,61920351,61920034,317
51138,61951089,61950974,115
51139,61951089,61950974,115
51140,61951089,61950974,115
51141,61959302,61959161,141
51142,61959302,61959161,141
51143,61959302,61959161,141
51144,61959302,61959161,141
51145,61974021,61973871,150
51146,61988618,61988556,62
51147,61988618,61988556,62
51148,61988618,61987803,815
51149,61988618,61988556,62
51150,61988618,61988556,62
51151,61988284,61988177,107
51152,61996198,61996136,62
51153,61996198,61996136,62
51154,61996198,61996136,62
51155,61996198,61996136,62
51156,61996198,61996136,62
51157,61996198,61996136,62
51158,62009704,62009621,83
51159,62009704,62009621,83
51160,62009704,62009621,83
51161,62050278,62050201,77
51162,62081644,62079121,2523
51163,62081644,62079121,2523
51164,62081644,62078880,2764
51165,62081644,62079335,2309
51166,62081644,62079121,2523
51167,62081644,62079880,1764
51168,62084283,62084051,232
51169,62097994,62084051,13943
51170,62097994,62084051,13943
51171,62097994,62084051,13943
51172,62097994,62084051,13943
51173,62097994,62084051,13943
51174,62207502,62207389,113
51175,62308116,62291577,16539
51176,62340653,62291577,49076
51177,62340653,62291577,49076
51178,62464053,62463780,273
51179,62464760,62464465,295
51180,62488903,62487080,1823
51181,62493184,62493086,98
51182,62493184,62493086,98
51183,62501950,62501907,43
51184,62502484,62502237,247
51185,62502484,62500226,2258
51186,62502484,62502237,247
51187,62499466,62499359,107
51188,62534062,62533897,165
51189,62534062,62533897,165
51190,62532633,62530933,1700
51191,62658386,62657998,388
51192,62658386,62576955,81431
51193,62658386,62576955,81431
51194,62777825,62776948,877
51195,62777622,62776948,674
51196,62833302,62800951,32351
51197,62859703,62859120,583
51198,62894892,62882223,12669
51199,62914988,62893375,21613
51200,62915586,62914983,603
51201,62864668,62864650,18
51202,62885870,62882223,3647
51203,62893772,62893375,397
51204,62893772,62893375,397
51205,62893772,62893375,397
51206,62893772,62893375,397
51207,62893772,62893375,397
51208,62893772,62893375,397
51209,62893772,62893375,397
51210,62893772,62893375,397
51211,62893772,62893375,397
51212,62893772,62893375,397
51213,62893772,62893375,397
51214,62893772,62893375,397
51215,62893772,62893375,397
51216,62893772,62893375,397
51217,62893772,62893375,397
51218,62893772,62893375,397
51219,63051892,63049844,2048
51220,63052920,63052711,209
51221,63206780,63206780,0
51222,63221706,63221608,98
51223,63223821,63223525,296
51224,63223821,63223525,296
51225,63223821,63223525,296
51226,63554854,63554738,116
51227,63557740,63554738,3002
51228,63637183,63554738,82445
51229,63556444,63554738,1706
51230,63822661,63822417,244
51231,64066119,64066113,6
51232,64187987,64179417,8570
51233,64188212,64179417,8795
51234,64187987,64179417,8570
51235,64225556,64225497,59
51236,64771238,64770233,1005
51237,64806862,64800155,6707
51238,64881395,64881357,38
51239,64881395,64881357,38
51240,65029518,65027120,2398
51241,65052911,65052387,524
51242,65241319,65214920,26399
51243,65241319,65214920,26399
51244,65105802,65105352,450
51245,65241319,65214920,26399
51246,65362721,65362635,86
51247,65362721,65362635,86
51248,65362721,65353538,9183
51249,65362721,65362635,86
51250,65693379,65688693,4686
51251,65693379,65689004,4375
51252,65740266,65739975,291
51253,65740266,65739975,291
51254,65740266,65739975,291
51255,65900956,65900955,1
51256,65980494,65978404,2090
51257,65980494,65978404,2090
51258,65978498,65978285,213
51259,65980494,65978404,2090
51260,65977878,65977558,320
51261,65989765,65989262,503
51262,65989765,65989262,503
51263,65989262,65989262,0
51264,66042970,66042712,258
51265,66042970,66042712,258
51266,66196443,66195842,601
51267,66253305,66253110,195
51268,66253305,66253110,195
51269,66253305,66253110,195
51270,66253305,66253110,195
51271,66253305,66253110,195
51272,66253305,66253110,195
51273,66246611,66246610,1
51274,66253305,66253110,195
51275,66417000,66416604,396
51276,66287405,66274461,12944
51277,66287405,66274461,12944
51278,66417000,66416604,396
51279,66453653,66453562,91
51280,66453653,66446955,6698
51281,66529570,66526590,2980
51282,66529570,66526590,2980
51283,66529570,66526590,2980
51284,66529570,66526590,2980
51285,66529570,66526590,2980
51286,66529570,66526590,2980
51287,66547457,66547265,192
51288,66554568,66538870,15698
51289,66597095,66551874,45221
51290,66597095,66596807,288
51291,66951533,66938175,13358
51292,66951533,66938175,13358
51293,66951533,66938175,13358
51294,66951533,66937016,14517
51295,66951533,66938175,13358
51296,66951533,66938175,13358
51297,66951533,66938175,13358
51298,67047280,67047267,13
51299,67057136,67047267,9869
51300,67057136,67047267,9869
51301,67138015,67136844,1171
51302,67138015,67136838,1177
51303,67171922,67171570,352
51304,67240956,67221499,19457
51305,67210992,67192463,18529
51306,67225001,67215891,9110
51307,67265015,67264125,890
51308,67282452,67280154,2298
51309,67283892,67260941,22951
51310,67311774,67310556,1218
51311,67323323,67310556,12767
51312,67323323,67310556,12767
51313,67323323,67310556,12767
51314,67517949,67517255,694
51315,67538470,67537894,576
51316,67517949,67515618,2331
51317,67624479,67621888,2591
51318,68131746,68129485,2261
51319,68131746,68129485,2261
51320,68131746,68129485,2261
51321,68131746,68129485,2261
51322,68131746,68129485,2261
51323,68129485,68129485,0
51324,68176183,68172464,3719
51325,68176183,68172464,3719
51326,68172464,68172464,0
51327,70122560,70120528,2032
51328,71088853,71084903,3950
51329,71088853,71084903,3950
51330,71168062,71166568,1494
51331,71166568,71166568,0
51332,71204643,71203479,1164
51333,71204645,71204590,55
51334,71204645,71203858,787
51335,71228533,71228445,88
51336,71228533,71228445,88
51337,71241483,71241329,154
51338,71245095,71243480,1615
51339,71241483,71241329,154
51340,71245095,71243480,1615
51341,71245095,71243480,1615
51342,71258019,71257957,62
51343,71307054,71282639,24415
51344,71308143,71282639,25504
51345,71308143,71282639,25504
51346,71282639,71282639,0
51347,71398280,71398241,39
51348,71640227,71640227,0
51349,71433961,71433914,47
51350,71824676,71824589,87
51351,72202422,72200370,2052
51352,72206019,72205968,51
51353,72206019,72205968,51
51354,72258157,72256348,1809
51355,72258157,72256348,1809
51356,72258157,72256348,1809
51357,72311023,72310355,668
51358,72311023,72310355,668
51359,72305929,72305734,195
51360,72325605,72324984,621
51361,72347458,72347104,354
51362,72347458,72347104,354
51363,72348479,72348479,0
51364,72351959,72351451,508
51365,72357958,72357958,0
51366,72368739,72368739,0
51367,72369788,72369788,0
51368,72443568,72443167,401
51369,72443568,72440004,3564
51370,72443568,72443167,401
51371,72446720,72445021,1699
51372,72446720,72445021,1699
51373,72480937,72480265,672
51374,72480937,72480265,672
51375,72480937,72480265,672
51376,72480937,72480265,672
51377,72527613,72527600,13
51378,72527613,72527600,13
51379,72542310,72541921,389
51380,72588370,72588341,29
51381,72590348,72588917,1431
51382,72588917,72588917,0
51383,72619897,72619760,137
51384,72742799,72740611,2188
51385,72743473,72741227,2246
51386,72743474,72741550,1924
51387,72701516,72701394,122
51388,72709108,72709005,103
51389,72709108,72709005,103
51390,72709108,72701394,7714
51391,72709108,72709005,103
51392,72701516,72701394,122
51393,72743474,72741550,1924
51394,72743474,72741550,1924
51395,72743474,72741550,1924
51396,72743474,72741550,1924
51397,72765499,72764795,704
51398,72772470,72771837,633
51399,72772470,72771837,633
51400,72835891,72835240,651
51401,72835891,72835240,651
51402,72835922,72832826,3096
51403,72835922,72832826,3096
51404,72856007,72851231,4776
51405,72856966,72851231,5735
51406,72856966,72851231,5735
51407,72864876,72864688,188
51408,72869156,72869069,87
51409,72869156,72869069,87
51410,72869156,72869069,87
51411,72869156,72869069,87
51412,72869156,72869069,87
51413,72869156,72869069,87
51414,72869156,72868963,193
51415,72879014,72878947,67
51416,72889705,72889693,12
51417,72919351,72919168,183
51418,72919351,72916621,2730
51419,72924136,72923380,756
51420,72930006,72929640,366
51421,72946087,72945511,576
51422,72946087,72945511,576
51423,72951067,72950302,765
51424,72968900,72968751,149
51425,72968900,72958336,10564
51426,72968900,72968751,149
51427,73001892,73000169,1723
51428,73017356,73017100,256
51429,73043074,73038745,4329
51430,73043074,73038745,4329
51431,73061981,73059142,2839
51432,73102255,73102128,127
51433,73102255,73102128,127
51434,73102255,73102128,127
51435,73100505,73100294,211
51436,73126360,73125133,1227
51437,73126360,73124912,1448
51438,73127890,73127802,88
51439,73127890,73127802,88
51440,73150775,73144684,6091
51441,73150775,73150492,283
51442,73150775,73150492,283
51443,73179098,73178929,169
51444,73179098,73178929,169
51445,73231854,73231774,80
51446,73231854,73231774,80
51447,73231854,73231774,80
51448,73257707,73240783,16924
51449,73257707,73257668,39
51450,73257707,73257668,39
51451,73258444,73240783,17661
51452,73258444,73239585,18859
51453,73257707,73239585,18122
51454,73257707,73257668,39
51455,73262457,73262004,453
51456,73266326,73266276,50
51457,73267311,73266276,1035
51458,73267311,73266276,1035
51459,73267311,73266276,1035
51460,73269976,73268838,1138
51461,73282883,73282845,38
51462,73283755,73282845,910
51463,73285530,73282845,2685
51464,73285530,73282845,2685
51465,73285530,73282845,2685
51466,73285530,73282845,2685
51467,73401790,73389709,12081
51468,73401790,73389709,12081
51469,73496533,73495415,1118
51470,73496533,73495415,1118
51471,73496533,73495415,1118
51472,73496533,73495415,1118
51473,73505969,73503208,2761
51474,73511664,73509885,1779
51475,73511664,73509885,1779
51476,73517851,73517510,341
51477,73520820,73520493,327
51478,73560804,73560623,181
51479,73560804,73560623,181
51480,73571290,73570959,331
51481,73571290,73570987,303
51482,73571290,73570959,331
51483,73571290,73570987,303
51484,73571290,73570959,331
51485,73611965,73611965,0
51486,73601519,73599469,2050
51487,73622308,73622308,0
51488,73617256,73617255,1
51489,73622927,73622564,363
51490,73624954,73624919,35
51491,73662700,73662637,63
51492,73663269,73662637,632
51493,73637486,73636977,509
51494,73644057,73643645,412
51495,73643645,73643645,0
51496,73663253,73662637,616
51497,73663269,73662637,632
51498,73663269,73662637,632
51499,73687970,73687596,374
51500,73704139,73702601,1538
51501,73704139,73702601,1538
51502,73753899,73753636,263
51503,73753899,73753636,263
51504,73737186,73737090,96
51505,73753899,73753636,263
51506,73738842,73738738,104
51507,73753899,73753636,263
51508,73733165,73732792,373
51509,73761280,73761217,63
51510,73761280,73761217,63
51511,73775860,73775255,605
51512,73821886,73820498,1388
51513,73840798,73840418,380
51514,73840851,73840418,433
51515,73840798,73835924,4874
51516,73839004,73837042,1962
51517,73851501,73851378,123
51518,73851501,73847714,3787
51519,73851501,73851378,123
51520,73851501,73851378,123
51521,73874065,73872855,1210
51522,73874656,73874629,27
51523,73893084,73893018,66
51524,73893084,73893018,66
51525,73901181,73900956,225
51526,73918127,73915774,2353
51527,73933674,73931713,1961
51528,73937119,73934230,2889
51529,73937119,73934230,2889
51530,73975515,73975154,361
51531,73975515,73974769,746
51532,73975515,73975154,361
51533,73975515,73969770,5745
51534,74002080,74001504,576
51535,74023507,74023279,228
51536,74023507,74023279,228
51537,74023507,74013939,9568
51538,74049737,74046568,3169
51539,74068607,74068572,35
51540,74068607,74068572,35
51541,74068607,74063359,5248
51542,74073573,74073512,61
51543,74078885,74078734,151
51544,74080797,74080684,113
51545,74097944,74097911,33
51546,74099652,74099444,208
51547,74099868,74099773,95
51548,74099868,74099773,95
51549,74099868,74099773,95
51550,74099868,74099773,95
51551,74099868,74099773,95
51552,74099868,74099773,95
51553,74099868,74099773,95
51554,74137380,74136476,904
51555,74236390,74236321,69
51556,74236390,74236321,69
51557,74267379,74266586,793
51558,74303761,74303581,180
51559,74303761,74283317,20444
51560,74350230,74349784,446
51561,74350279,74328497,21782
51562,74383941,74383667,274
51563,74383941,74383667,274
51564,74383941,74383667,274
51565,74383941,74383667,274
51566,74383941,74383667,274
51567,74383941,74383667,274
51568,74396002,74395966,36
51569,74449288,74449223,65
51570,74449288,74449223,65
51571,74466199,74466052,147
51572,74466199,74466052,147
51573,74483991,74477606,6385
51574,74497509,74477606,19903
51575,74477788,74475274,2514
51576,74483991,74477606,6385
51577,74477627,74477606,21
51578,74533987,74533624,363
51579,74541458,74541425,33
51580,74541458,74538656,2802
51581,74582145,74581890,255
51582,74639894,74639720,174
51583,74639894,74625528,14366
51584,74707056,74707028,28
51585,74686301,74684729,1572
51586,74707056,74707028,28
51587,74707056,74707028,28
51588,74722881,74722557,324
51589,74722881,74722557,324
51590,74729962,74729768,194
51591,74729962,74729768,194
51592,74729962,74729768,194
51593,74729962,74729768,194
51594,74729962,74729768,194
51595,74729962,74729768,194
51596,74733413,74733242,171
51597,74733493,74733242,251
51598,74733493,74733242,251
51599,74775336,74774434,902
51600,74775336,74774434,902
51601,74775336,74774434,902
51602,74775336,74774434,902
51603,74775336,74774434,902
51604,74775336,74774434,902
51605,74775336,74774434,902
51606,74857916,74857702,214
51607,74878607,74878384,223
51608,74946471,74944920,1551
51609,74946471,74944920,1551
51610,74946471,74944920,1551
51611,74946471,74944920,1551
51612,75202482,75202482,0
51613,75213181,75212646,535
51614,75213181,75210105,3076
51615,75213181,75212646,535
51616,75213181,75210105,3076
51617,75213181,75210105,3076
51618,75213181,75210105,3076
51619,75213181,75210105,3076
51620,75211965,75209532,2433
51621,75211946,75209899,2047
51622,75496678,75494740,1938
51623,75496678,75494740,1938
51624,75496678,75494740,1938
51625,75496678,75494740,1938
51626,75496678,75494740,1938
51627,75496678,75494740,1938
51628,75480210,75478647,1563
51629,75496678,75494740,1938
51630,75496678,75494740,1938
51631,75496678,75494740,1938
51632,75496678,75494740,1938
51633,75496678,75494740,1938
51634,75880169,75880108,61
51635,76104916,76100926,3990
51636,76104916,76100926,3990
51637,76073860,76073481,379
51638,76118830,76118829,1
51639,76123039,76122913,126
51640,76124853,76121273,3580
51641,76124861,76122913,1948
51642,76124861,76122913,1948
51643,76128488,76122913,5575
51644,76121965,76121273,692
51645,76124861,76122913,1948
51646,76124861,76120814,4047
51647,76121965,76121273,692
51648,76124861,76122913,1948
51649,76128589,76128566,23
51650,76139049,76137193,1856
51651,76139049,76137193,1856
51652,76134269,76134235,34
51653,76135809,76135253,556
51654,76162364,76162127,237
51655,76162236,76160747,1489
51656,76168801,76168081,720
51657,76169009,76168017,992
51658,76183285,76183075,210
51659,76200106,76198836,1270
51660,76203782,76203018,764
51661,76203782,76203018,764
51662,76203782,76202105,1677
51663,76211066,76210932,134
51664,76219073,76218910,163
51665,76219073,76212812,6261
51666,76219073,76218932,141
51667,76221716,76219635,2081
51668,76221716,76219635,2081
51669,76221716,76219738,1978
51670,76237068,76235873,1195
51671,76237068,76235873,1195
51672,76237068,76235873,1195
51673,76356158,76355176,982
51674,76355176,76355176,0
51675,76420639,76415746,4893
51676,76420639,76415746,4893
51677,76417992,76415746,2246
51678,76445732,76445561,171
51679,76573476,76571139,2337
51680,76567460,76567053,407
51681,76778376,76778305,71
51682,76778376,76778305,71
51683,76713107,76698679,14428
51684,76719832,76698679,21153
51685,76798617,76798607,10
51686,76836969,76832445,4524
51687,76836609,76832445,4164
51688,76810634,76810568,66
51689,76819331,76816022,3309
51690,76836969,76832445,4524
51691,76870171,76867088,3083
51692,76918483,76867088,51395
51693,76921472,76921170,302
51694,76899299,76897910,1389
51695,76899299,76888411,10888
51696,76976061,76973273,2788
51697,76976061,76969098,6963
51698,77005899,76993704,12195
51699,77005899,76993704,12195
51700,77005899,76993704,12195
51701,77045870,77044170,1700
51702,77045870,77044170,1700
51703,77045870,77044170,1700
51704,77045870,77044170,1700
51705,77045870,77044170,1700
51706,77045870,77044170,1700
51707,77078959,77078328,631
51708,77078959,77078328,631
51709,77084685,77082431,2254
51710,77084685,77082431,2254
51711,77512230,77111797,400433
51712,77478680,77111797,366883
51713,77420202,77419937,265
51714,77686081,77681452,4629
51715,77716021,77711845,4176
51716,77756331,77755948,383
51717,77761449,77758841,2608
51718,77770915,77770797,118
51719,77813213,77813050,163
51720,77924656,77924560,96
51721,77924656,77924560,96
51722,78009657,77987346,22311
51723,77924656,77924560,96
51724,78040569,78040001,568
51725,78064620,78064198,422
51726,78074412,78073574,838
51727,78074412,78073574,838
51728,78074412,78073574,838
51729,78093679,78093130,549
51730,78093679,78093130,549
51731,78093679,78093130,549
51732,78120851,78120760,91
51733,78120982,78120760,222
51734,78176430,78176223,207
51735,78183130,78182144,986
51736,78176430,78176223,207
51737,78183130,78182144,986
51738,78172723,78172555,168
51739,78171331,78169471,1860
51740,78194199,78194112,87
51741,78194199,78188024,6175
51742,78194199,78194112,87
51743,78194199,78194112,87
51744,78227308,78226515,793
51745,78227308,78226515,793
51746,78227308,78226515,793
51747,78227308,78226515,793
51748,78262162,78262162,0
51749,78295262,78293280,1982
51750,78372581,78367298,5283
51751,78310700,78310304,396
51752,78388968,78388919,49
51753,78372581,78367298,5283
51754,78394333,78393475,858
51755,78404171,78403723,448
51756,78411884,78409943,1941
51757,78411884,78409943,1941
51758,78439393,78438452,941
51759,78450404,78450246,158
51760,78797422,78797027,395
51761,78831924,78831736,188
51762,78940173,78938130,2043
51763,78940173,78938130,2043
51764,78940173,78938130,2043
51765,78945013,78944689,324
51766,78973933,78972953,980
51767,79008519,79007036,1483
51768,79083174,79082313,861
51769,79084312,79082798,1514
51770,79084312,79082798,1514
51771,79084312,79082798,1514
51772,79091232,79090105,1127
51773,79091232,79089639,1593
51774,79091232,79084741,6491
51775,79091232,79089639,1593
51776,79091232,79084741,6491
51777,79091232,79084741,6491
51778,79083174,79082313,861
51779,79105748,79104885,863
51780,79139872,79139792,80
51781,79155778,79155103,675
51782,79170855,79170792,63
51783,79196751,79193856,2895
51784,79196751,79193856,2895
51785,79196751,79193856,2895
51786,79196751,79193856,2895
51787,79167927,79166192,1735
51788,79205294,79204382,912
51789,79212203,79207301,4902
51790,79212595,79207301,5294
51791,79212891,79212833,58
51792,79212891,79207301,5590
51793,79215098,79214816,282
51794,79259514,79258666,848
51795,79269096,79268721,375
51796,79220524,79219940,584
51797,79221435,79219940,1495
51798,79269096,79268721,375
51799,79283048,79279467,3581
51800,79304474,79288262,16212
51801,79359160,79358931,229
51802,79433358,79430843,2515
51803,79429072,79429072,0
51804,79479892,79479380,512
51805,79479892,79479380,512
51806,79504156,79504106,50
51807,79504156,79504106,50
51808,79515524,79515054,470
51809,79519429,79518066,1363
51810,79519429,79519356,73
51811,79536137,79536061,76
51812,79604138,79603956,182
51813,79604138,79603956,182
51814,79604138,79575800,28338
51815,79612655,79612653,2
51816,79613607,79612659,948
51817,79615779,79615324,455
51818,79623607,79620335,3272
51819,79633618,79633607,11
51820,79633625,79633607,18
51821,79640936,79639734,1202
51822,79650954,79650855,99
51823,79658860,79658605,255
51824,79669151,79668648,503
51825,79674556,79674270,286
51826,79688046,79687107,939
51827,79688046,79687107,939
51828,79688046,79687107,939
51829,79688046,79687547,499
51830,79688046,79687107,939
51831,79768267,79767858,409
51832,79771889,79771565,324
51833,79771889,79771543,346
51834,79791167,79782382,8785
51835,79791167,79782382,8785
51836,79791167,79784270,6897
51837,79792926,79792829,97
51838,79792926,79792829,97
51839,79805223,79804391,832
51840,79818442,79804391,14051
51841,79818544,79818347,197
51842,79826845,79826699,146
51843,79828790,79827806,984
51844,79829282,79827806,1476
51845,79829282,79827806,1476
51846,79849462,79849456,6
51847,79858363,79857941,422
51848,79858363,79857941,422
51849,79858363,79857941,422
51850,79858363,79857976,387
51851,79858363,79857941,422
51852,79858363,79857941,422
51853,79858363,79857941,422
51854,79858363,79857941,422
51855,79858363,79857941,422
51856,79860781,79860624,157
51857,79869077,79867471,1606
51858,79869077,79866857,2220
51859,79869340,79869231,109
51860,79869340,79867392,1948
51861,79869340,79869231,109
51862,79869340,79869231,109
51863,79869340,79866857,2483
51864,79876058,79876007,51
51865,79881444,79881061,383
51866,79885587,79881061,4526
51867,79894968,79894690,278
51868,79894968,79894690,278
51869,79895115,79895089,26
51870,79895172,79894690,482
51871,79895172,79894690,482
51872,79893392,79893389,3
51873,79905109,79899617,5492
51874,79899617,79899617,0
51875,79919057,79918785,272
51876,79975282,79975198,84
51877,79975282,79975198,84
51878,79975282,79975198,84
51879,79975282,79975198,84
51880,79967443,79967443,0
51881,79980785,79980737,48
51882,79980785,79980737,48
51883,79980785,79980737,48
51884,79989027,79988681,346
51885,79992080,79991705,375
51886,79995573,79995558,15
51887,79995573,79995558,15
51888,80008390,80007810,580
51889,80008663,80007705,958
51890,80009650,80009642,8
51891,80015346,80015003,343
51892,80015346,80015003,343
51893,80015346,80015003,343
51894,80015346,80015003,343
51895,80015346,80015003,343
51896,80015346,80015003,343
51897,80021394,80021347,47
51898,80023354,80022935,419
51899,80023697,80022935,762
51900,80022945,80022935,10
51901,80056106,80054321,1785
51902,80046760,80046704,56
51903,80170689,80159820,10869
51904,80109489,80109475,14
51905,80142876,80136379,6497
51906,80170689,80159820,10869
51907,80197375,80196852,523
51908,80197375,80196852,523
51909,80197375,80196852,523
51910,80197375,80196852,523
51911,80197375,80196852,523
51912,80197375,80196852,523
51913,80197375,80196852,523
51914,80212834,80211051,1783
51915,80231594,80231257,337
51916,80231594,80231257,337
51917,80231594,80210436,21158
51918,80210480,80210436,44
51919,80275480,80275371,109
51920,80275480,80275371,109
51921,80275480,80275371,109
51922,80291921,80285116,6805
51923,80321652,80320521,1131
51924,80320521,80320521,0
51925,80333370,80333370,0
51926,80376513,80376361,152
51927,80376513,80376361,152
51928,80400516,80400468,48
51929,80400516,80400260,256
51930,80398408,80398116,292
51931,80403062,80401998,1064
51932,80405929,80401998,3931
51933,80406137,80401998,4139
51934,80407602,80407130,472
51935,80408707,80407130,1577
51936,80408707,80401998,6709
51937,80408707,80407130,1577
51938,80408707,80407130,1577
51939,80408707,80407130,1577
51940,80408707,80401998,6709
51941,80408707,80407130,1577
51942,80408707,80401998,6709
51943,80408707,80407130,1577
51944,80408707,80401998,6709
51945,80408707,80407130,1577
51946,80446143,80446033,110
51947,80439087,80439086,1
51948,80442826,80441659,1167
51949,80446143,80446033,110
51950,80446143,80446033,110
51951,80446143,80446033,110
51952,80554067,80553716,351
51953,80562483,80559375,3108
51954,80562483,80559280,3203
51955,80606411,80606216,195
51956,80656598,80656472,126
51957,80685893,80685047,846
51958,80685893,80685047,846
51959,80709073,80708631,442
51960,80707771,80706931,840
51961,80881609,80881608,1
51962,80899359,80899359,0
51963,80901062,80900339,723
51964,80797931,80790330,7601
51965,80887614,80887511,103
51966,80901062,80900339,723
51967,81007030,80963525,43505
51968,81009686,81009672,14
51969,81052591,81052320,271
51970,81052591,81052320,271
51971,213739,211284,2455
51972,213739,211284,2455
51973,213739,211284,2455
51974,226402,225097,1305
51975,268059,268019,40
51976,268059,268019,40
51977,500729,500514,215
51978,581524,580927,597
51979,650293,649901,392
51980,650293,649901,392
51981,650293,649901,392
51982,658340,658247,93
51983,673499,672997,502
51984,673499,672997,502
51985,673499,672997,502
51986,712517,712506,11
51987,712662,712587,75
51988,712662,706532,6130
51989,712662,690623,22039
51990,812327,756827,55500
51991,812542,756827,55715
51992,912173,909636,2537
51993,912173,909636,2537
51994,2555037,2554887,150
51995,2571489,2567215,4274
51996,2616634,2616573,61
51997,2805015,2802550,2465
51998,2914090,2913402,688
51999,3011945,2960838,51107
52000,2946621,2946534,87
52001,3220106,3215221,4885
52002,3220106,3215221,4885
52003,3256234,3255916,318
52004,3256234,3255916,318
52005,3278282,3277935,347
52006,3278282,3277935,347
52007,3278282,3277935,347
52008,3458406,3457938,468
52009,3458406,3457938,468
52010,3458406,3457938,468
52011,3458406,3457938,468
52012,3457111,3456734,377
52013,3458406,3457938,468
52014,3458406,3457938,468
52015,3458406,3457938,468
52016,3458406,3457938,468
52017,3458406,3457938,468
52018,3845358,3845282,76
52019,3845358,3845282,76
52020,3874253,3874228,25
52021,3874767,3874706,61
52022,3874767,3874706,61
52023,4455266,3880068,575198
52024,3845358,3845282,76
52025,4455266,3880068,575198
52026,3597377,3597226,151
52027,3880140,3880068,72
52028,5197255,5197052,203
52029,5295701,5293245,2456
52030,5296194,5293245,2949
52031,5296194,5293245,2949
52032,5297052,5293245,3807
52033,5419876,5406940,12936
52034,5419876,5406940,12936
52035,5419876,5406940,12936
52036,5419876,5406940,12936
52037,5423552,5423398,154
52038,5540555,5489182,51373
52039,5543986,5489182,54804
52040,5543986,5489182,54804
52041,5628990,5478293,150697
52042,5577647,5577383,264
52043,5630642,5478293,152349
52044,5892103,5892062,41
52045,6311655,6311624,31
52046,6367682,6311624,56058
52047,6414910,6311624,103286
52048,6590652,6590543,109
52049,6898721,6898573,148
52050,6915712,6912153,3559
52051,6915712,6912153,3559
52052,6898721,6898573,148
52053,6928551,6928542,9
52054,6956446,6955548,898
52055,6965955,6959476,6479
52056,7117813,7117719,94
52057,7117813,7037741,80072
52058,7232042,7232042,0
52059,8406859,8406160,699
52060,8406859,8406160,699
52061,8406859,8406160,699
52062,8614502,8610070,4432
52063,8639380,8638260,1120
52064,8832775,8828944,3831
52065,8832775,8828944,3831
52066,8787301,8786371,930
52067,8832775,8831838,937
52068,9134343,9134277,66
52069,9235797,9235685,112
52070,9285983,9281124,4859
52071,9285983,9281124,4859
52072,9285983,9281124,4859
52073,9258929,9258929,0
52074,9402418,9399525,2893
52075,9402418,9399525,2893
52076,9538106,9535935,2171
52077,9538106,9535935,2171
52078,9614268,9595074,19194
52079,9614605,9614482,123
52080,9614605,9614482,123
52081,9862553,9859322,3231
52082,9888156,9888138,18
52083,9888156,9888138,18
52084,9888138,9888138,0
52085,9960018,9954208,5810
52086,9960018,9954208,5810
52087,10488698,10488035,663
52088,10552766,10550217,2549
52089,10552766,10550217,2549
52090,10552766,10550217,2549
52091,10697878,10697798,80
52092,11148761,11148587,174
52093,10748628,10748530,98
52094,10789363,10789232,131
52095,10890690,10871358,19332
52096,11885683,11881134,4549
52097,11885683,11881134,4549
52098,11885683,11881134,4549
52099,11885683,11881134,4549
52100,11854448,11852110,2338
52101,11885683,11881134,4549
52102,11908796,11897263,11533
52103,11908796,11897263,11533
52104,11908796,11897263,11533
52105,11908796,11897263,11533
52106,12018284,12017830,454
52107,12030885,12030457,428
52108,12030885,12030457,428
52109,12129748,12127938,1810
52110,12277594,12277269,325
52111,12277594,12277269,325
52112,12326568,12326129,439
52113,12326568,12326129,439
52114,12329824,12329182,642
52115,12377275,12377081,194
52116,12432236,12429402,2834
52117,12432236,12429402,2834
52118,12432236,12429402,2834
52119,12656731,12635072,21659
52120,12656731,12635072,21659
52121,12657912,12657865,47
52122,12657912,12657865,47
52123,12725739,12725530,209
52124,12702776,12697393,5383
52125,12702776,12702547,229
52126,12702776,12702547,229
52127,12700360,12697393,2967
52128,12702776,12702547,229
52129,12725658,12724639,1019
52130,12725739,12725530,209
52131,12884334,12884140,194
52132,12884334,12884140,194
52133,12884334,12884140,194
52134,12884334,12884140,194
52135,12987536,12987056,480
52136,12987536,12985251,2285
52137,13059311,13059311,0
52138,13125051,13124769,282
52139,13125051,13124769,282
52140,13125051,13124769,282
52141,13125051,13124769,282
52142,13652753,13645656,7097
52143,13652753,13645656,7097
52144,13652753,13645656,7097
52145,13427533,13427412,121
52146,13459158,13457597,1561
52147,13652753,13645656,7097
52148,13652753,13645656,7097
52149,13652753,13645656,7097
52150,13652753,13645656,7097
52151,13652753,13645656,7097
52152,13652753,13645656,7097
52153,13682104,13682076,28
52154,13726591,13682076,44515
52155,13726591,13682076,44515
52156,13726591,13682076,44515
52157,13760207,13759978,229
52158,13762343,13762159,184
52159,13764554,13759978,4576
52160,13764554,13759978,4576
52161,13826861,13826742,119
52162,13915535,13885517,30018
52163,13885517,13885517,0
52164,14132489,14132276,213
52165,14185386,14184107,1279
52166,14189106,14187359,1747
52167,14543599,14543145,454
52168,14852737,14852479,258
52169,14852737,14852479,258
52170,14852737,14852479,258
52171,18691812,18690871,941
52172,19035091,19034598,493
52173,19076659,19076658,1
52174,19102791,19102782,9
52175,19088676,19088620,56
52176,19088676,19088620,56
52177,19180693,19154804,25889
52178,19210208,19209099,1109
52179,19244191,19243721,470
52180,19284766,19284626,140
52181,19239688,19239303,385
52182,19450912,19444627,6285
52183,19450912,19444627,6285
52184,19782491,19780786,1705
52185,19782491,19780786,1705
52186,19997878,19997774,104
52187,20606449,20606203,246
52188,20573602,20573602,0
52189,20606449,20606203,246
52190,20606449,20606210,239
52191,20606449,20606203,246
52192,20606449,20606203,246
52193,20840434,20837331,3103
52194,20840434,20837331,3103
52195,20840434,20837331,3103
52196,20840434,20837331,3103
52197,21017925,21017816,109
52198,21017925,20956810,61115
52199,21063099,21061243,1856
52200,21063099,21061243,1856
52201,21063099,21061243,1856
52202,21063099,21061243,1856
52203,21111771,21111668,103
52204,21111771,21111648,123
52205,21111771,21111648,123
52206,21111771,21111668,103
52207,21140444,21140427,17
52208,21166581,21166307,274
52209,21166581,21141489,25092
52210,21242849,21242694,155
52211,21242849,21242694,155
52212,21376117,21376117,0
52213,21535029,21534612,417
52214,21535029,21534612,417
52215,21535029,21534612,417
52216,21535029,21534612,417
52217,21715574,21712538,3036
52218,21600262,21599887,375
52219,21715574,21712538,3036
52220,21740033,21740031,2
52221,21740033,21736947,3086
52222,21741564,21736947,4617
52223,21741564,21741480,84
52224,21741564,21741480,84
52225,21741564,21736947,4617
52226,21741564,21741480,84
52227,21741564,21741480,84
52228,21852196,21805067,47129
52229,21891470,21883628,7842
52230,21977833,21957497,20336
52231,21900747,21898738,2009
52232,22033494,22030811,2683
52233,22033494,22030811,2683
52234,22059921,22057526,2395
52235,22059921,22056721,3200
52236,22059921,22057526,2395
52237,22932214,22930910,1304
52238,22932214,22930910,1304
52239,22932214,22807221,124993
52240,23670611,23670533,78
52241,23670611,23670533,78
52242,23670611,23637691,32920
52243,23670611,23658114,12497
52244,23670611,23658114,12497
52245,23671164,23667541,3623
52246,23670611,23658114,12497
52247,23773319,23772375,944
52248,23773319,23772375,944
52249,23773319,23772375,944
52250,23773319,23772375,944
52251,23971650,23969976,1674
52252,23971650,23969976,1674
52253,24128500,24128500,0
52254,24129399,24081199,48200
52255,24129778,24081199,48579
52256,24220308,24081199,139109
52257,24237365,24237332,33
52258,24056855,24056541,314
52259,24442575,24442526,49
52260,24445716,24445653,63
52261,24722971,24722773,198
52262,24765302,24722773,42529
52263,24765302,24722773,42529
52264,25175128,25081767,93361
52265,25616539,25616512,27
52266,25757445,25756986,459
52267,28622781,28622626,155
52268,28622781,28622626,155
52269,28682388,28681934,454
52270,28682388,28681934,454
52271,28682388,28681934,454
52272,28742819,28742557,262
52273,28742819,28742557,262
52274,28937393,28935309,2084
52275,28937393,28935309,2084
52276,28993880,28993558,322
52277,28993880,28993558,322
52278,29058665,29056223,2442
52279,29058665,29056223,2442
52280,29128814,29126706,2108
52281,29178986,29178638,348
52282,29264686,29264389,297
52283,29264686,29264389,297
52284,29264686,29264389,297
52285,29340843,29340654,189
52286,29522989,29511481,11508
52287,29523091,29522727,364
52288,29522856,29522727,129
52289,29523091,29522727,364
52290,29653154,29648347,4807
52291,29711524,29709150,2374
52292,29711524,29709150,2374
52293,29711524,29709150,2374
52294,29800366,29800208,158
52295,30050447,30050391,56
52296,30050447,30050391,56
52297,30352974,30350554,2420
52298,30847016,30825343,21673
52299,31020045,30992052,27993
52300,31020045,30992052,27993
52301,31020045,30992052,27993
52302,31020685,30992052,28633
52303,31020685,30992052,28633
52304,31327399,31326559,840
52305,31327399,31326559,840
52306,31628576,31599482,29094
52307,31802434,31685046,117388
52308,31802434,31802025,409
52309,31802434,31802025,409
52310,31803515,31803217,298
52311,31803515,31803217,298
52312,31803515,31803217,298
52313,31603560,31603422,138
52314,32409292,32409035,257
52315,32448778,32446125,2653
52316,32448778,32446125,2653
52317,32471808,32464709,7099
52318,32409292,32409035,257
52319,32471808,32464709,7099
52320,32471808,32464709,7099
52321,32471808,32470404,1404
52322,32448778,32446125,2653
52323,32448778,32446125,2653
52324,32448778,32446125,2653
52325,32471808,32464709,7099
52326,32471808,32464709,7099
52327,32438362,32438360,2
52328,32438362,32438360,2
52329,32448778,32446125,2653
52330,32448778,32443991,4787
52331,32471808,32464709,7099
52332,32471808,32464709,7099
52333,32471808,32464709,7099
52334,32723432,32720333,3099
52335,32723432,32720333,3099
52336,32707579,32707081,498
52337,32723432,32720333,3099
52338,32723432,32720333,3099
52339,32723432,32720333,3099
52340,32824064,32823325,739
52341,32827153,32826274,879
52342,32838397,32837902,495
52343,32838397,32837902,495
52344,32870196,32844316,25880
52345,32870196,32844316,25880
52346,32870165,32844316,25849
52347,32890730,32887860,2870
52348,32890730,32887860,2870
52349,32890730,32887860,2870
52350,32924407,32920614,3793
52351,32924426,32920614,3812
52352,32920697,32920614,83
52353,32957301,32954256,3045
52354,33077955,33077838,117
52355,33077562,33060518,17044
52356,33077955,33077838,117
52357,33077955,33077838,117
52358,33291798,33289734,2064
52359,33291798,33289734,2064
52360,33244481,33243770,711
52361,33291798,33289734,2064
52362,33559250,33558969,281
52363,33559250,33558969,281
52364,33559250,33558890,360
52365,33559250,33558969,281
52366,33647373,33620812,26561
52367,33647373,33647367,6
52368,33647373,33620812,26561
52369,33647373,33647367,6
52370,33709357,33706970,2387
52371,33709357,33704627,4730
52372,33754688,33754604,84
52373,33754688,33754604,84
52374,33754688,33754604,84
52375,33754688,33754604,84
52376,33754688,33754604,84
52377,33754688,33754604,84
52378,33848685,33848648,37
52379,34291432,34289362,2070
52380,34360018,34359493,525
52381,34360018,34359493,525
52382,34360018,34359493,525
52383,34238151,34238149,2
52384,34360018,34359493,525
52385,34298678,34298678,0
52386,34360018,34359425,593
52387,34409179,34408730,449
52388,34409179,34408730,449
52389,34409179,34408730,449
52390,34409179,34408730,449
52391,34409179,34408730,449
52392,34409179,34408730,449
52393,34409179,34408730,449
52394,34409179,34398877,10302
52395,34409179,34408730,449
52396,34466367,34465679,688
52397,34805288,34802190,3098
52398,34805246,34773614,31632
52399,34805246,34802190,3056
52400,34655613,34654724,889
52401,35146000,35145604,396
52402,35146000,35145604,396
52403,35146000,35145604,396
52404,35146000,35145604,396
52405,35146000,35145592,408
52406,35146000,35145592,408
52407,34853123,34853102,21
52408,34854641,34854580,61
52409,39551404,39550495,909
52410,39661446,39661101,345
52411,39661446,39661101,345
52412,39661446,39661101,345
52413,39631276,39629580,1696
52414,40098918,40096355,2563
52415,40695657,40695484,173
52416,40695657,40695484,173
52417,40857615,40857246,369
52418,40857615,40857246,369
52419,42457379,42456718,661
52420,42648475,42643663,4812
52421,43224375,43224133,242
52422,43263060,43262484,576
52423,43263060,43262484,576
52424,43332485,43329916,2569
52425,43332485,43329916,2569
52426,43332485,43329916,2569
52427,43332485,43329916,2569
52428,43332485,43329916,2569
52429,43332485,43329916,2569
52430,43332485,43329916,2569
52431,43332485,43329916,2569
52432,43332485,43329803,2682
52433,43422521,43422152,369
52434,43547305,43547205,100
52435,43496547,43484073,12474
52436,43497784,43496411,1373
52437,43547305,43547205,100
52438,43652250,43652154,96
52439,43652250,43652154,96
52440,43678319,43671806,6513
52441,43678319,43678197,122
52442,43678319,43671806,6513
52443,43678319,43678197,122
52444,43684199,43678197,6002
52445,43672164,43671806,358
52446,43708299,43708091,208
52447,43708299,43708091,208
52448,43846955,43843081,3874
52449,43846955,43843081,3874
52450,44040783,44036599,4184
52451,44040783,44036599,4184
52452,44040783,44036599,4184
52453,44099049,44098207,842
52454,44136732,44122816,13916
52455,44139270,44137335,1935
52456,44099049,44098207,842
52457,44139270,44139147,123
52458,44236996,44236996,0
52459,44181626,44181479,147
52460,44311726,44266246,45480
52461,44337039,44336471,568
52462,44337039,44336471,568
52463,44337039,44336471,568
52464,44337039,44336471,568
52465,44497495,44497308,187
52466,44497495,44424757,72738
52467,44497495,44497308,187
52468,44497495,44424757,72738
52469,44497495,44497308,187
52470,44500123,44500057,66
52471,44625320,44610766,14554
52472,44628614,44627376,1238
52473,44544607,44544371,236
52474,44550534,44550298,236
52475,44556449,44556213,236
52476,44561988,44561635,353
52477,44676871,44662810,14061
52478,44676871,44660906,15965
52479,44702745,44702648,97
52480,44775554,44775554,0
52481,44775554,44775554,0
52482,45120918,45120532,386
52483,45456970,45423127,33843
52484,45457517,45423127,34390
52485,45457517,45423127,34390
52486,45457517,45423127,34390
52487,45663680,45567478,96202
52488,45691937,45691512,425
52489,45691937,45688768,3169
52490,45935663,45567478,368185
52491,45691937,45567478,124459
52492,45864769,45567478,297291
52493,45864769,45688768,176001
52494,45901935,45691512,210423
52495,45901935,45688768,213167
52496,45901935,45567478,334457
52497,45901935,45691512,210423
52498,45901935,45688768,213167
52499,45901935,45567478,334457
52500,45901935,45567478,334457
52501,45901935,45567478,334457
52502,45901935,45691512,210423
52503,45901935,45567478,334457
52504,45901935,45691512,210423
52505,45901935,45711702,190233
52506,45935663,45691512,244151
52507,45935663,45706708,228955
52508,45935663,45567478,368185
52509,45935663,45691512,244151
52510,45935663,45688768,246895
52511,45935663,45567478,368185
52512,45935663,45567478,368185
52513,45935663,45567478,368185
52514,45935663,45691512,244151
52515,46389586,46385930,3656
52516,46389586,46385930,3656
52517,46389586,46385930,3656
52518,46469177,46469028,149
52519,46475703,46474775,928
52520,46477081,46476794,287
52521,46477081,46476794,287
52522,46987079,46956764,30315
52523,46987079,46956764,30315
52524,46860223,46860183,40
52525,46784863,46784764,99
52526,47013644,47010118,3526
52527,47013644,47010118,3526
52528,47017954,47017941,13
52529,47018935,47017264,1671
52530,47018834,47017941,893
52531,47018834,47017941,893
52532,47018834,47017941,893
52533,47018834,47017941,893
52534,47018935,47017941,994
52535,47018935,47017941,994
52536,47018935,47017941,994
52537,47018935,47017264,1671
52538,47108219,47108056,163
52539,47119278,47116892,2386
52540,47119278,47116892,2386
52541,47340251,47339854,397
52542,47376177,47375961,216
52543,47429203,47429197,6
52544,47721451,47721163,288
52545,47623988,47623637,351
52546,47792865,47792774,91
52547,47803368,47802756,612
52548,47808144,47806362,1782
52549,47808144,47806362,1782
52550,47807677,47807586,91
52551,47808137,47806362,1775
52552,47808144,47806362,1782
52553,47808144,47806362,1782
52554,47808144,47806362,1782
52555,47808144,47806362,1782
52556,47808144,47806362,1782
52557,47808144,47806362,1782
52558,47808144,47806362,1782
52559,47808144,47806362,1782
52560,47808144,47806362,1782
52561,47808144,47806362,1782
52562,47806387,47806362,25
52563,47808144,47806362,1782
52564,47813386,47812328,1058
52565,47814692,47813959,733
52566,47814692,47813959,733
52567,47814692,47813959,733
52568,47920538,47918617,1921
52569,47920538,47918617,1921
52570,47920538,47918617,1921
52571,48258196,48256224,1972
52572,48258196,48256224,1972
52573,48258196,48255538,2658
52574,48232509,48231199,1310
52575,48346072,48335770,10302
52576,48346434,48335770,10664
52577,48346434,48346285,149
52578,48346434,48346285,149
52579,48351754,48335770,15984
52580,48351754,48335770,15984
52581,48476162,48473554,2608
52582,48476162,48473409,2753
52583,48511208,48510980,228
52584,48514490,48513455,1035
52585,48611411,48604837,6574
52586,48611411,48604837,6574
52587,48724051,48723690,361
52588,51062273,51057023,5250
52589,50942785,50942687,98
52590,51062273,51056941,5332
52591,51751158,51750929,229
52592,51751158,51750929,229
52593,51824604,51820837,3767
52594,51824604,51820837,3767
52595,51824604,51820837,3767
52596,51809385,51809385,0
52597,51824604,51820837,3767
52598,51880943,51880943,0
52599,51908404,51904616,3788
52600,51908404,51904616,3788
52601,51908404,51904616,3788
52602,51908404,51904616,3788
52603,51908404,51904616,3788
52604,52266724,52265376,1348
52605,52562747,52556644,6103
52606,52625279,52610022,15257
52607,52626739,52610022,16717
52608,52969852,52969715,137
52609,52989090,52988969,121
52610,52989090,52988969,121
52611,53068921,53018213,50708
52612,53069437,53018213,51224
52613,53071226,53070945,281
52614,53071226,53070945,281
52615,53089723,53018213,71510
52616,53178000,53177828,172
52617,53253336,53252583,753
52618,53254367,53254347,20
52619,53254367,53254347,20
52620,53255860,53254347,1513
52621,53255860,53254347,1513
52622,53255860,53255766,94
52623,53257045,53254347,2698
52624,53257045,53252583,4462
52625,53303188,53303128,60
52626,53131368,53128316,3052
52627,53068756,53068254,502
52628,53258401,53254347,4054
52629,53298619,53263457,35162
52630,53303188,53303128,60
52631,54306270,54305671,599
52632,54318502,54305671,12831
52633,54305736,54305671,65
52634,54697036,54694438,2598
52635,54697036,54694438,2598
52636,54817639,54815062,2577
52637,55036161,55027508,8653
52638,55158530,55143955,14575
52639,55253969,55253852,117
52640,55253969,55253852,117
52641,55253969,55238660,15309
52642,55289177,55288949,228
52643,55289177,55282876,6301
52644,55289177,55288949,228
52645,55289177,55283201,5976
52646,55336508,55335407,1101
52647,55470327,55399039,71288
52648,56068772,56063501,5271
52649,56068772,56063501,5271
52650,56068772,56063501,5271
52651,56068772,56063501,5271
52652,56068772,56063501,5271
52653,56068772,56063501,5271
52654,56068772,56063501,5271
52655,56068772,56063501,5271
52656,56068772,56063501,5271
52657,56068772,56063501,5271
52658,56068772,56063501,5271
52659,56024484,56024484,0
52660,56296189,56279029,17160
52661,56205456,56205411,45
52662,56417370,56415074,2296
52663,56417370,56415074,2296
52664,56653709,56651698,2011
52665,56653709,56651698,2011
52666,56653709,56651698,2011
52667,56653709,56651698,2011
52668,56653709,56651698,2011
52669,56653709,56651698,2011
52670,56720446,56720446,0
52671,56820593,56819921,672
52672,56823688,56823043,645
52673,56826063,56825917,146
52674,56898002,56897689,313
52675,56898002,56897700,302
52676,56898002,56897700,302
52677,56940625,56940438,187
52678,56940625,56940411,214
52679,56985881,56985694,187
52680,57026508,57026476,32
52681,57026508,57026476,32
52682,57122183,57115316,6867
52683,57122441,57122295,146
52684,57364644,57364574,70
52685,57571538,57569985,1553
52686,57571538,57570080,1458
52687,58040001,58039582,419
52688,59222365,59221928,437
52689,59222365,59221928,437
52690,59560304,59483696,76608
52691,59483696,59483696,0
52692,59828618,59828586,32
52693,59854289,59805525,48764
52694,59854289,59805525,48764
52695,59942804,59942802,2
52696,59974355,59972767,1588
52697,59974355,59972767,1588
52698,59974355,59972767,1588
52699,60054943,60052267,2676
52700,60054943,60052267,2676
52701,60054943,60051992,2951
52702,60054943,60052267,2676
52703,60054943,60052267,2676
52704,60245818,60243812,2006
52705,60245818,60243812,2006
52706,60253962,60252420,1542
52707,60647676,60646664,1012
52708,60986613,60985899,714
52709,60986657,60985899,758
52710,60986613,60985899,714
52711,60985899,60985899,0
52712,61034506,61034351,155
52713,61034506,61034351,155
52714,61089752,61089492,260
52715,61089752,61089492,260
52716,61089752,61077532,12220
52717,61089752,61077532,12220
52718,61160928,61160457,471
52719,61172318,61170955,1363
52720,61234244,61234244,0
52721,61234244,61234244,0
52722,61266433,61264597,1836
52723,61266433,61264597,1836
52724,61266433,61264597,1836
52725,61266433,61264597,1836
52726,61266433,61264597,1836
52727,61310837,61310811,26
52728,61311502,61310811,691
52729,61328476,61328450,26
52730,61329197,61328450,747
52731,61329197,61328450,747
52732,61329197,61328450,747
52733,61329197,61328450,747
52734,61391122,61390633,489
52735,61391122,61390633,489
52736,61393666,61393604,62
52737,61391122,61390633,489
52738,61391122,61390633,489
52739,61391122,61390633,489
52740,61472610,61471869,741
52741,61472610,61471869,741
52742,61472610,61471869,741
52743,61472610,61471869,741
52744,61571124,61570539,585
52745,61571124,61570539,585
52746,61584755,61584755,0
52747,61584755,61584755,0
52748,61602476,61602476,0
52749,61602476,61602476,0
52750,61627645,61627589,56
52751,61649072,61649071,1
52752,61653887,61653500,387
52753,61656608,61654512,2096
52754,61656608,61654512,2096
52755,61656608,61654512,2096
52756,61765874,61765844,30
52757,61816260,61765844,50416
52758,63548175,63548130,45
52759,63531361,63530182,1179
52760,63548175,63548130,45
52761,64271375,64239441,31934
52762,64271375,64239441,31934
52763,64239553,64239441,112
52764,65183967,65181875,2092
52765,65181875,65181875,0
52766,66382353,66382218,135
52767,66382353,66365237,17116
52768,66382353,66382218,135
52769,66382353,66382218,135
52770,66722426,66721374,1052
52771,66722426,66721374,1052
52772,66565030,66564826,204
52773,67516322,67508619,7703
52774,67615089,67614642,447
52775,67624232,67614642,9590
52776,67624232,67563198,61034
52777,67688053,67687973,80
52778,67727278,67718725,8553
52779,67872962,67872894,68
52780,67872962,67806886,66076
52781,67872962,67872894,68
52782,67997434,67993512,3922
52783,67997434,67993512,3922
52784,67993512,67993512,0
52785,70210789,70209395,1394
52786,70211723,70209395,2328
52787,70534810,70534526,284
52788,70534810,70534526,284
52789,70532934,70532832,102
52790,71814999,71803100,11899
52791,71815100,71815020,80
52792,71826204,71825715,489
52793,71959251,71959110,141
52794,71959251,71959110,141
52795,71959251,71959110,141
52796,72026422,72021748,4674
52797,72124503,72124494,9
52798,72168707,72167234,1473
52799,72190689,72187303,3386
52800,72190689,72187303,3386
52801,72252261,72251798,463
52802,72252261,72251798,463
52803,72347662,72347661,1
52804,72516583,72516025,558
52805,72633013,72632668,345
52806,72777628,72776424,1204
52807,72917468,72914135,3333
52808,72921281,72921013,268
52809,73001905,73000596,1309
52810,73000596,73000596,0
52811,73139589,73139518,71
52812,73139589,73139518,71
52813,73139589,73139518,71
52814,74207146,74155010,52136
52815,74210045,74208649,1396
52816,74682682,74680295,2387
52817,74593468,74593467,1
52818,74729224,74728964,260
52819,74729224,74728964,260
52820,74729224,74728964,260
52821,74844774,74728964,115810
52822,74729224,74728964,260
52823,74844774,74817217,27557
52824,74982096,74980858,1238
52825,76758969,76757322,1647
52826,76758969,76757322,1647
52827,76876077,76875002,1075
52828,77137628,77137383,245
52829,77138282,77137383,899
52830,77123359,77119528,3831
52831,77138282,77137383,899
52832,77134197,77133940,257
52833,77228177,77227641,536
52834,77228177,77227495,682
52835,77289323,77287530,1793
52836,77289323,77287530,1793
52837,77289323,77287577,1746
52838,77289323,77287577,1746
52839,77228177,77227641,536
52840,77289323,77287577,1746
52841,77289323,77287577,1746
52842,77289323,77287530,1793
52843,77289323,77287577,1746
52844,77514510,77513790,720
52845,77514510,77513671,839
52846,77514510,77513675,835
52847,77514510,77513790,720
52848,77659816,77659816,0
52849,77711025,77703416,7609
52850,77711653,77710926,727
52851,77711653,77710926,727
52852,77711653,77710926,727
52853,77730822,77730451,371
52854,77748532,77748392,140
52855,77748532,77748392,140
52856,77793915,77737641,56274
52857,77810652,77806155,4497
52858,77810652,77805937,4715
52859,77898228,77896692,1536
52860,78005397,78005231,166
52861,78005397,78005231,166
52862,111417,111416,1
52863,111596,111596,0
52864,202209,201586,623
52865,291169,291066,103
52866,291435,291336,99
52867,291435,288055,3380
52868,344791,344782,9
52869,376013,375970,43
52870,376013,375970,43
52871,409170,408361,809
52872,408361,408361,0
52873,460996,460996,0
52874,474983,474747,236
52875,474983,474747,236
52876,505343,504965,378
52877,505343,504965,378
52878,505343,504965,378
52879,519654,519423,231
52880,542087,541552,535
52881,549920,549791,129
52882,549920,549791,129
52883,583493,582577,916
52884,583493,582577,916
52885,583493,582577,916
52886,583493,582577,916
52887,583493,582577,916
52888,617159,616474,685
52889,633568,633512,56
52890,643604,643604,0
52891,643703,643612,91
52892,663233,663121,112
52893,683392,681708,1684
52894,695461,695430,31
52895,695461,695430,31
52896,735048,734271,777
52897,748330,746814,1516
52898,748330,746814,1516
52899,748330,746814,1516
52900,764318,763590,728
52901,812327,810826,1501
52902,812327,810826,1501
52903,812327,810826,1501
52904,813823,813634,189
52905,821952,821559,393
52906,821952,821559,393
52907,821967,814607,7360
52908,832017,831877,140
52909,848175,847969,206
52910,848175,847969,206
52911,856246,856164,82
52912,863610,863238,372
52913,893218,891131,2087
52914,886201,886123,78
52915,893218,891098,2120
52916,893218,891098,2120
52917,891149,891098,51
52918,891149,891098,51
52919,891149,891098,51
52920,913225,913157,68
52921,921015,920748,267
52922,972803,972065,738
52923,994569,994343,226
52924,1009723,1009601,122
52925,1021141,1020995,146
52926,1021141,1020995,146
52927,1036687,1036687,0
52928,1036687,1036687,0
52929,1039064,1037899,1165
52930,1039064,1037899,1165
52931,1039064,1037899,1165
52932,1039064,1037899,1165
52933,1042743,1042573,170
52934,1065570,1065424,146
52935,1055938,1055936,2
52936,1065570,1065424,146
52937,1086627,1086005,622
52938,1086627,1086005,622
52939,1086627,1086005,622
52940,1086627,1086005,622
52941,1086627,1086005,622
52942,1086627,1086005,622
52943,1095391,1095314,77
52944,1106787,1106639,148
52945,1106787,1106571,216
52946,1106787,1106571,216
52947,1132273,1132196,77
52948,1174282,1154275,20007
52949,1174282,1154254,20028
52950,1132273,1132196,77
52951,1228434,1226646,1788
52952,1237990,1236099,1891
52953,1244824,1244436,388
52954,1244824,1244436,388
52955,1259142,1257271,1871
52956,1270259,1270139,120
52957,1272603,1271635,968
52958,1273171,1272442,729
52959,1274439,1272442,1997
52960,1279243,1278776,467
52961,1279243,1279072,171
52962,1301429,1299944,1485
52963,1371478,1371446,32
52964,1378430,1376575,1855
52965,1378430,1376575,1855
52966,1378430,1373123,5307
52967,1361031,1361030,1
52968,1395583,1393406,2177
52969,1394869,1394421,448
52970,1395583,1393406,2177
52971,1395588,1395487,101
52972,1401569,1401475,94
52973,1401569,1401475,94
52974,1421177,1421176,1
52975,1435682,1433826,1856
52976,1435682,1434911,771
52977,1440492,1440461,31
52978,1473243,1470212,3031
52979,1473243,1470212,3031
52980,1473243,1470212,3031
52981,1473243,1470212,3031
52982,1479228,1478902,326
52983,1479228,1478902,326
52984,1483940,1483314,626
52985,1490407,1490345,62
52986,1490410,1488003,2407
52987,1490407,1488003,2404
52988,1496180,1495714,466
52989,1497924,1497210,714
52990,1511135,1507399,3736
52991,1513188,1510942,2246
52992,1513188,1511679,1509
52993,1535455,1535249,206
52994,1535455,1535249,206
52995,1535455,1535249,206
52996,1568057,1568057,0
52997,1575474,1575451,23
52998,1592652,1592630,22
52999,1592710,1592630,80
53000,1592652,1592630,22
53001,1605483,1605408,75
53002,1615820,1612374,3446
53003,1622222,1622160,62
53004,1650286,1650247,39
53005,1650286,1650247,39
53006,1652328,1650247,2081
53007,1632040,1631996,44
53008,1775444,1775444,0
53009,1812236,1811576,660
53010,1812275,1811735,540
53011,1806159,1805951,208
53012,1812275,1811576,699
53013,1822043,1821838,205
53014,1848452,1848357,95
53015,1821681,1817753,3928
53016,1848452,1830723,17729
53017,1863564,1863496,68
53018,1881803,1881565,238
53019,1881803,1881565,238
53020,1885518,1881565,3953
53021,1885518,1881565,3953
53022,1913446,1913150,296
53023,1920327,1918993,1334
53024,1926012,1924283,1729
53025,1926012,1924283,1729
53026,1926012,1924283,1729
53027,1913150,1913150,0
53028,1981336,1980202,1134
53029,1981336,1980202,1134
53030,1988568,1987329,1239
53031,1991298,1990027,1271
53032,2015702,2015702,0
53033,2042079,2042015,64
53034,2046690,2043132,3558
53035,2050946,2043527,7419
53036,2051243,2050850,393
53037,2051243,2050850,393
53038,2042675,2042015,660
53039,2078718,2078559,159
53040,2096269,2078559,17710
53041,2099583,2099344,239
53042,2099583,2099344,239
53043,2099583,2098453,1130
53044,2111505,2111352,153
53045,2129162,2127190,1972
53046,2151556,2151333,223
53047,2151556,2151333,223
53048,2232577,2229791,2786
53049,2230007,2228346,1661
53050,2222881,2220607,2274
53051,2236951,2236247,704
53052,2248678,2248545,133
53053,2252072,2251956,116
53054,2256422,2255313,1109
53055,2273487,2273107,380
53056,2341185,2341185,0
53057,2282181,2280930,1251
53058,2308156,2291775,16381
53059,2291775,2291775,0
53060,2292023,2291931,92
53061,2328614,2328565,49
53062,2341185,2341185,0
53063,2341185,2341185,0
53064,2355100,2351613,3487
53065,2355100,2353207,1893
53066,2341185,2341185,0
53067,2341950,2341722,228
53068,2414056,2414039,17
53069,2426086,2426086,0
53070,2427875,2427531,344
53071,2456966,2456931,35
53072,2478257,2477599,658
53073,2477249,2477249,0
53074,2702746,2520686,182060
53075,2643849,2643535,314
53076,2721390,2717804,3586
53077,2717804,2717804,0
53078,2740074,2737255,2819
53079,2740074,2737255,2819
53080,2740074,2737255,2819
53081,2737255,2737255,0
53082,2783354,2769066,14288
53083,2813599,2813274,325
53084,2813599,2813274,325
53085,2813599,2813274,325
53086,2836733,2834850,1883
53087,2836733,2834850,1883
53088,2860472,2853950,6522
53089,2860472,2853950,6522
53090,2878501,2878327,174
53091,2878503,2878327,176
53092,2918474,2918287,187
53093,2918474,2918287,187
53094,2944969,2944838,131
53095,2995182,2995002,180
53096,2995182,2995002,180
53097,3025614,3011157,14457
53098,3029165,3028902,263
53099,3029165,3028902,263
53100,3029612,3028337,1275
53101,3047633,3045786,1847
53102,3029165,3028902,263
53103,3056766,3056665,101
53104,3062371,3062198,173
53105,3062371,3062198,173
53106,3062964,3062925,39
53107,3121454,3121177,277
53108,3123996,3122177,1819
53109,3150538,3150284,254
53110,3163766,3163017,749
53111,3180330,3179945,385
53112,3209573,3207686,1887
53113,3209573,3207686,1887
53114,3297073,3293444,3629
53115,3297073,3293332,3741
53116,3297073,3293332,3741
53117,3469215,3462767,6448
53118,3469215,3456598,12617
53119,3469215,3462767,6448
53120,3469215,3456598,12617
53121,3469215,3462767,6448
53122,3480540,3480461,79
53123,3500621,3496812,3809
53124,3500938,3496812,4126
53125,3536755,3534834,1921
53126,3536755,3534834,1921
53127,3536755,3534834,1921
53128,3557571,3557401,170
53129,3557571,3557401,170
53130,3544028,3544008,20
53131,3557403,3557401,2
53132,3557571,3557401,170
53133,3574584,3573975,609
53134,3579081,3578519,562
53135,3579081,3578519,562
53136,3577121,3577119,2
53137,3593539,3590188,3351
53138,3606831,3600632,6199
53139,3606831,3600632,6199
53140,3613928,3612908,1020
53141,3619240,3613218,6022
53142,3621026,3620986,40
53143,3626813,3626760,53
53144,3626813,3626760,53
53145,3700477,3700388,89
53146,3700477,3700388,89
53147,3700477,3700388,89
53148,3750811,3750682,129
53149,3750811,3750682,129
53150,3750811,3750682,129
53151,3750811,3750682,129
53152,3754795,3754228,567
53153,3761673,3760262,1411
53154,3767563,3767391,172
53155,3772219,3771740,479
53156,3772219,3771878,341
53157,3786415,3785133,1282
53158,3786415,3784831,1584
53159,3786415,3785133,1282
53160,3801810,3789345,12465
53161,3869027,3869015,12
53162,3869027,3869015,12
53163,3928080,3924590,3490
53164,3928080,3924590,3490
53165,3928080,3922184,5896
53166,3942414,3942271,143
53167,3942414,3942271,143
53168,3961838,3960095,1743
53169,3969827,3969733,94
53170,3971038,3969733,1305
53171,3985461,3985378,83
53172,4038067,4037873,194
53173,4065487,4055230,10257
53174,4066816,4055230,11586
53175,4103202,4101236,1966
53176,4124126,4123872,254
53177,4173051,4171966,1085
53178,4173051,4171966,1085
53179,4173051,4171966,1085
53180,4173051,4171701,1350
53181,4182596,4182536,60
53182,4182596,4182536,60
53183,4182596,4182536,60
53184,4182596,4179261,3335
53185,4182596,4179261,3335
53186,4224811,4224502,309
53187,4218160,4218160,0
53188,4218160,4218160,0
53189,4237524,4237085,439
53190,4269085,4268693,392
53191,4290720,4290630,90
53192,4302428,4302382,46
53193,4302428,4302382,46
53194,4302428,4302393,35
53195,4311574,4310613,961
53196,4311574,4310522,1052
53197,4323843,4323640,203
53198,4323843,4323640,203
53199,4338941,4338750,191
53200,4338941,4338750,191
53201,4338941,4338750,191
53202,4338941,4338750,191
53203,4360083,4359999,84
53204,4360083,4359999,84
53205,4400565,4400365,200
53206,4400565,4400365,200
53207,4400565,4400365,200
53208,4443394,4443022,372
53209,4455295,4454014,1281
53210,4457791,4457694,97
53211,4502222,4502022,200
53212,4502222,4502022,200
53213,4502220,4501333,887
53214,4502222,4502188,34
53215,4511476,4511001,475
53216,4517716,4517716,0
53217,4535208,4534086,1122
53218,4540036,4534086,5950
53219,4540036,4540025,11
53220,4559771,4558469,1302
53221,4559771,4558469,1302
53222,4655580,4652442,3138
53223,4655580,4652442,3138
53224,4652442,4652442,0
53225,4670415,4670346,69
53226,4723855,4719918,3937
53227,4685960,4683856,2104
53228,4772568,4772316,252
53229,4772568,4772293,275
53230,4795571,4793876,1695
53231,4831754,4818389,13365
53232,4818389,4818389,0
53233,4867780,4861406,6374
53234,4867780,4861406,6374
53235,4867780,4861406,6374
53236,4902879,4902879,0
53237,4910019,4909767,252
53238,4962165,4960814,1351
53239,4962165,4960814,1351
53240,5113351,5111847,1504
53241,5153608,5151522,2086
53242,5153608,5151522,2086
53243,5153608,5151522,2086
53244,5116253,5114475,1778
53245,5340814,5286151,54663
53246,5286245,5286151,94
53247,5340814,5286151,54663
53248,5340814,5286151,54663
53249,5340814,5286151,54663
53250,5340814,5286151,54663
53251,5286399,5286151,248
53252,5456867,5456792,75
53253,5568005,5561388,6617
53254,5622938,5622726,212
53255,5622938,5622726,212
53256,5648303,5648068,235
53257,5668489,5668302,187
53258,5668489,5668302,187
53259,5668489,5668302,187
53260,5668489,5668302,187
53261,5668489,5668302,187
53262,5668489,5668302,187
53263,5668489,5668302,187
53264,5680911,5680497,414
53265,5688534,5688206,328
53266,5688534,5688045,489
53267,5688534,5687956,578
53268,5688534,5687956,578
53269,5688534,5687956,578
53270,5688534,5687956,578
53271,5688534,5687956,578
53272,5688534,5688206,328
53273,5688534,5687956,578
53274,5688534,5688206,328
53275,5688534,5687956,578
53276,5691678,5691632,46
53277,5691678,5691632,46
53278,5719844,5719801,43
53279,5720176,5720143,33
53280,5720176,5720154,22
53281,5720269,5720143,126
53282,5720269,5711874,8395
53283,5720463,5713194,7269
53284,5772479,5772446,33
53285,5778742,5778687,55
53286,5784610,5784251,359
53287,5784776,5784671,105
53288,5791249,5791152,97
53289,5791249,5791152,97
53290,5828335,5828184,151
53291,5839028,5832578,6450
53292,5839703,5832578,7125
53293,5839742,5832578,7164
53294,5839742,5832578,7164
53295,5832578,5832578,0
53296,5851485,5844850,6635
53297,5851485,5844850,6635
53298,5851485,5844850,6635
53299,5851485,5844850,6635
53300,5844850,5844850,0
53301,5870634,5867736,2898
53302,5904024,5867736,36288
53303,5867736,5867736,0
53304,5904024,5903719,305
53305,5904024,5903719,305
53306,5910263,5909153,1110
53307,5916222,5915333,889
53308,5916222,5915333,889
53309,5934473,5925718,8755
53310,5978320,5978093,227
53311,5978320,5978093,227
53312,5978320,5978093,227
53313,5978320,5978093,227
53314,5978320,5935831,42489
53315,5978320,5978093,227
53316,6110664,6047507,63157
53317,6110664,6047507,63157
53318,6008625,6008258,367
53319,6110664,6044248,66416
53320,6193112,6190668,2444
53321,6193112,6190668,2444
53322,6193112,6190668,2444
53323,6193112,6190668,2444
53324,6193112,6190668,2444
53325,6193112,6190668,2444
53326,6279959,6279795,164
53327,6333640,6333562,78
53328,6368915,6368721,194
53329,6375261,6374984,277
53330,6375860,6375860,0
53331,6387570,6383475,4095
53332,6391985,6391960,25
53333,6393291,6393006,285
53334,6412415,6411920,495
53335,6424822,6424712,110
53336,6433790,6433704,86
53337,6454728,6454662,66
53338,6459781,6459639,142
53339,6467230,6466683,547
53340,6467230,6467033,197
53341,6467230,6466683,547
53342,6476257,6470317,5940
53343,6476257,6470317,5940
53344,6481798,6481706,92
53345,6481798,6479723,2075
53346,6502330,6502223,107
53347,6535939,6535077,862
53348,6591163,6591013,150
53349,6591163,6591013,150
53350,6670599,6670080,519
53351,6670599,6670080,519
53352,6720662,6720600,62
53353,6732166,6731486,680
53354,6737633,6737587,46
53355,6751337,6751337,0
53356,6751529,6751222,307
53357,6751529,6751222,307
53358,6767523,6763759,3764
53359,6767523,6763743,3780
53360,6857377,6857118,259
53361,6857377,6857118,259
53362,6857377,6857118,259
53363,6857377,6857118,259
53364,6940464,6940040,424
53365,6940464,6940040,424
53366,6940464,6940040,424
53367,6940464,6940040,424
53368,6940464,6940040,424
53369,6990857,6974606,16251
53370,7033022,7032905,117
53371,7040184,7040155,29
53372,7051746,7051633,113
53373,7058645,7058616,29
53374,7087978,7083755,4223
53375,7087978,7083755,4223
53376,7087978,7083755,4223
53377,7294011,7293902,109
53378,7294011,7293902,109
53379,7294011,7293902,109
53380,7535201,7535184,17
53381,7537371,7535184,2187
53382,7537371,7535184,2187
53383,7537363,7535184,2179
53384,7538247,7538247,0
53385,7553924,7553896,28
53386,7553924,7553896,28
53387,7554286,7550762,3524
53388,7573336,7573316,20
53389,7571586,7571266,320
53390,7585911,7585835,76
53391,7585835,7585835,0
53392,7590877,7590112,765
53393,7598895,7598681,214
53394,7598895,7598681,214
53395,7626653,7626448,205
53396,7626653,7626448,205
53397,7626653,7626448,205
53398,7626653,7626448,205
53399,7626653,7626448,205
53400,7683196,7682943,253
53401,7683196,7682943,253
53402,7683196,7682943,253
53403,7694439,7694413,26
53404,7696510,7696442,68
53405,7697898,7697841,57
53406,7698634,7698343,291
53407,7712760,7712696,64
53408,7712760,7712696,64
53409,7712760,7712696,64
53410,7706087,7706087,0
53411,7712758,7711323,1435
53412,7735340,7735235,105
53413,7735340,7735235,105
53414,7744719,7744000,719
53415,7747748,7747706,42
53416,7747748,7747706,42
53417,7747748,7747706,42
53418,7747706,7747706,0
53419,7764365,7764281,84
53420,7767032,7764646,2386
53421,7767032,7764646,2386
53422,7767032,7764646,2386
53423,7797057,7796988,69
53424,7797057,7796988,69
53425,7812464,7812397,67
53426,7812464,7812297,167
53427,7812464,7812297,167
53428,7812464,7812297,167
53429,7812464,7812397,67
53430,7812464,7812397,67
53431,7812464,7812397,67
53432,7812464,7812297,167
53433,7812464,7812397,67
53434,7812464,7812397,67
53435,7812464,7812397,67
53436,7812464,7812397,67
53437,7831693,7831128,565
53438,7833461,7831128,2333
53439,7834491,7833874,617
53440,7834491,7833874,617
53441,7834491,7833874,617
53442,7834491,7833874,617
53443,7834491,7833874,617
53444,7834491,7833762,729
53445,7834491,7833762,729
53446,7834491,7833874,617
53447,7929862,7928588,1274
53448,7929862,7928588,1274
53449,7924076,7921870,2206
53450,7939326,7938574,752
53451,7945117,7944773,344
53452,7966908,7965798,1110
53453,7966908,7965798,1110
53454,7966908,7965798,1110
53455,7971931,7970701,1230
53456,7977381,7977316,65
53457,7979363,7977316,2047
53458,7979363,7977316,2047
53459,7979363,7977316,2047
53460,7983980,7983009,971
53461,7988136,7987649,487
53462,7991051,7990423,628
53463,7990423,7990423,0
53464,8008708,8008536,172
53465,8070529,8056699,13830
53466,8127547,8127109,438
53467,8127547,8127109,438
53468,8122804,8122748,56
53469,8154843,8152956,1887
53470,8212381,8212364,17
53471,8327304,8326993,311
53472,8327304,8326993,311
53473,8327304,8326993,311
53474,8373240,8373174,66
53475,8373240,8373174,66
53476,8386280,8386242,38
53477,8387280,8386959,321
53478,8408146,8402712,5434
53479,8399314,8398962,352
53480,8439257,8438770,487
53481,8439257,8438770,487
53482,8439257,8438770,487
53483,8469317,8468442,875
53484,8503899,8503430,469
53485,8503899,8503430,469
53486,8503899,8503430,469
53487,8539128,8539127,1
53488,8551289,8551289,0
53489,8554002,8553738,264
53490,8554002,8553738,264
53491,8554002,8553738,264
53492,8567538,8567475,63
53493,8579048,8578930,118
53494,8578233,8578195,38
53495,8579048,8578930,118
53496,8642331,8642193,138
53497,8642331,8642193,138
53498,8657080,8657046,34
53499,8675588,8670595,4993
53500,8675588,8661276,14312
53501,8809172,8809051,121
53502,8842335,8842335,0
53503,8932507,8931889,618
53504,8933565,8933335,230
53505,8942975,8933335,9640
53506,8954016,8953939,77
53507,9006773,9006698,75
53508,9092018,9091814,204
53509,9204862,9204862,0
53510,9213982,9213982,0
53511,9226439,9226439,0
53512,9237626,9237626,0
53513,9268386,9268074,312
53514,9274091,9272109,1982
53515,9274091,9272109,1982
53516,9274091,9272109,1982
53517,9274091,9272109,1982
53518,9274091,9272109,1982
53519,9299493,9297396,2097
53520,9325547,9325513,34
53521,9362739,9362739,0
53522,9415795,9415795,0
53523,9454519,9453744,775
53524,9454519,9452145,2374
53525,9454519,9453744,775
53526,9454521,9453744,777
53527,9454521,9453744,777
53528,9454521,9453744,777
53529,9454521,9452304,2217
53530,9454521,9452304,2217
53531,9454521,9452304,2217
53532,9454521,9453744,777
53533,9454521,9452304,2217
53534,9451860,9451860,0
53535,9454521,9452304,2217
53536,9493293,9492453,840
53537,9493293,9491291,2002
53538,9493293,9492453,840
53539,9493293,9492453,840
53540,9529480,9529214,266
53541,9546254,9529214,17040
53542,9546254,9529214,17040
53543,9546254,9529214,17040
53544,9609279,9585989,23290
53545,9609279,9581974,27305
53546,9649266,9646886,2380
53547,9649303,9646908,2395
53548,9695209,9678773,16436
53549,9695209,9678326,16883
53550,9695209,9678326,16883
53551,9731916,9730132,1784
53552,9731916,9727754,4162
53553,9731916,9721928,9988
53554,9745538,9743048,2490
53555,9785776,9771420,14356
53556,9785776,9771420,14356
53557,9785776,9771420,14356
53558,9785776,9771398,14378
53559,9785776,9768718,17058
53560,9785776,9771420,14356
53561,9785776,9767225,18551
53562,9811493,9801866,9627
53563,9811493,9806794,4699
53564,9879410,9869365,10045
53565,9879410,9875626,3784
53566,9879410,9869365,10045
53567,9929505,9922393,7112
53568,9929731,9929489,242
53569,9929731,9922393,7338
53570,9929752,9922393,7359
53571,9940797,9940684,113
53572,9940797,9940684,113
53573,9959068,9958872,196
53574,9960365,9959875,490
53575,10047070,10047042,28
53576,10121147,10121061,86
53577,10132954,10132425,529
53578,10198936,10198102,834
53579,10203928,10202978,950
53580,10203928,10202978,950
53581,10203928,10202978,950
53582,10213333,10207239,6094
53583,10213425,10207239,6186
53584,10221975,10221841,134
53585,10226064,10224530,1534
53586,10226064,10225414,650
53587,10226064,10225414,650
53588,10230599,10230535,64
53589,10230599,10230535,64
53590,10230599,10230535,64
53591,10255430,10252736,2694
53592,10305755,10305575,180
53593,10305755,10305575,180
53594,10305755,10291107,14648
53595,10305755,10305575,180
53596,10341948,10335581,6367
53597,10335581,10335581,0
53598,10370721,10370489,232
53599,10370721,10370489,232
53600,10370736,10369414,1322
53601,10397291,10395963,1328
53602,10397291,10395963,1328
53603,10399260,10398860,400
53604,10399260,10398780,480
53605,10399260,10398531,729
53606,10407454,10407292,162
53607,10407454,10407292,162
53608,10420233,10419357,876
53609,10426691,10426672,19
53610,10429048,10429048,0
53611,10444314,10444234,80
53612,10450345,10450290,55
53613,10450345,10449469,876
53614,10450345,10449469,876
53615,10491248,10489082,2166
53616,10491277,10477166,14111
53617,10491248,10489082,2166
53618,10514271,10514155,116
53619,10580307,10578297,2010
53620,10580307,10578297,2010
53621,10580307,10578297,2010
53622,10580307,10578297,2010
53623,10580307,10578297,2010
53624,10580307,10577576,2731
53625,10602938,10602731,207
53626,10613481,10610709,2772
53627,10614054,10610709,3345
53628,10628126,10625687,2439
53629,10628668,10625687,2981
53630,10625687,10625687,0
53631,10657829,10657795,34
53632,10664094,10663743,351
53633,10664094,10663743,351
53634,10664094,10663743,351
53635,10671124,10670103,1021
53636,10676696,10676566,130
53637,10676702,10676693,9
53638,10679631,10679329,302
53639,10679655,10679329,326
53640,10697991,10697907,84
53641,10697991,10697907,84
53642,10755235,10754061,1174
53643,10755235,10754061,1174
53644,10754588,10753694,894
53645,10755235,10754061,1174
53646,10755235,10753694,1541
53647,10796443,10795548,895
53648,10796443,10795141,1302
53649,10796443,10795141,1302
53650,10796443,10795548,895
53651,10803095,10799988,3107
53652,10803095,10799988,3107
53653,10796441,10794672,1769
53654,10803095,10799971,3124
53655,10824043,10823946,97
53656,10942586,10941723,863
53657,10942586,10941723,863
53658,10942586,10941723,863
53659,10942586,10941723,863
53660,10942586,10941723,863
53661,10942586,10941723,863
53662,10942586,10941723,863
53663,10942586,10941723,863
53664,10944160,10943019,1141
53665,10946983,10946867,116
53666,10980360,10980043,317
53667,11033448,11032433,1015
53668,11033448,11032433,1015
53669,11039262,11039086,176
53670,11039357,11039086,271
53671,11040916,11040378,538
53672,11107056,11107056,0
53673,11172958,11172492,466
53674,11172958,11172492,466
53675,11172958,11172492,466
53676,11143342,11141647,1695
53677,11172958,11172492,466
53678,11172958,11172492,466
53679,11172958,11172492,466
53680,11172958,11172492,466
53681,11145808,11145808,0
53682,11172958,11172492,466
53683,11145808,11145808,0
53684,11244505,11241992,2513
53685,11244505,11241992,2513
53686,11244505,11241992,2513
53687,11244505,11241992,2513
53688,11244505,11241992,2513
53689,11244505,11241992,2513
53690,11244505,11241992,2513
53691,11244505,11241992,2513
53692,11244505,11242194,2311
53693,11266484,11266452,32
53694,11305266,11305187,79
53695,11306346,11305187,1159
53696,11308243,11305187,3056
53697,11304718,11304182,536
53698,11308467,11305187,3280
53699,11319779,11319724,55
53700,11348791,11347540,1251
53701,11373168,11373116,52
53702,11352619,11352363,256
53703,11352619,11352363,256
53704,11437672,11437520,152
53705,11431999,11417488,14511
53706,11450344,11448075,2269
53707,11456981,11456295,686
53708,11456981,11456295,686
53709,11456981,11456295,686
53710,11462162,11461791,371
53711,11464325,11464252,73
53712,11465620,11465553,67
53713,11462162,11461791,371
53714,11463175,11462953,222
53715,11465372,11465371,1
53716,11476374,11475366,1008
53717,11476374,11475055,1319
53718,11476374,11475366,1008
53719,11487627,11486692,935
53720,11495018,11492433,2585
53721,11495018,11492433,2585
53722,11495018,11494883,135
53723,11530018,11517469,12549
53724,11530018,11517469,12549
53725,11530018,11529954,64
53726,11530018,11529954,64
53727,11530018,11529954,64
53728,11542041,11541889,152
53729,11545980,11545837,143
53730,11545980,11545837,143
53731,11561782,11560227,1555
53732,11561782,11560227,1555
53733,11561782,11560227,1555
53734,11558412,11558412,0
53735,11561782,11560227,1555
53736,11591803,11591423,380
53737,11591803,11591423,380
53738,11616738,11616601,137
53739,11639680,11629985,9695
53740,11639987,11629985,10002
53741,11639987,11629985,10002
53742,11639987,11629985,10002
53743,11661138,11660610,528
53744,11661138,11660610,528
53745,11661138,11660610,528
53746,11666282,11666033,249
53747,11670051,11665162,4889
53748,11688553,11688132,421
53749,11689592,11688132,1460
53750,11689801,11688132,1669
53751,11689801,11688132,1669
53752,11689801,11688132,1669
53753,11729974,11728704,1270
53754,11797384,11796897,487
53755,11849760,11849634,126
53756,11849760,11833802,15958
53757,11849760,11835067,14693
53758,11894893,11892721,2172
53759,11894893,11892721,2172
53760,11919306,11918082,1224
53761,11918082,11918082,0
53762,11946016,11943779,2237
53763,11980306,11979384,922
53764,11980306,11979384,922
53765,12025365,12024225,1140
53766,12061588,12061068,520
53767,12061588,12061068,520
53768,12061588,12061068,520
53769,12091198,12089924,1274
53770,12091198,12089924,1274
53771,12091198,12089924,1274
53772,12091198,12089924,1274
53773,12146525,12146354,171
53774,12146525,12129014,17511
53775,12163782,12163616,166
53776,12188626,12187936,690
53777,12188626,12187936,690
53778,12210475,12208888,1587
53779,12225494,12224210,1284
53780,12248544,12246617,1927
53781,12251222,12250997,225
53782,12251222,12250997,225
53783,12267546,12250997,16549
53784,12267546,12257032,10514
53785,12267546,12267373,173
53786,12300064,12298816,1248
53787,12300064,12298816,1248
53788,12405714,12405509,205
53789,12405714,12405509,205
53790,12405714,12405509,205
53791,12444534,12444296,238
53792,12444534,12444296,238
53793,12476475,12474445,2030
53794,12476475,12462882,13593
53795,12512088,12492075,20013
53796,12512088,12511884,204
53797,12551926,12551728,198
53798,12595632,12595471,161
53799,12624647,12577571,47076
53800,12662356,12662146,210
53801,12662356,12662146,210
53802,12721623,12721494,129
53803,12740676,12740074,602
53804,12740676,12740074,602
53805,12740676,12740074,602
53806,12740676,12740074,602
53807,12777591,12777515,76
53808,12777591,12777515,76
53809,12786646,12786486,160
53810,12780465,12780217,248
53811,12786646,12786486,160
53812,12792025,12791927,98
53813,12792701,12792580,121
53814,12792701,12792580,121
53815,12799236,12799186,50
53816,12801435,12800126,1309
53817,12807455,12807395,60
53818,12807395,12807395,0
53819,12832529,12832067,462
53820,12833105,12831791,1314
53821,12833462,12831791,1671
53822,12834810,12831791,3019
53823,12845529,12845471,58
53824,12859137,12858918,219
53825,12869271,12868891,380
53826,12886434,12886263,171
53827,12886434,12886263,171
53828,12904125,12903629,496
53829,12912724,12912075,649
53830,12924462,12924280,182
53831,12941230,12940793,437
53832,12941489,12940793,696
53833,12941489,12940793,696
53834,12941489,12940793,696
53835,12945390,12945314,76
53836,12945390,12945314,76
53837,12946242,12945912,330
53838,12946242,12945912,330
53839,12985766,12985684,82
53840,12969735,12969627,108
53841,12992335,12992189,146
53842,12992335,12992189,146
53843,12998017,12997954,63
53844,13008291,13008246,45
53845,13010813,13010557,256
53846,13010813,13010355,458
53847,13010813,13010355,458
53848,13010813,13010355,458
53849,13030086,13030071,15
53850,13044558,13044510,48
53851,13044558,13044510,48
53852,13055304,13054727,577
53853,13064457,13063863,594
53854,13064457,13063863,594
53855,13064457,13063863,594
53856,13064457,13063863,594
53857,13068068,13068026,42
53858,13085567,13081342,4225
53859,13085567,13084448,1119
53860,13209610,13201184,8426
53861,13209610,13201184,8426
53862,13209610,13201184,8426
53863,13209610,13205463,4147
53864,13201204,13201184,20
53865,13213974,13211985,1989
53866,13220505,13220486,19
53867,13227463,13227213,250
53868,13227463,13227213,250
53869,13227563,13227213,350
53870,13227563,13223824,3739
53871,13251961,13249220,2741
53872,13261188,13260987,201
53873,13261188,13260987,201
53874,13261188,13260987,201
53875,13261188,13260987,201
53876,13265718,13264672,1046
53877,13264672,13264672,0
53878,13368365,13368304,61
53879,13386770,13386770,0
53880,13441147,13428058,13089
53881,13617274,13617038,236
53882,13617274,13617038,236
53883,13617274,13617038,236
53884,13617274,13617038,236
53885,13617274,13617038,236
53886,13617274,13617038,236
53887,13869932,13869904,28
53888,13874106,13873882,224
53889,13885096,13883095,2001
53890,13885096,13883095,2001
53891,13889586,13889012,574
53892,13943044,13941864,1180
53893,13943044,13941864,1180
53894,13947473,13947452,21
53895,13991571,13991317,254
53896,14003703,14003637,66
53897,14016909,14015705,1204
53898,14031194,14030770,424
53899,14041693,14041208,485
53900,14041693,14041208,485
53901,14041693,14041208,485
53902,14038596,14037894,702
53903,14048878,14048662,216
53904,14049289,14049015,274
53905,14064204,14063948,256
53906,14064204,14063948,256
53907,14072256,14071807,449
53908,14117134,14104655,12479
53909,14117134,14104655,12479
53910,14141783,14141760,23
53911,14141783,14141549,234
53912,14163717,14163102,615
53913,14169971,14169971,0
53914,14185874,14185535,339
53915,14196607,14196439,168
53916,14201232,14201232,0
53917,14224992,14224967,25
53918,14228559,14228359,200
53919,14223459,14217634,5825
53920,14218221,14217634,587
53921,14247440,14247268,172
53922,14316997,14294414,22583
53923,14316997,14294414,22583
53924,14302568,14302314,254
53925,14519537,14518933,604
53926,14519537,14518933,604
53927,14519537,14518933,604
53928,14529906,14524032,5874
53929,14530195,14524032,6163
53930,14524036,14524032,4
53931,14582679,14582596,83
53932,14582679,14582596,83
53933,14586174,14585132,1042
53934,14606961,14593788,13173
53935,14606961,14593788,13173
53936,14606961,14593788,13173
53937,14606961,14591587,15374
53938,14606961,14591587,15374
53939,14629201,14629161,40
53940,14640049,14627769,12280
53941,14676792,14676683,109
53942,14676792,14676683,109
53943,14676792,14676683,109
53944,14676792,14676683,109
53945,14676792,14676683,109
53946,14682889,14682812,77
53947,14721956,14721008,948
53948,14721956,14720902,1054
53949,14721956,14717860,4096
53950,14785730,14785582,148
53951,14785730,14785582,148
53952,14785730,14785582,148
53953,14817469,14817028,441
53954,14831772,14830137,1635
53955,14817469,14817028,441
53956,14831772,14830137,1635
53957,14876382,14863305,13077
53958,14877193,14876380,813
53959,14887739,14887568,171
53960,14887770,14887568,202
53961,14889353,14887568,1785
53962,14887739,14887568,171
53963,14883309,14865786,17523
53964,14910948,14910948,0
53965,14939276,14939053,223
53966,14945960,14939053,6907
53967,14952689,14952689,0
53968,14992167,14992167,0
53969,15053260,15053260,0
53970,15083729,15083722,7
53971,15088589,15083722,4867
53972,15121455,15121302,153
53973,15090547,15083722,6825
53974,15090547,15083722,6825
53975,15086052,15083722,2330
53976,15134083,15133931,152
53977,15169103,15166900,2203
53978,15198944,15198944,0
53979,15225789,15224774,1015
53980,15225789,15224774,1015
53981,15225789,15224774,1015
53982,15236577,15235870,707
53983,15235968,15235870,98
53984,15311792,15311716,76
53985,15311792,15311716,76
53986,15343231,15343022,209
53987,15343858,15343022,836
53988,15391262,15383910,7352
53989,15391262,15383910,7352
53990,15443342,15383910,59432
53991,15442717,15383910,58807
53992,15484151,15472582,11569
53993,15490612,15490542,70
53994,15490612,15483964,6648
53995,15529833,15529734,99
53996,15529833,15529734,99
53997,15529833,15529734,99
53998,15512414,15512320,94
53999,15541993,15541970,23
54000,15543342,15541970,1372
54001,15560762,15559118,1644
54002,15565373,15565351,22
54003,15575382,15575169,213
54004,15590315,15590182,133
54005,15590315,15590182,133
54006,15663128,15662282,846
54007,15730572,15729197,1375
54008,15740447,15740168,279
54009,15740447,15740168,279
54010,15771570,15770195,1375
54011,15771570,15770195,1375
54012,15771570,15770195,1375
54013,15771570,15770195,1375
54014,15771570,15770195,1375
54015,15771570,15770195,1375
54016,15791754,15791494,260
54017,15791952,15791229,723
54018,15807984,15807895,89
54019,15839862,15839801,61
54020,15853153,15853153,0
54021,15885174,15885154,20
54022,15905806,15905806,0
54023,15918936,15918847,89
54024,16008884,16008421,463
54025,16008884,16003196,5688
54026,16008884,16003196,5688
54027,16045219,16045218,1
54028,16045676,16045218,458
54029,16045676,16045218,458
54030,16060768,16060768,0
54031,16213813,16212156,1657
54032,16213813,16212156,1657
54033,16204563,16204562,1
54034,16237800,16236507,1293
54035,16244445,16243114,1331
54036,16244445,16243134,1311
54037,16244445,16243134,1311
54038,16269377,16268605,772
54039,16269377,16268448,929
54040,16284286,16284286,0
54041,16284286,16280455,3831
54042,16284286,16284286,0
54043,16302857,16301766,1091
54044,16346156,16345246,910
54045,16346156,16345246,910
54046,16346156,16345246,910
54047,16438339,16437842,497
54048,16582823,16582756,67
54049,16547824,16547789,35
54050,16582823,16582756,67
54051,16582823,16548598,34225
54052,16582823,16582756,67
54053,16582823,16582756,67
54054,16546107,16545211,896
54055,16582823,16582756,67
54056,16607003,16606940,63
54057,16621557,16620963,594
54058,16629430,16628112,1318
54059,16632163,16628112,4051
54060,16637085,16636410,675
54061,16653263,16653189,74
54062,16652940,16652783,157
54063,16683193,16683175,18
54064,16683193,16683175,18
54065,16739015,16738754,261
54066,16770968,16770921,47
54067,16799816,16799182,634
54068,16928774,16925850,2924
54069,16928774,16926140,2634
54070,16928774,16926140,2634
54071,16966543,16965076,1467
54072,16991164,16989538,1626
54073,16991164,16989538,1626
54074,16991164,16989538,1626
54075,16991164,16989538,1626
54076,17002830,17001432,1398
54077,17137625,17137593,32
54078,17014433,17014376,57
54079,17186343,17186232,111
54080,17186343,17186232,111
54081,17324104,17322594,1510
54082,17324104,17323119,985
54083,17321657,17321655,2
54084,17317627,17317625,2
54085,17324093,17322594,1499
54086,17329635,17328285,1350
54087,17330638,17330622,16
54088,17330638,17330458,180
54089,17340028,17339734,294
54090,17356151,17356029,122
54091,17369281,17369118,163
54092,17375544,17375108,436
54093,17375544,17375065,479
54094,17375544,17373786,1758
54095,17388332,17387475,857
54096,17390162,17389857,305
54097,17390162,17389857,305
54098,17390162,17389857,305
54099,17398454,17397361,1093
54100,17398454,17397361,1093
54101,17398454,17397524,930
54102,17398454,17397361,1093
54103,17398454,17397361,1093
54104,17414282,17412425,1857
54105,17417652,17417188,464
54106,17434106,17430465,3641
54107,17445638,17445479,159
54108,17453540,17452512,1028
54109,17453540,17452512,1028
54110,17453540,17452512,1028
54111,17453540,17452512,1028
54112,17488137,17488097,40
54113,17516384,17516384,0
54114,17532022,17531978,44
54115,17536140,17535802,338
54116,17559376,17559271,105
54117,17559376,17559271,105
54118,17571725,17571678,47
54119,17610207,17608414,1793
54120,17616977,17615421,1556
54121,17616977,17615421,1556
54122,17616977,17615421,1556
54123,17632097,17631890,207
54124,17662835,17662707,128
54125,17664648,17664372,276
54126,17648352,17648351,1
54127,17660620,17660494,126
54128,17662835,17662707,128
54129,17662835,17662707,128
54130,17654802,17654449,353
54131,17693965,17692253,1712
54132,17691714,17691712,2
54133,17799050,17799008,42
54134,17799050,17799008,42
54135,17838981,17838980,1
54136,17845324,17845237,87
54137,17845324,17845237,87
54138,17899377,17899107,270
54139,17899377,17899115,262
54140,17899377,17899115,262
54141,17899377,17899115,262
54142,17886322,17886321,1
54143,17924385,17922931,1454
54144,17924385,17922931,1454
54145,17924385,17922931,1454
54146,17932383,17932315,68
54147,17932383,17932315,68
54148,17958841,17955226,3615
54149,17958841,17955226,3615
54150,17958841,17955226,3615
54151,17958841,17955226,3615
54152,17974133,17974072,61
54153,18005983,18004686,1297
54154,18054794,18054524,270
54155,18054794,18054524,270
54156,18109930,18109215,715
54157,18100652,18100650,2
54158,18124911,18123775,1136
54159,18124911,18123775,1136
54160,18197742,18197633,109
54161,18197742,18197633,109
54162,18209626,18209575,51
54163,18197742,18197633,109
54164,18262499,18260536,1963
54165,18281343,18280104,1239
54166,18288927,18288721,206
54167,18307550,18306865,685
54168,18307550,18307260,290
54169,18314874,18313550,1324
54170,18331988,18331932,56
54171,18332042,18331932,110
54172,18335303,18333057,2246
54173,18337285,18337225,60
54174,18337285,18331227,6058
54175,18344210,18330151,14059
54176,18344481,18344001,480
54177,18359010,18344001,15009
54178,18366229,18344001,22228
54179,18344210,18344001,209
54180,18385319,18380288,5031
54181,18385319,18380288,5031
54182,18385319,18378211,7108
54183,18392432,18392294,138
54184,18434001,18433830,171
54185,18434001,18433830,171
54186,18480763,18474393,6370
54187,18480763,18474393,6370
54188,18480763,18474393,6370
54189,18499986,18499745,241
54190,18508415,18507773,642
54191,18508421,18507773,648
54192,18542880,18542845,35
54193,18545372,18545056,316
54194,18545372,18545056,316
54195,18548119,18547813,306
54196,18548570,18547652,918
54197,18548972,18547652,1320
54198,18549111,18548789,322
54199,18549111,18547785,1326
54200,18549111,18548789,322
54201,18586745,18576291,10454
54202,18632937,18632865,72
54203,18632937,18581797,51140
54204,18653782,18653759,23
54205,18654383,18652780,1603
54206,18654383,18652780,1603
54207,18654383,18652780,1603
54208,18680197,18679441,756
54209,18680197,18679441,756
54210,18680197,18679441,756
54211,18680197,18679441,756
54212,18688270,18685960,2310
54213,18688270,18685960,2310
54214,18703146,18701747,1399
54215,18703147,18702990,157
54216,18703147,18702990,157
54217,18717660,18717466,194
54218,18728719,18728466,253
54219,18731849,18731346,503
54220,18781302,18780055,1247
54221,18893143,18888192,4951
54222,18893143,18888192,4951
54223,18893143,18888192,4951
54224,18902083,18901724,359
54225,18902114,18902078,36
54226,18902114,18902078,36
54227,18979039,18976972,2067
54228,18979039,18976972,2067
54229,18979039,18976972,2067
54230,19006953,19006881,72
54231,19006953,19006881,72
54232,19007536,19004339,3197
54233,19030199,19030157,42
54234,19030199,19030157,42
54235,19030199,19030157,42
54236,19039442,19039125,317
54237,19039442,19039125,317
54238,19035970,19035512,458
54239,19049858,19049791,67
54240,19050444,19049791,653
54241,19051113,19049791,1322
54242,19051161,19049791,1370
54243,19052041,19049791,2250
54244,19144380,19141880,2500
54245,19144348,19144328,20
54246,19144832,19141880,2952
54247,19144380,19141880,2500
54248,19141891,19136861,5030
54249,19168987,19168437,550
54250,19168987,19168437,550
54251,19170310,19168437,1873
54252,19168987,19168437,550
54253,19223841,19221685,2156
54254,19217743,19217198,545
54255,19249310,19249237,73
54256,19249310,19249237,73
54257,19281098,19261544,19554
54258,19293492,19293403,89
54259,19303400,19261544,41856
54260,19303400,19261544,41856
54261,19303400,19261544,41856
54262,19281098,19261544,19554
54263,19303400,19302926,474
54264,19303400,19302926,474
54265,19312678,19312528,150
54266,19312678,19312528,150
54267,19312678,19312528,150
54268,19312678,19312528,150
54269,19312678,19312528,150
54270,19314238,19313869,369
54271,19363061,19360720,2341
54272,19349601,19349279,322
54273,19363061,19361030,2031
54274,19373651,19373541,110
54275,19384074,19373541,10533
54276,19384074,19384024,50
54277,19392301,19390199,2102
54278,19413264,19390199,23065
54279,19414656,19390199,24457
54280,19431321,19431305,16
54281,19431321,19414564,16757
54282,19431321,19414564,16757
54283,19469563,19466591,2972
54284,19469563,19466591,2972
54285,19469563,19466591,2972
54286,19469563,19466591,2972
54287,19619741,19616283,3458
54288,19619741,19616283,3458
54289,19619741,19616283,3458
54290,19619741,19616283,3458
54291,19626469,19626236,233
54292,19639013,19638935,78
54293,19645953,19643530,2423
54294,19646885,19646619,266
54295,19648393,19648333,60
54296,19648393,19648333,60
54297,19657468,19656825,643
54298,19657468,19656825,643
54299,19729725,19729438,287
54300,19739039,19738093,946
54301,19739039,19738093,946
54302,19739739,19738093,1646
54303,19754455,19754338,117
54304,19754455,19754338,117
54305,19754455,19754338,117
54306,19762606,19760427,2179
54307,19766260,19764870,1390
54308,19772925,19772925,0
54309,19774503,19774475,28
54310,19791138,19791109,29
54311,19791138,19791109,29
54312,19791138,19791109,29
54313,19843921,19843767,154
54314,19856046,19855826,220
54315,19932560,19932412,148
54316,19932560,19932412,148
54317,19932560,19932412,148
54318,20004293,20003556,737
54319,20004293,20003556,737
54320,20043806,20042962,844
54321,20046382,20045627,755
54322,20150064,20135092,14972
54323,20150064,20135092,14972
54324,20150277,20150154,123
54325,20150277,20118082,32195
54326,20231977,20230169,1808
54327,20311299,20308911,2388
54328,20607771,20591768,16003
54329,20748626,20748446,180
54330,20844402,20844252,150
54331,20844402,20808454,35948
54332,20844402,20844252,150
54333,21126783,21125641,1142
54334,21133503,21133108,395
54335,21133503,21133108,395
54336,21133503,21133108,395
54337,21133503,21133108,395
54338,21133503,21133108,395
54339,21133503,21133108,395
54340,21242852,21240827,2025
54341,21242852,21240827,2025
54342,21301256,21301135,121
54343,21307883,21301135,6748
54344,21368805,21366837,1968
54345,21368805,21366837,1968
54346,21368805,21366837,1968
54347,21512212,21512014,198
54348,21512212,21492081,20131
54349,21512212,21492081,20131
54350,21562104,21561465,639
54351,21571384,21560285,11099
54352,21591601,21590330,1271
54353,21597445,21596299,1146
54354,21610296,21607786,2510
54355,21610296,21607786,2510
54356,21610296,21607786,2510
54357,21607786,21607786,0
54358,21721079,21720880,199
54359,21739070,21736738,2332
54360,21933585,21927776,5809
54361,21950430,21950231,199
54362,22019010,22018840,170
54363,22019010,22000723,18287
54364,22034870,22002008,32862
54365,22034870,22002008,32862
54366,22034870,22002008,32862
54367,22034870,22034736,134
54368,22034870,22000723,34147
54369,22193745,22193596,149
54370,22193745,22193596,149
54371,22273903,22272244,1659
54372,22273903,22272244,1659
54373,22379753,22379435,318
54374,22499978,22499978,0
54375,22605148,22605026,122
54376,22850472,22848067,2405
54377,22966973,22966818,155
54378,23170205,23159589,10616
54379,23186010,23185832,178
54380,23330017,23329358,659
54381,23433172,23433044,128
54382,23578269,23578156,113
54383,23578269,23578156,113
54384,23870017,23869835,182
54385,23941693,23941551,142
54386,23941693,23937643,4050
54387,23941693,23937643,4050
54388,24010919,24010851,68
54389,24116769,24116769,0
54390,24312654,24310782,1872
54391,24290151,24290040,111
54392,24312654,24310782,1872
54393,29704136,29704025,111
54394,30055226,30054841,385
54395,30108162,30106287,1875
54396,30108162,30106287,1875
54397,30166383,30165586,797
54398,30166383,30165586,797
54399,30165586,30165586,0
54400,30205963,30205836,127
54401,30206452,30199320,7132
54402,30206452,30199320,7132
54403,30206452,30206446,6
54404,30206696,30199320,7376
54405,30315215,30314684,531
54406,30315215,30314684,531
54407,30507519,30506499,1020
54408,30507519,30505976,1543
54409,30507519,30505976,1543
54410,30507519,30505976,1543
54411,31048965,31048071,894
54412,31048965,31048071,894
54413,31619766,31619481,285
54414,31840190,31840125,65
54415,32083945,32083945,0
54416,32850707,32847689,3018
54417,32851533,32851528,5
54418,32878573,32873989,4584
54419,32878573,32873989,4584
54420,32904092,32902350,1742
54421,32976799,32973146,3653
54422,32976799,32973146,3653
54423,32976799,32973146,3653
54424,33077449,33076945,504
54425,33078358,33078206,152
54426,33166102,33149921,16181
54427,33166102,33149921,16181
54428,33169206,33167877,1329
54429,33204702,33202863,1839
54430,33281714,33281585,129
54431,33312166,33312089,77
54432,33360683,33359440,1243
54433,33360683,33359440,1243
54434,33360683,33359440,1243
54435,33360683,33350992,9691
54436,33450964,33424501,26463
54437,33462869,33462780,89
54438,33462869,33462780,89
54439,33457372,33444688,12684
54440,33462869,33462780,89
54441,33467960,33467588,372
54442,33518177,33493856,24321
54443,33555824,33555758,66
54444,33555824,33503567,52257
54445,33621318,33621066,252
54446,33621318,33621066,252
54447,33666703,33666478,225
54448,33699773,33698481,1292
54449,33697639,33697506,133
54450,33699773,33698481,1292
54451,33702595,33702361,234
54452,33716756,33716609,147
54453,33716756,33716733,23
54454,33793430,33793320,110
54455,33873592,33870598,2994
54456,33873592,33870598,2994
54457,33870598,33870598,0
54458,33879759,33879176,583
54459,34012799,34012666,133
54460,34012799,34012666,133
54461,34012799,34012666,133
54462,34264414,34263968,446
54463,34264414,34263968,446
54464,34264414,34263968,446
54465,34306666,34302707,3959
54466,34306666,34303853,2813
54467,34306666,34303853,2813
54468,34306666,34303853,2813
54469,34306666,34303853,2813
54470,34720420,34717336,3084
54471,34720420,34718293,2127
54472,34720420,34717336,3084
54473,34720420,34718293,2127
54474,34846471,34843860,2611
54475,34791873,34791873,0
54476,34893318,34890941,2377
54477,34893318,34890941,2377
54478,34893318,34890941,2377
54479,34893318,34890941,2377
54480,34860072,34858074,1998
54481,34893318,34890941,2377
54482,34917072,34917025,47
54483,34955036,34955034,2
54484,34960798,34960126,672
54485,34960798,34960126,672
54486,34992085,34991174,911
54487,35085490,35085468,22
54488,35175076,35175075,1
54489,35177302,35176142,1160
54490,35177302,35176142,1160
54491,35177302,35176142,1160
54492,35177302,35176142,1160
54493,35233774,35233002,772
54494,35233774,35233002,772
54495,35233774,35233002,772
54496,35263378,35260367,3011
54497,35264134,35263746,388
54498,35263378,35260413,2965
54499,35264134,35263746,388
54500,35436076,35435742,334
54501,35436076,35435742,334
54502,35436076,35435742,334
54503,35436076,35435742,334
54504,35454953,35454566,387
54505,35505291,35505290,1
54506,35517373,35517045,328
54507,35517373,35517045,328
54508,35517373,35517045,328
54509,35517373,35517045,328
54510,35517373,35517045,328
54511,35525174,35525002,172
54512,35531353,35530605,748
54513,35531353,35530605,748
54514,35557477,35557191,286
54515,35557477,35557191,286
54516,35557475,35556987,488
54517,35557475,35556987,488
54518,35597208,35590185,7023
54519,35612569,35612238,331
54520,35612569,35612238,331
54521,35614107,35613862,245
54522,35615228,35614361,867
54523,35615228,35614361,867
54524,35615228,35614361,867
54525,35615228,35614361,867
54526,35615228,35614361,867
54527,35626178,35625584,594
54528,35633355,35622401,10954
54529,35624668,35622401,2267
54530,35626178,35625584,594
54531,35633954,35633646,308
54532,35633954,35633646,308
54533,35645205,35644819,386
54534,35657664,35657326,338
54535,35660788,35660518,270
54536,35660788,35660518,270
54537,35660788,35660518,270
54538,35660788,35660518,270
54539,35660788,35660518,270
54540,35719628,35719583,45
54541,35758867,35758762,105
54542,35758867,35758762,105
54543,35758867,35758762,105
54544,35758867,35758762,105
54545,35758867,35758762,105
54546,35758867,35758762,105
54547,35770211,35770082,129
54548,35770718,35770159,559
54549,35770718,35770159,559
54550,35770718,35770159,559
54551,35770718,35770159,559
54552,35776045,35775945,100
54553,35804709,35803216,1493
54554,35804709,35804357,352
54555,35804709,35804357,352
54556,35820133,35820110,23
54557,35838264,35837600,664
54558,35838264,35837600,664
54559,35838264,35837101,1163
54560,35838264,35837600,664
54561,35838264,35837600,664
54562,35843367,35843357,10
54563,35851389,35850833,556
54564,35850833,35850833,0
54565,35863301,35863299,2
54566,35941865,35941609,256
54567,35942669,35941609,1060
54568,35981433,35981344,89
54569,35981433,35981344,89
54570,35992813,35992805,8
54571,36001154,35999112,2042
54572,36001391,36001329,62
54573,36001412,35996867,4545
54574,36004560,36004377,183
54575,36004560,36004377,183
54576,36004560,36004377,183
54577,36001412,35999112,2300
54578,36001412,35999112,2300
54579,36001412,35997471,3941
54580,36001412,35999112,2300
54581,36001412,35996867,4545
54582,36001412,35996867,4545
54583,36001412,35996867,4545
54584,36001412,35996867,4545
54585,36001391,36001329,62
54586,36001412,35996867,4545
54587,36004560,36004377,183
54588,36004560,36004377,183
54589,36004560,36004377,183
54590,36004560,36004377,183
54591,36019253,36019183,70
54592,36019253,36019183,70
54593,36019253,36019183,70
54594,36036221,36036072,149
54595,36036394,36036391,3
54596,36038429,36038349,80
54597,36038429,36038349,80
54598,36038429,36038349,80
54599,36048749,36044686,4063
54600,36054560,36054531,29
54601,36116251,36113895,2356
54602,36122814,36122339,475
54603,36128587,36128456,131
54604,36128587,36128456,131
54605,36128587,36128456,131
54606,36135773,36135754,19
54607,36135773,36135754,19
54608,36135773,36135754,19
54609,36135773,36135754,19
54610,36149686,36149549,137
54611,36169367,36168921,446
54612,36169367,36168789,578
54613,36164193,36159546,4647
54614,36207940,36207654,286
54615,36229779,36214644,15135
54616,36229779,36229458,321
54617,36232236,36232081,155
54618,36233348,36232081,1267
54619,36233520,36232081,1439
54620,36236336,36233488,2848
54621,36236336,36236292,44
54622,36236336,36236292,44
54623,36236336,36235277,1059
54624,36235639,36235030,609
54625,36237903,36237748,155
54626,36237903,36237748,155
54627,36245420,36245375,45
54628,36244329,36244247,82
54629,36247930,36247909,21
54630,36253929,36253299,630
54631,36253931,36253299,632
54632,36260077,36259447,630
54633,36277974,36277973,1
54634,36279724,36279331,393
54635,36279724,36279331,393
54636,36270893,36270893,0
54637,36279724,36279331,393
54638,36304201,36304183,18
54639,36342895,36342739,156
54640,36358048,36357438,610
54641,36358048,36357394,654
54642,36358048,36357438,610
54643,36358048,36357394,654
54644,36370699,36370343,356
54645,36370699,36370343,356
54646,36370699,36370343,356
54647,36370699,36370343,356
54648,36370699,36370343,356
54649,36387440,36381596,5844
54650,36391552,36388558,2994
54651,36395173,36395062,111
54652,36395173,36395062,111
54653,36399211,36399130,81
54654,36399211,36399130,81
54655,36399211,36399130,81
54656,36399211,36399130,81
54657,36436097,36435921,176
54658,36487220,36486524,696
54659,36499593,36499583,10
54660,36499672,36499583,89
54661,36499672,36499583,89
54662,36499672,36499583,89
54663,36500273,36499494,779
54664,36505141,36505135,6
54665,36505141,36505135,6
54666,36505141,36501924,3217
54667,36505141,36504299,842
54668,36505141,36505135,6
54669,36536874,36536819,55
54670,36523573,36523259,314
54671,36523797,36523259,538
54672,36545172,36530992,14180
54673,36545664,36545119,545
54674,36545664,36545119,545
54675,36553553,36550936,2617
54676,36565206,36564562,644
54677,36596012,36595930,82
54678,36596012,36595930,82
54679,36604613,36604563,50
54680,36606206,36605758,448
54681,36616849,36616684,165
54682,36641251,36640727,524
54683,36641255,36640741,514
54684,36641255,36640741,514
54685,36641255,36640741,514
54686,36643771,36643309,462
54687,36705566,36692887,12679
54688,36705566,36685171,20395
54689,36705986,36692887,13099
54690,36705566,36692887,12679
54691,36729675,36728221,1454
54692,36729675,36728221,1454
54693,36729675,36728221,1454
54694,36728221,36728221,0
54695,36806639,36806617,22
54696,36858873,36858794,79
54697,36870105,36858794,11311
54698,36909550,36900691,8859
54699,36913799,36912454,1345
54700,36980337,36967459,12878
54701,36980463,36967459,13004
54702,36980463,36967459,13004
54703,36980463,36967459,13004
54704,36980463,36940823,39640
54705,36980463,36940823,39640
54706,36981942,36981212,730
54707,37019248,37006140,13108
54708,37019248,37006140,13108
54709,37019248,37006140,13108
54710,37019248,37006140,13108
54711,37006140,37006140,0
54712,37064197,37063248,949
54713,37064197,37039144,25053
54714,37096178,37063248,32930
54715,37096178,37047059,49119
54716,37119499,37118452,1047
54717,37119499,37118452,1047
54718,37119499,37118452,1047
54719,37119172,37118452,720
54720,37157739,37155608,2131
54721,37157739,37149280,8459
54722,37157739,37155608,2131
54723,37211463,37211462,1
54724,37211463,37211462,1
54725,37212225,37211570,655
54726,37212225,37211570,655
54727,37214248,37214125,123
54728,37263716,37253508,10208
54729,37263716,37253508,10208
54730,37266689,37266415,274
54731,37328929,37316521,12408
54732,37329286,37316521,12765
54733,37341169,37316521,24648
54734,37341689,37316521,25168
54735,37370477,37369199,1278
54736,37370477,37369199,1278
54737,37370477,37369199,1278
54738,37370477,37369199,1278
54739,37370477,37369199,1278
54740,37369199,37369199,0
54741,37406923,37406856,67
54742,37407193,37406069,1124
54743,37407193,37406069,1124
54744,37443645,37441990,1655
54745,37443645,37441990,1655
54746,37443645,37441990,1655
54747,37443645,37441990,1655
54748,37471219,37470016,1203
54749,37488834,37488501,333
54750,37488834,37488501,333
54751,37471219,37465360,5859
54752,37488834,37488501,333
54753,37488834,37488501,333
54754,37489259,37488652,607
54755,37620651,37619960,691
54756,37663333,37647164,16169
54757,37663615,37647164,16451
54758,37663615,37660812,2803
54759,37701451,37698013,3438
54760,37701451,37678050,23401
54761,37734574,37734566,8
54762,37734574,37734566,8
54763,37734574,37734566,8
54764,37855357,37854677,680
54765,37850676,37850587,89
54766,37855343,37854677,666
54767,37855343,37854677,666
54768,37855357,37854677,680
54769,37855357,37854677,680
54770,37855357,37854677,680
54771,37855357,37854677,680
54772,37876545,37875888,657
54773,37881193,37880781,412
54774,37883966,37880781,3185
54775,37935866,37905082,30784
54776,37958339,37935823,22516
54777,37960169,37945764,14405
54778,37976242,37976135,107
54779,37976242,37976135,107
54780,37976242,37976135,107
54781,38034239,38028781,5458
54782,38034239,38028781,5458
54783,38027432,38024463,2969
54784,38105079,38104164,915
54785,38085673,38077577,8096
54786,38085673,38077577,8096
54787,38085673,38077577,8096
54788,38105079,38104164,915
54789,38105079,38104164,915
54790,38146312,38138723,7589
54791,38146312,38138723,7589
54792,38146313,38138723,7590
54793,38146368,38138723,7645
54794,38183216,38161049,22167
54795,38183216,38161034,22182
54796,38161049,38161049,0
54797,38210089,38202519,7570
54798,38210691,38202519,8172
54799,38270230,38264369,5861
54800,38270230,38264369,5861
54801,38270230,38260675,9555
54802,38270230,38249236,20994
54803,38270230,38260675,9555
54804,38307940,38262237,45703
54805,38345836,38315793,30043
54806,38397317,38388879,8438
54807,38397317,38388879,8438
54808,38699008,38696880,2128
54809,38714890,38714863,27
54810,38714890,38714863,27
54811,38714890,38714863,27
54812,38720317,38713212,7105
54813,38720317,38720230,87
54814,38747231,38746979,252
54815,38747231,38746979,252
54816,38783254,38782646,608
54817,38783254,38782646,608
54818,38800509,38800248,261
54819,38806445,38806369,76
54820,38806445,38806369,76
54821,38806445,38800248,6197
54822,38806606,38806557,49
54823,38806606,38806557,49
54824,38806606,38806557,49
54825,38795646,38795604,42
54826,38795646,38795324,322
54827,38806606,38806557,49
54828,38819649,38818043,1606
54829,38819649,38818043,1606
54830,38861589,38861432,157
54831,38861589,38861432,157
54832,38861589,38861432,157
54833,38874464,38874030,434
54834,38878668,38877901,767
54835,38878668,38877652,1016
54836,38885116,38885036,80
54837,38890523,38886785,3738
54838,38890523,38886785,3738
54839,38899728,38899522,206
54840,38899728,38899522,206
54841,38899728,38899434,294
54842,38916945,38916731,214
54843,38916945,38916731,214
54844,38916945,38916731,214
54845,38916945,38916731,214
54846,38916945,38916731,214
54847,38916945,38916731,214
54848,38916945,38916731,214
54849,39078204,39078060,144
54850,39078204,39078060,144
54851,39025860,39025860,0
54852,39108643,39108535,108
54853,39108643,39108535,108
54854,39104592,39098802,5790
54855,39126125,39125769,356
54856,39127595,39127560,35
54857,39212518,39212434,84
54858,39221171,39220072,1099
54859,39221171,39220072,1099
54860,39226069,39224382,1687
54861,39226317,39226115,202
54862,39235114,39234805,309
54863,39264157,39264132,25
54864,39282394,39282333,61
54865,39303740,39303526,214
54866,39303740,39303526,214
54867,39322497,39322412,85
54868,39322497,39322412,85
54869,39331016,39330936,80
54870,39331016,39330936,80
54871,39332389,39330936,1453
54872,39332968,39330936,2032
54873,39340617,39340606,11
54874,39342979,39336717,6262
54875,39330304,39329622,682
54876,39331016,39330936,80
54877,39334744,39332255,2489
54878,39368919,39362481,6438
54879,39368919,39367382,1537
54880,39384795,39384459,336
54881,39385050,39384219,831
54882,39390502,39390161,341
54883,39390502,39384459,6043
54884,39390502,39384459,6043
54885,39390502,39390161,341
54886,39399534,39399472,62
54887,39399534,39399472,62
54888,39399534,39398347,1187
54889,39399534,39398347,1187
54890,39402798,39402798,0
54891,39420773,39412050,8723
54892,39421536,39421376,160
54893,39421536,39421376,160
54894,39440495,39437173,3322
54895,39421536,39421376,160
54896,39423659,39423340,319
54897,39423659,39423340,319
54898,39423659,39423340,319
54899,39443327,39443222,105
54900,39466380,39440959,25421
54901,39523198,39522867,331
54902,39602128,39600758,1370
54903,39602128,39600708,1420
54904,39670046,39669219,827
54905,39670046,39669219,827
54906,39670046,39669219,827
54907,39670046,39669219,827
54908,39670046,39669219,827
54909,39670046,39669219,827
54910,39692522,39691396,1126
54911,39694906,39694894,12
54912,39735609,39735607,2
54913,39735646,39735607,39
54914,39739496,39739219,277
54915,39739496,39739219,277
54916,39760732,39760653,79
54917,39789312,39789156,156
54918,39805976,39805976,0
54919,39826726,39826616,110
54920,39826726,39826616,110
54921,39875488,39874370,1118
54922,39875537,39874167,1370
54923,39881835,39881504,331
54924,39881835,39881504,331
54925,39891203,39888339,2864
54926,39891203,39888397,2806
54927,39900052,39899339,713
54928,39916156,39916019,137
54929,39919055,39915934,3121
54930,39916156,39915934,222
54931,39919055,39915934,3121
54932,39926618,39926535,83
54933,39926618,39926535,83
54934,39926618,39926535,83
54935,39948589,39948559,30
54936,39967308,39967039,269
54937,39967308,39967039,269
54938,39967308,39967039,269
54939,39967308,39967039,269
54940,39967308,39967039,269
54941,39965865,39965385,480
54942,39964161,39964059,102
54943,39981058,39980460,598
54944,39981528,39980460,1068
54945,39981528,39980460,1068
54946,39996293,39996228,65
54947,39999121,39998897,224
54948,39999121,39998653,468
54949,40011326,40009788,1538
54950,40023494,40023442,52
54951,40030838,40030719,119
54952,40098114,40097979,135
54953,40151287,40151160,127
54954,40176058,40174279,1779
54955,40200088,40199953,135
54956,40200088,40199953,135
54957,40228669,40228592,77
54958,40276775,40276775,0
54959,40324841,40322507,2334
54960,40324841,40322507,2334
54961,40324841,40322507,2334
54962,40324841,40322507,2334
54963,40337054,40336940,114
54964,40331155,40331078,77
54965,40337054,40336940,114
54966,40337054,40336940,114
54967,40440533,40440525,8
54968,40487671,40487212,459
54969,40487671,40487212,459
54970,40523514,40521688,1826
54971,40523514,40521688,1826
54972,40562112,40542321,19791
54973,40562115,40556239,5876
54974,40596845,40595169,1676
54975,40596810,40590660,6150
54976,40596845,40590660,6185
54977,40596845,40590660,6185
54978,40721482,40721199,283
54979,40724306,40724288,18
54980,40732597,40732548,49
54981,40749209,40748569,640
54982,40771258,40771174,84
54983,40791302,40771174,20128
54984,40791302,40761165,30137
54985,40791302,40761165,30137
54986,40791302,40761165,30137
54987,40785237,40771174,14063
54988,40847797,40834446,13351
54989,40854316,40842243,12073
54990,40854316,40847764,6552
54991,40854434,40854421,13
54992,40873786,40873786,0
54993,40884390,40884080,310
54994,40884390,40884080,310
54995,40884390,40884080,310
54996,40873751,40872813,938
54997,40896094,40895809,285
54998,40910195,40903841,6354
54999,40919271,40913839,5432
55000,40919271,40913839,5432
55001,40931932,40929453,2479
55002,40948505,40947987,518
55003,40950282,40947987,2295
55004,40947987,40947987,0
55005,40971725,40971595,130
55006,41066658,41066403,255
55007,41082365,41081475,890
55008,41082365,41081475,890
55009,41082365,41081475,890
55010,41061208,41060736,472
55011,41066658,41066403,255
55012,41040763,41040274,489
55013,41082365,41081475,890
55014,41097305,41097113,192
55015,41097305,41097113,192
55016,41096328,41096327,1
55017,41097305,41097113,192
55018,41097305,41097113,192
55019,41097305,41097113,192
55020,41135725,41135455,270
55021,41135725,41135455,270
55022,41135725,41135455,270
55023,41135725,41135455,270
55024,41119734,41119452,282
55025,41133762,41133761,1
55026,41135725,41135455,270
55027,41135725,41135455,270
55028,41196027,41190447,5580
55029,41196556,41196388,168
55030,41196556,41196388,168
55031,41196556,41190447,6109
55032,41207364,41206280,1084
55033,41221011,41220537,474
55034,41222790,41220537,2253
55035,41222790,41220537,2253
55036,41246765,41245465,1300
55037,41255828,41255708,120
55038,41256408,41250588,5820
55039,41255512,41250566,4946
55040,41271297,41271072,225
55041,41283398,41283325,73
55042,41283398,41283325,73
55043,41302849,41292868,9981
55044,41314346,41313769,577
55045,41302849,41292868,9981
55046,41314346,41313769,577
55047,41314346,41313769,577
55048,41314346,41313769,577
55049,41316674,41316367,307
55050,41356352,41356331,21
55051,41356352,41354165,2187
55052,41388657,41388115,542
55053,41388657,41388115,542
55054,41534168,41533627,541
55055,41445422,41445277,145
55056,41447773,41447428,345
55057,41524301,41522732,1569
55058,41524301,41522732,1569
55059,41602100,41601846,254
55060,41629163,41629161,2
55061,41631722,41630680,1042
55062,41634281,41633987,294
55063,41713444,41712393,1051
55064,41749769,41749620,149
55065,41767671,41765809,1862
55066,41767671,41765809,1862
55067,41813811,41812470,1341
55068,41813811,41812470,1341
55069,41800591,41800591,0
55070,41813811,41812470,1341
55071,41813811,41812470,1341
55072,41813811,41812470,1341
55073,41813811,41812470,1341
55074,41813811,41812470,1341
55075,41813811,41812470,1341
55076,41813811,41812470,1341
55077,41813811,41812470,1341
55078,41813811,41812470,1341
55079,41830788,41828620,2168
55080,41859831,41858949,882
55081,41889987,41888865,1122
55082,41870078,41869424,654
55083,41889987,41889809,178
55084,41889987,41889809,178
55085,41889987,41889778,209
55086,41889987,41889802,185
55087,41889987,41889802,185
55088,41930910,41930513,397
55089,41889987,41889525,462
55090,41903256,41903233,23
55091,41928675,41928673,2
55092,41930910,41930513,397
55093,41930910,41930513,397
55094,41930910,41930513,397
55095,41934635,41932683,1952
55096,41932683,41932683,0
55097,41945481,41945414,67
55098,41945481,41945414,67
55099,41945843,41945804,39
55100,41945843,41945804,39
55101,41945843,41945804,39
55102,41945843,41945804,39
55103,41944319,41944298,21
55104,41945481,41945380,101
55105,41945481,41945414,67
55106,41950670,41950129,541
55107,42093197,42092224,973
55108,42093197,42092224,973
55109,42133442,42133331,111
55110,42133442,42133331,111
55111,42192096,42192094,2
55112,42192096,42192094,2
55113,42192096,42192094,2
55114,42219789,42219413,376
55115,42231272,42231236,36
55116,42234437,42231236,3201
55117,42276113,42270167,5946
55118,42315591,42315275,316
55119,42315591,42314934,657
55120,42348508,42343359,5149
55121,42348508,42343359,5149
55122,42356395,42354779,1616
55123,42356397,42355764,633
55124,42356397,42355764,633
55125,42375484,42375445,39
55126,42385439,42385047,392
55127,42385439,42385047,392
55128,42400870,42400868,2
55129,42411604,42410938,666
55130,42411604,42410938,666
55131,42411604,42410938,666
55132,42411604,42410938,666
55133,42411604,42411565,39
55134,42434296,42433106,1190
55135,42411604,42410938,666
55136,42463528,42463444,84
55137,42497619,42497583,36
55138,42498222,42492630,5592
55139,42498428,42498228,200
55140,42498428,42498228,200
55141,42498428,42498228,200
55142,42547053,42546892,161
55143,42569957,42569922,35
55144,42569957,42567492,2465
55145,42585720,42585449,271
55146,42585720,42585449,271
55147,42585449,42585449,0
55148,42636625,42636563,62
55149,42636625,42636563,62
55150,42636625,42636563,62
55151,42636625,42636563,62
55152,42721944,42706224,15720
55153,42721944,42719383,2561
55154,42721944,42706192,15752
55155,42721944,42721159,785
55156,42721944,42721159,785
55157,42724304,42721159,3145
55158,42732353,42730568,1785
55159,42730568,42730568,0
55160,42746045,42744331,1714
55161,42746736,42746617,119
55162,42754880,42753456,1424
55163,42759309,42759151,158
55164,42799949,42799343,606
55165,42806796,42806461,335
55166,42806929,42806461,468
55167,42806952,42806461,491
55168,42814965,42814444,521
55169,42814973,42814892,81
55170,42814973,42814892,81
55171,42829214,42828969,245
55172,42882921,42880927,1994
55173,42882921,42880927,1994
55174,42882921,42880927,1994
55175,42894444,42893189,1255
55176,42894444,42893677,767
55177,42931578,42931301,277
55178,42928275,42927688,587
55179,42947136,42946984,152
55180,43032661,43032526,135
55181,43032661,43032526,135
55182,43032661,43032526,135
55183,43032661,43032526,135
55184,43032661,43032526,135
55185,43032661,43032526,135
55186,43032661,43032526,135
55187,43032661,43032526,135
55188,43032661,43032526,135
55189,43032661,43032526,135
55190,43099082,43098980,102
55191,43244668,43244536,132
55192,43383871,43383733,138
55193,43263002,43262379,623
55194,43269831,43269733,98
55195,43269831,43269733,98
55196,43269831,43269733,98
55197,43383871,43383733,138
55198,43383871,43383733,138
55199,43383871,43383733,138
55200,43383871,43383733,138
55201,43383871,43383733,138
55202,43422076,43421944,132
55203,43702427,43702374,53
55204,43422076,43421944,132
55205,43441330,43433759,7571
55206,43441330,43441228,102
55207,43530631,43530524,107
55208,43530631,43530524,107
55209,43530631,43530524,107
55210,43586893,43586721,172
55211,43690688,43690557,131
55212,43690688,43690557,131
55213,43709926,43709688,238
55214,43709926,43709688,238
55215,43709926,43709688,238
55216,43773682,43773583,99
55217,43773682,43773583,99
55218,43773682,43773583,99
55219,43773682,43773583,99
55220,43773682,43773583,99
55221,43858677,43858585,92
55222,43867480,43866472,1008
55223,43922767,43922549,218
55224,43922767,43922549,218
55225,43969831,43969723,108
55226,43969831,43969723,108
55227,43999846,43999709,137
55228,44008985,44008270,715
55229,44008985,44008270,715
55230,44031396,44031329,67
55231,44031396,44031329,67
55232,44040284,44039839,445
55233,44040284,44039839,445
55234,44079730,44079610,120
55235,44079730,44079610,120
55236,44086256,44086153,103
55237,44083238,44083031,207
55238,44086256,44086153,103
55239,44088114,44085896,2218
55240,44099608,44099490,118
55241,44100287,44099490,797
55242,44104587,44103410,1177
55243,44104587,44103410,1177
55244,44118649,44118421,228
55245,44124014,44118456,5558
55246,44118650,44118421,229
55247,44143991,44143942,49
55248,44174498,44174272,226
55249,44174498,44174272,226
55250,44174498,44174272,226
55251,44224169,44224102,67
55252,44224102,44224102,0
55253,44259142,44254893,4249
55254,44259142,44254893,4249
55255,44259142,44254893,4249
55256,44285409,44285013,396
55257,44306613,44306532,81
55258,44324808,44303921,20887
55259,44353050,44352793,257
55260,44353050,44352793,257
55261,44342230,44341354,876
55262,44384288,44384195,93
55263,44384341,44384195,146
55264,44388116,44388116,0
55265,44426436,44426337,99
55266,44439411,44426337,13074
55267,44471752,44471508,244
55268,44471752,44471508,244
55269,44471752,44471508,244
55270,44502477,44501626,851
55271,44502477,44501626,851
55272,44502477,44501626,851
55273,44502477,44501626,851
55274,44502477,44501626,851
55275,44518072,44515616,2456
55276,44537262,44537183,79
55277,44537262,44537183,79
55278,44537262,44537183,79
55279,44572142,44571430,712
55280,44591623,44591413,210
55281,44612479,44612437,42
55282,44637255,44636888,367
55283,44637255,44636888,367
55284,44664462,44662272,2190
55285,44664462,44662272,2190
55286,44679582,44679186,396
55287,44679582,44679186,396
55288,44679582,44679186,396
55289,44681838,44681827,11
55290,44681838,44681827,11
55291,44681838,44681827,11
55292,44681838,44681827,11
55293,44681838,44681827,11
55294,44741421,44740983,438
55295,44741421,44740983,438
55296,44741421,44740983,438
55297,44741421,44740983,438
55298,44741421,44740983,438
55299,44741421,44740983,438
55300,44741421,44740983,438
55301,44809178,44807557,1621
55302,44779470,44778826,644
55303,44779470,44778826,644
55304,44779470,44778826,644
55305,44809178,44807557,1621
55306,44809178,44807557,1621
55307,44860856,44847420,13436
55308,44860856,44844691,16165
55309,44871375,44871257,118
55310,44905777,44901378,4399
55311,44901421,44901378,43
55312,44905777,44901378,4399
55313,44952665,44947031,5634
55314,44952665,44933917,18748
55315,44952766,44947031,5735
55316,45004572,44981668,22904
55317,45004572,45001386,3186
55318,45004574,45004292,282
55319,45004574,45004292,282
55320,45004574,45004284,290
55321,45033548,45033532,16
55322,45033548,45033532,16
55323,45033548,45033532,16
55324,45033548,45033532,16
55325,45140081,45138734,1347
55326,45138791,45138734,57
55327,45162362,45162197,165
55328,45169428,45165078,4350
55329,45169428,45165078,4350
55330,45169428,45165078,4350
55331,45169428,45165078,4350
55332,45187627,45186762,865
55333,45187627,45186762,865
55334,45213986,45213778,208
55335,45263301,45262872,429
55336,45303903,45303700,203
55337,45303903,45303700,203
55338,45324678,45324178,500
55339,45324678,45322987,1691
55340,45382198,45381877,321
55341,45392485,45391636,849
55342,45406937,45404611,2326
55343,45406946,45406426,520
55344,45406946,45406426,520
55345,45406946,45406426,520
55346,45412650,45412507,143
55347,45422606,45422487,119
55348,45422606,45422487,119
55349,45422606,45422487,119
55350,45491120,45490864,256
55351,45496604,45496155,449
55352,45496604,45496155,449
55353,45496604,45496155,449
55354,45496598,45496307,291
55355,45541456,45541048,408
55356,45541456,45541048,408
55357,45574214,45574103,111
55358,45574214,45574103,111
55359,45574214,45574103,111
55360,45579688,45579631,57
55361,45594782,45593768,1014
55362,45594782,45593768,1014
55363,45594782,45593768,1014
55364,45593768,45593768,0
55365,45650543,45649730,813
55366,45663408,45663408,0
55367,45657110,45657028,82
55368,45681501,45681476,25
55369,45681501,45681476,25
55370,45681501,45681476,25
55371,45681501,45681476,25
55372,45685058,45683163,1895
55373,45683163,45683163,0
55374,45737469,45735110,2359
55375,45783992,45783740,252
55376,45808541,45805696,2845
55377,45808541,45805968,2573
55378,45791810,45791111,699
55379,45826235,45822971,3264
55380,45850600,45850134,466
55381,45854778,45854615,163
55382,45854778,45854615,163
55383,45854778,45854615,163
55384,45862196,45860797,1399
55385,45865189,45865097,92
55386,45873845,45873798,47
55387,45873845,45873798,47
55388,45873845,45873423,422
55389,45873845,45873423,422
55390,45896425,45895689,736
55391,45908312,45901576,6736
55392,45909607,45901576,8031
55393,45909607,45901576,8031
55394,45914024,45912759,1265
55395,45914024,45912759,1265
55396,45927177,45926632,545
55397,45927177,45926632,545
55398,45982086,45926632,55454
55399,45926820,45926632,188
55400,45975327,45974294,1033
55401,45978436,45976107,2329
55402,45978436,45976107,2329
55403,45978436,45976107,2329
55404,45978437,45976270,2167
55405,45978437,45976270,2167
55406,45978437,45976270,2167
55407,45978437,45976270,2167
55408,45978437,45976270,2167
55409,46000313,46000083,230
55410,46000313,46000083,230
55411,46005764,46005343,421
55412,46005764,46005343,421
55413,46030240,46029435,805
55414,46030240,46029435,805
55415,46088122,46088022,100
55416,46088122,46088022,100
55417,46105466,46057152,48314
55418,46105466,46095124,10342
55419,46095124,46095124,0
55420,46142675,46142634,41
55421,46142675,46136378,6297
55422,46146985,46146846,139
55423,46148775,46148702,73
55424,46142675,46142634,41
55425,46142675,46142634,41
55426,46148775,46148702,73
55427,46146092,46145774,318
55428,46185413,46184969,444
55429,46185717,46185193,524
55430,46185717,46185193,524
55431,46195443,46191796,3647
55432,46195443,46195146,297
55433,46207248,46206307,941
55434,46207248,46206307,941
55435,46226777,46216753,10024
55436,46234151,46216753,17398
55437,46216753,46216753,0
55438,46262748,46262748,0
55439,46272497,46272102,395
55440,46274923,46274314,609
55441,46282828,46282765,63
55442,46283861,46283317,544
55443,46283861,46283317,544
55444,46285815,46285610,205
55445,46285815,46285610,205
55446,46285815,46285610,205
55447,46285815,46285629,186
55448,46285815,46285610,205
55449,46283861,46283317,544
55450,46290129,46289714,415
55451,46296060,46296014,46
55452,46290129,46289808,321
55453,46314189,46313956,233
55454,46318605,46318434,171
55455,46366548,46357753,8795
55456,46359060,46357753,1307
55457,46366548,46357753,8795
55458,46366548,46357753,8795
55459,46377055,46376316,739
55460,46389376,46389032,344
55461,46405862,46405031,831
55462,46418036,46417951,85
55463,46476657,46476609,48
55464,46521874,46521645,229
55465,46521874,46521645,229
55466,46526556,46526279,277
55467,46544274,46544220,54
55468,46627931,46627906,25
55469,46664561,46664345,216
55470,46664561,46664345,216
55471,46734500,46734087,413
55472,46815969,46815739,230
55473,46834770,46834599,171
55474,46846690,46842879,3811
55475,46838243,46838242,1
55476,46841797,46841563,234
55477,46846690,46842879,3811
55478,46846690,46842879,3811
55479,46841797,46841563,234
55480,46894232,46893603,629
55481,46894232,46893603,629
55482,46894232,46893603,629
55483,46891705,46890889,816
55484,46916919,46916067,852
55485,46974820,46974292,528
55486,46974820,46974292,528
55487,47104457,47104226,231
55488,46999169,46998722,447
55489,46999755,46998501,1254
55490,47114039,47112410,1629
55491,47114039,47112410,1629
55492,47114039,47112410,1629
55493,47128354,47127482,872
55494,47137939,47137939,0
55495,47164395,47164321,74
55496,47164395,47164321,74
55497,47193963,47193876,87
55498,47195242,47181791,13451
55499,47217577,47214203,3374
55500,47220384,47219627,757
55501,47220384,47219627,757
55502,47220384,47219627,757
55503,47220384,47219627,757
55504,47220384,47214203,6181
55505,47249720,47249687,33
55506,47249720,47249687,33
55507,47261832,47260195,1637
55508,47261832,47260195,1637
55509,47260195,47260195,0
55510,47288134,47287854,280
55511,47288162,47287854,308
55512,47290545,47285779,4766
55513,47291842,47291222,620
55514,47354203,47354023,180
55515,47354203,47354023,180
55516,47508333,47503945,4388
55517,47549017,47548909,108
55518,47549017,47548909,108
55519,47549017,47546130,2887
55520,47551882,47551872,10
55521,47617009,47615841,1168
55522,47615486,47570512,44974
55523,47713893,47712508,1385
55524,47713893,47706995,6898
55525,47713893,47712582,1311
55526,47713893,47712508,1385
55527,47713893,47712508,1385
55528,47734451,47731688,2763
55529,47736023,47735859,164
55530,47736023,47735859,164
55531,47736023,47735859,164
55532,47775210,47774935,275
55533,47778980,47778605,375
55534,47825327,47824087,1240
55535,47845272,47845070,202
55536,47845272,47845070,202
55537,47845272,47845070,202
55538,47845070,47845070,0
55539,47885961,47885370,591
55540,47876180,47876180,0
55541,47885961,47885370,591
55542,47915644,47912798,2846
55543,47918195,47918066,129
55544,47921049,47920983,66
55545,47921881,47918358,3523
55546,47922785,47922338,447
55547,47922785,47922338,447
55548,47922785,47922338,447
55549,47921155,47920957,198
55550,47969676,47969660,16
55551,47975307,47969660,5647
55552,47975307,47960794,14513
55553,47975307,47951217,24090
55554,47987521,47987417,104
55555,48018515,48018197,318
55556,48018515,48018197,318
55557,48018515,47998809,19706
55558,48018515,48018197,318
55559,48049237,48049227,10
55560,48049237,48049227,10
55561,48059113,48059113,0
55562,48059113,48059113,0
55563,48206534,48205672,862
55564,48206534,48205672,862
55565,48246391,48244689,1702
55566,48246391,48244689,1702
55567,48260435,48260262,173
55568,48287943,48284627,3316
55569,48306930,48306790,140
55570,48339651,48339622,29
55571,48346586,48343224,3362
55572,48389654,48389514,140
55573,48495427,48495338,89
55574,48528410,48525584,2826
55575,48547311,48547179,132
55576,48608708,48607906,802
55577,48614109,48609786,4323
55578,48614109,48609786,4323
55579,48614109,48613772,337
55580,48614109,48609786,4323
55581,48657304,48643393,13911
55582,48673560,48668823,4737
55583,48673560,48668823,4737
55584,48673560,48668823,4737
55585,48700877,48700530,347
55586,48753104,48737735,15369
55587,48735371,48735257,114
55588,48744320,48741646,2674
55589,48744320,48744277,43
55590,48752890,48737735,15155
55591,48752890,48737735,15155
55592,48752925,48737735,15190
55593,48752925,48737735,15190
55594,48753104,48733904,19200
55595,48753104,48735770,17334
55596,48753104,48744277,8827
55597,48753104,48744277,8827
55598,48753104,48744277,8827
55599,48759203,48744277,14926
55600,48753104,48744277,8827
55601,48759203,48744277,14926
55602,48790863,48790135,728
55603,48790863,48790135,728
55604,48790863,48790135,728
55605,48790863,48790135,728
55606,48807432,48807378,54
55607,48823332,48822028,1304
55608,48823648,48823625,23
55609,48806658,48804338,2320
55610,48806658,48806119,539
55611,48823844,48823625,219
55612,48825191,48823625,1566
55613,48833810,48833727,83
55614,48867186,48867177,9
55615,48867186,48867177,9
55616,48867186,48867177,9
55617,48867186,48867177,9
55618,48867186,48846642,20544
55619,48867186,48867177,9
55620,48867186,48867177,9
55621,48879634,48879575,59
55622,48894112,48893686,426
55623,48894810,48894615,195
55624,48948188,48947194,994
55625,48948188,48947194,994
55626,48960278,48956282,3996
55627,48969367,48968034,1333
55628,48969367,48968034,1333
55629,48976236,48975872,364
55630,48985571,48982467,3104
55631,49016446,49016446,0
55632,49102684,49102663,21
55633,49102684,49102663,21
55634,49116694,49116629,65
55635,49110971,49110610,361
55636,49122675,49120614,2061
55637,49122675,49122400,275
55638,49122675,49122400,275
55639,49122675,49122400,275
55640,49122675,49122400,275
55641,49133663,49133030,633
55642,49133663,49133030,633
55643,49133663,49133030,633
55644,49133663,49133030,633
55645,49133974,49133973,1
55646,49133663,49133030,633
55647,49133974,49133872,102
55648,49131908,49131538,370
55649,49140639,49140251,388
55650,49140639,49140251,388
55651,49140639,49140251,388
55652,49149451,49148889,562
55653,49185502,49184000,1502
55654,49185502,49184000,1502
55655,49185502,49184000,1502
55656,49185502,49184000,1502
55657,49176264,49174243,2021
55658,49176264,49174243,2021
55659,49209191,49207245,1946
55660,49209191,49207245,1946
55661,49207245,49207245,0
55662,49220214,49218634,1580
55663,49222976,49222288,688
55664,49228838,49228127,711
55665,49243970,49243539,431
55666,49250166,49249116,1050
55667,49258647,49254538,4109
55668,49254538,49254538,0
55669,49261582,49261477,105
55670,49261582,49261477,105
55671,49314178,49309953,4225
55672,49314320,49309953,4367
55673,49314320,49314264,56
55674,49314320,49314264,56
55675,49314320,49314264,56
55676,49314320,49314264,56
55677,49311049,49309953,1096
55678,49339934,49339668,266
55679,49339934,49339668,266
55680,49371884,49370877,1007
55681,49371884,49370877,1007
55682,49379319,49379230,89
55683,49401996,49401125,871
55684,49424602,49424601,1
55685,49426540,49425681,859
55686,49426540,49425681,859
55687,49448226,49448190,36
55688,49464519,49464354,165
55689,49464519,49464354,165
55690,49464519,49464354,165
55691,49465055,49464893,162
55692,49465055,49464893,162
55693,49465055,49464893,162
55694,49465055,49464893,162
55695,49470135,49469248,887
55696,49470136,49469992,144
55697,49496610,49496369,241
55698,49496610,49496369,241
55699,49496610,49496311,299
55700,49513597,49513428,169
55701,49519182,49519099,83
55702,49519182,49519099,83
55703,49520347,49520338,9
55704,49527632,49527228,404
55705,49536495,49536478,17
55706,49536495,49536478,17
55707,49540191,49539968,223
55708,49548568,49548551,17
55709,49552368,49551996,372
55710,49559852,49558632,1220
55711,49559852,49558632,1220
55712,49561008,49558632,2376
55713,49568333,49561526,6807
55714,49567119,49565254,1865
55715,49565254,49565254,0
55716,49576198,49575842,356
55717,49611863,49611680,183
55718,49611870,49611700,170
55719,49611870,49611680,190
55720,49621717,49621630,87
55721,49622397,49622279,118
55722,49654280,49653395,885
55723,49640497,49640172,325
55724,49654280,49653395,885
55725,49654280,49653395,885
55726,49654278,49653395,883
55727,49658681,49658494,187
55728,49715098,49714755,343
55729,49715098,49714755,343
55730,49715098,49714755,343
55731,49715098,49714755,343
55732,49715098,49714755,343
55733,49715098,49714755,343
55734,49715098,49714755,343
55735,49828474,49814604,13870
55736,49828474,49814604,13870
55737,49843559,49843492,67
55738,49843462,49842715,747
55739,49843462,49842715,747
55740,49843462,49842715,747
55741,49843861,49843585,276
55742,49843861,49843585,276
55743,49863695,49863332,363
55744,49864752,49863332,1420
55745,49865714,49858643,7071
55746,49865714,49863332,2382
55747,49865714,49863332,2382
55748,49865714,49863332,2382
55749,49865714,49863332,2382
55750,49878373,49878285,88
55751,49878373,49878285,88
55752,49878373,49878285,88
55753,49903062,49902821,241
55754,49921256,49920767,489
55755,49921256,49920767,489
55756,49926698,49926596,102
55757,49932075,49932075,0
55758,49937946,49936181,1765
55759,49944808,49944636,172
55760,49941571,49939919,1652
55761,49955115,49954831,284
55762,49955115,49954831,284
55763,49955115,49954831,284
55764,49974305,49973724,581
55765,49974305,49973724,581
55766,49974305,49973724,581
55767,49974305,49973724,581
55768,49989488,49983856,5632
55769,49989488,49983856,5632
55770,49989488,49983856,5632
55771,49989488,49983856,5632
55772,49989488,49983856,5632
55773,49990894,49983856,7038
55774,49995564,49995072,492
55775,49995564,49995072,492
55776,49995564,49995072,492
55777,50002969,50002892,77
55778,50029685,50029376,309
55779,50029685,50029376,309
55780,50028441,50028248,193
55781,50028441,50027784,657
55782,50028441,50028248,193
55783,50029685,50028788,897
55784,50046890,50046470,420
55785,50083829,50063948,19881
55786,50083829,50063948,19881
55787,50094265,50093646,619
55788,50094265,50093646,619
55789,50129696,50128864,832
55790,50143400,50143355,45
55791,50161906,50161656,250
55792,50169114,50168095,1019
55793,50169132,50168095,1037
55794,50169132,50167759,1373
55795,50169132,50168095,1037
55796,50169132,50168095,1037
55797,50169132,50165844,3288
55798,50169132,50165844,3288
55799,50169132,50168095,1037
55800,50169132,50165844,3288
55801,50169132,50165844,3288
55802,50169114,50168095,1019
55803,50168103,50168095,8
55804,50177173,50177005,168
55805,50177173,50176988,185
55806,50177173,50177034,139
55807,50177173,50176988,185
55808,50177173,50177005,168
55809,50177173,50177034,139
55810,50177173,50177034,139
55811,50177173,50177005,168
55812,50177173,50172365,4808
55813,50191707,50191502,205
55814,50191707,50191502,205
55815,50191707,50191502,205
55816,50191707,50191502,205
55817,50194247,50193750,497
55818,50215600,50213855,1745
55819,50216321,50216321,0
55820,50216988,50216862,126
55821,50216988,50216862,126
55822,50216988,50216862,126
55823,50216988,50216862,126
55824,50215600,50213855,1745
55825,50216988,50216862,126
55826,50266515,50266504,11
55827,50310369,50310015,354
55828,50310369,50310015,354
55829,50307797,50305838,1959
55830,50310369,50310015,354
55831,50316567,50316363,204
55832,50316567,50316363,204
55833,50316567,50316363,204
55834,50323207,50322557,650
55835,50340237,50340201,36
55836,50340237,50340201,36
55837,50342036,50342036,0
55838,50358901,50358370,531
55839,50363997,50363576,421
55840,50363999,50363536,463
55841,50370258,50367307,2951
55842,50370474,50369736,738
55843,50370474,50370461,13
55844,50370822,50370461,361
55845,50379506,50376552,2954
55846,50380644,50376552,4092
55847,50380644,50379912,732
55848,50380644,50376552,4092
55849,50381613,50376552,5061
55850,50392007,50391881,126
55851,50392007,50391881,126
55852,50392007,50391881,126
55853,50392007,50391881,126
55854,50400147,50399417,730
55855,50432796,50404974,27822
55856,50432988,50404900,28088
55857,50432988,50404974,28014
55858,50432988,50404974,28014
55859,50432796,50413064,19732
55860,50432799,50413064,19735
55861,50432988,50413064,19924
55862,50432988,50413064,19924
55863,50432988,50413064,19924
55864,50432988,50413064,19924
55865,50413064,50413064,0
55866,50432761,50413064,19697
55867,50437193,50436349,844
55868,50437193,50436349,844
55869,50464429,50464338,91
55870,50464429,50464338,91
55871,50476964,50476372,592
55872,50528636,50519419,9217
55873,50528805,50519419,9386
55874,50528805,50519419,9386
55875,50528636,50519419,9217
55876,50528636,50519419,9217
55877,50528636,50510831,17805
55878,50528805,50519419,9386
55879,50528636,50498479,30157
55880,50528636,50519419,9217
55881,50528636,50519419,9217
55882,50552031,50550316,1715
55883,50552031,50550316,1715
55884,50552031,50550316,1715
55885,50666538,50666451,87
55886,50813801,50813047,754
55887,50813801,50813047,754
55888,50813801,50813047,754
55889,50813801,50813047,754
55890,50813801,50813047,754
55891,50827339,50827117,222
55892,50832634,50832339,295
55893,50848005,50838323,9682
55894,50868931,50868878,53
55895,50886285,50885859,426
55896,50886285,50885859,426
55897,50921275,50921204,71
55898,50921275,50921204,71
55899,50921275,50921204,71
55900,50934309,50931593,2716
55901,50934309,50931593,2716
55902,50934309,50931342,2967
55903,50934309,50931593,2716
55904,50969583,50969462,121
55905,50980003,50979645,358
55906,50980003,50979645,358
55907,50986608,50985204,1404
55908,50986608,50985516,1092
55909,51014416,51013688,728
55910,51014416,51013688,728
55911,51014612,51013688,924
55912,51014612,51013688,924
55913,51014612,51013688,924
55914,51017142,51017080,62
55915,51017947,51017766,181
55916,51071302,51052095,19207
55917,51141302,51140668,634
55918,51143092,51140668,2424
55919,51143092,51140668,2424
55920,51162567,51162399,168
55921,51192661,51192652,9
55922,51220195,51220176,19
55923,51228981,51228724,257
55924,51274989,51274928,61
55925,51298481,51298415,66
55926,51307974,51301705,6269
55927,51307974,51301705,6269
55928,51301705,51301705,0
55929,51327043,51327004,39
55930,51334779,51334748,31
55931,51334779,51334748,31
55932,51334779,51334748,31
55933,51334779,51334748,31
55934,51364020,51362872,1148
55935,51364020,51363383,637
55936,51364020,51363383,637
55937,51364020,51363383,637
55938,51380675,51380309,366
55939,51380675,51380309,366
55940,51383823,51381815,2008
55941,51383823,51381815,2008
55942,51383823,51381664,2159
55943,51383823,51381815,2008
55944,51412670,51412584,86
55945,51413994,51413994,0
55946,51413994,51412024,1970
55947,51412651,51412024,627
55948,51412392,51412024,368
55949,51456344,51455913,431
55950,51456344,51455913,431
55951,51456344,51455913,431
55952,51471368,51471360,8
55953,51471452,51471387,65
55954,51472047,51471360,687
55955,51472047,51466681,5366
55956,51472047,51466710,5337
55957,51472929,51471360,1569
55958,51472929,51466681,6248
55959,51487071,51485655,1416
55960,51487320,51485655,1665
55961,51487320,51487175,145
55962,51487320,51485027,2293
55963,51504965,51504423,542
55964,51504965,51504423,542
55965,51504965,51504423,542
55966,51504965,51504423,542
55967,51506516,51504423,2093
55968,51512890,51512803,87
55969,51512890,51512873,17
55970,51522954,51522386,568
55971,51523282,51522386,896
55972,51523431,51522386,1045
55973,51529872,51528887,985
55974,51530885,51530773,112
55975,51531290,51528887,2403
55976,51531290,51528887,2403
55977,51529872,51528887,985
55978,51537997,51537877,120
55979,51538118,51537362,756
55980,51538118,51537362,756
55981,51538118,51537877,241
55982,51538148,51537877,271
55983,51538148,51537877,271
55984,51538148,51537877,271
55985,51568367,51568324,43
55986,51568367,51568324,43
55987,51568367,51568324,43
55988,51568367,51568324,43
55989,51587502,51586004,1498
55990,51587502,51586004,1498
55991,51611647,51607826,3821
55992,51633567,51633336,231
55993,51639520,51639455,65
55994,51656783,51656502,281
55995,51656783,51656502,281
55996,51656783,51656324,459
55997,51676780,51675840,940
55998,51676780,51675840,940
55999,51676780,51675796,984
56000,51742993,51739086,3907
56001,51743274,51742943,331
56002,51743274,51742943,331
56003,51772582,51771851,731
56004,51772582,51771851,731
56005,51834102,51832013,2089
56006,51845378,51845378,0
56007,51858096,51857892,204
56008,51869672,51869580,92
56009,51872257,51871831,426
56010,51875960,51875789,171
56011,51875960,51875789,171
56012,51891210,51890697,513
56013,51891210,51890697,513
56014,51893828,51893766,62
56015,51921057,51920835,222
56016,51921057,51920835,222
56017,51921057,51920835,222
56018,51921057,51920835,222
56019,51921057,51920835,222
56020,51921057,51920835,222
56021,51921057,51920835,222
56022,51921057,51919611,1446
56023,51920679,51920417,262
56024,51961708,51961641,67
56025,51961708,51961641,67
56026,51961708,51961641,67
56027,51986611,51986611,0
56028,52003647,52003627,20
56029,52005043,52004987,56
56030,52005043,52002959,2084
56031,52035110,52034902,208
56032,52035110,52034902,208
56033,52035110,52034902,208
56034,52035110,52034902,208
56035,52035110,52034902,208
56036,52035110,52034902,208
56037,52035110,52034869,241
56038,52035110,52034869,241
56039,52092991,52091720,1271
56040,52097633,52097574,59
56041,52133727,52133588,139
56042,52150132,52150012,120
56043,52220446,52217216,3230
56044,52223148,52223055,93
56045,52223194,52223181,13
56046,52227221,52227186,35
56047,52227221,52227186,35
56048,52255150,52250247,4903
56049,52255150,52250247,4903
56050,52250247,52250247,0
56051,52273779,52272967,812
56052,52273779,52272967,812
56053,52273779,52272967,812
56054,52272967,52272967,0
56055,52329334,52328063,1271
56056,52328063,52328063,0
56057,52391189,52383614,7575
56058,52391189,52383635,7554
56059,52391204,52383614,7590
56060,52391204,52383614,7590
56061,52391229,52383635,7594
56062,52408305,52403360,4945
56063,52449011,52448990,21
56064,52449011,52448990,21
56065,52490079,52477613,12466
56066,52496450,52496449,1
56067,52511483,52506964,4519
56068,52511483,52506964,4519
56069,52511483,52506964,4519
56070,52511483,52510548,935
56071,52511483,52498004,13479
56072,52511483,52511423,60
56073,52531680,52528998,2682
56074,52531680,52528998,2682
56075,52531680,52519959,11721
56076,52552073,52550121,1952
56077,52599018,52588054,10964
56078,52599018,52570786,28232
56079,52643191,52633765,9426
56080,52674744,52671325,3419
56081,52674896,52671325,3571
56082,52729678,52729234,444
56083,52729678,52729234,444
56084,52719916,52719916,0
56085,52729678,52729234,444
56086,52795976,52794451,1525
56087,52795976,52791338,4638
56088,52795977,52795439,538
56089,52829174,52826111,3063
56090,52829174,52826111,3063
56091,52829174,52826111,3063
56092,52829174,52826111,3063
56093,52870376,52870020,356
56094,52870376,52870020,356
56095,52870376,52870020,356
56096,52870376,52870020,356
56097,52877970,52877798,172
56098,52889046,52888567,479
56099,52893597,52893595,2
56100,52921657,52919992,1665
56101,52921657,52919992,1665
56102,52921657,52919992,1665
56103,52955568,52954750,818
56104,52942699,52942699,0
56105,52942699,52942699,0
56106,52955568,52954750,818
56107,52961407,52961407,0
56108,52961407,52961407,0
56109,53020131,53015407,4724
56110,52961407,52961407,0
56111,52961407,52961407,0
56112,53059303,53058881,422
56113,53090427,53086710,3717
56114,53090427,53086710,3717
56115,53090427,53086710,3717
56116,53120981,53117817,3164
56117,53141644,53117817,23827
56118,53141644,53117817,23827
56119,53141644,53117817,23827
56120,53141644,53117817,23827
56121,53141644,53117817,23827
56122,53141644,53117817,23827
56123,53141644,53117817,23827
56124,53141644,53117817,23827
56125,53141644,53117817,23827
56126,53193886,53117817,76069
56127,53193886,53117817,76069
56128,53193886,53117817,76069
56129,53193886,53117817,76069
56130,53193886,53117817,76069
56131,53193886,53117817,76069
56132,53193886,53117817,76069
56133,53117817,53117817,0
56134,53232084,53210097,21987
56135,53232084,53210097,21987
56136,53233135,53219147,13988
56137,53238307,53219147,19160
56138,53238307,53219147,19160
56139,53238307,53210100,28207
56140,53238307,53210097,28210
56141,53210100,53210100,0
56142,53290034,53271008,19026
56143,53271008,53271008,0
56144,53324922,53304935,19987
56145,53324922,53321211,3711
56146,53324922,53304935,19987
56147,53360902,53345387,15515
56148,53360902,53345387,15515
56149,53360902,53357525,3377
56150,53360902,53352373,8529
56151,53360902,53357525,3377
56152,53400946,53393508,7438
56153,53394599,53393508,1091
56154,53396863,53385216,11647
56155,53400813,53393508,7305
56156,53445847,53432647,13200
56157,53466164,53459342,6822
56158,53466164,53459342,6822
56159,53466164,53459342,6822
56160,53466164,53459342,6822
56161,53466164,53459342,6822
56162,53516424,53514051,2373
56163,53519833,53518777,1056
56164,53554380,53554112,268
56165,53554112,53554112,0
56166,53606687,53589529,17158
56167,53606687,53589529,17158
56168,53606687,53589529,17158
56169,53606687,53589529,17158
56170,53636171,53625929,10242
56171,53636171,53625671,10500
56172,53636171,53619053,17118
56173,53636171,53619639,16532
56174,53636173,53619639,16534
56175,53636173,53625929,10244
56176,53636173,53619053,17120
56177,53636173,53619639,16534
56178,53636173,53612607,23566
56179,53662313,53657000,5313
56180,53662322,53657000,5322
56181,53662322,53657000,5322
56182,53696619,53686151,10468
56183,53719355,53716649,2706
56184,53757941,53754803,3138
56185,53758111,53754803,3308
56186,53762855,53762816,39
56187,53770918,53770918,0
56188,53787602,53787600,2
56189,53794875,53793627,1248
56190,53858122,53856841,1281
56191,53858122,53856841,1281
56192,53889841,53885272,4569
56193,53915262,53912380,2882
56194,53915262,53912380,2882
56195,53961515,53960002,1513
56196,53961515,53960002,1513
56197,53961515,53960002,1513
56198,53997546,53995340,2206
56199,53997547,53994675,2872
56200,54083523,54081206,2317
56201,54083523,54081206,2317
56202,54083523,54081206,2317
56203,54083523,54081206,2317
56204,54083523,54081206,2317
56205,54083523,54081206,2317
56206,54083523,54081206,2317
56207,54083523,54081206,2317
56208,54083523,54081206,2317
56209,54083523,54081206,2317
56210,54106751,54106643,108
56211,54140263,54140242,21
56212,54311176,54308939,2237
56213,54327657,54327428,229
56214,54327657,54327428,229
56215,54327657,54327428,229
56216,54327657,54327428,229
56217,54379689,54377752,1937
56218,54379689,54377752,1937
56219,54379689,54377752,1937
56220,54379689,54377752,1937
56221,54379689,54377752,1937
56222,54377752,54377752,0
56223,54397353,54396696,657
56224,54401882,54401345,537
56225,54410441,54410290,151
56226,54410901,54410149,752
56227,54410901,54410149,752
56228,54444915,54444896,19
56229,54446969,54445547,1422
56230,54493469,54486103,7366
56231,54515920,54515443,477
56232,54515920,54515443,477
56233,54515920,54515443,477
56234,54567207,54567031,176
56235,54567207,54567031,176
56236,54584634,54584609,25
56237,54604242,54604083,159
56238,54604242,54604083,159
56239,54604242,54604083,159
56240,54604242,54604083,159
56241,54604242,54604158,84
56242,54605994,54604158,1836
56243,54610281,54610209,72
56244,54619055,54618649,406
56245,54619055,54618649,406
56246,54635150,54634863,287
56247,54635150,54634784,366
56248,54635150,54634753,397
56249,54657577,54657488,89
56250,54659419,54657488,1931
56251,54659446,54659145,301
56252,54659446,54659145,301
56253,54663446,54663433,13
56254,54668450,54668369,81
56255,54676944,54676812,132
56256,54676944,54676812,132
56257,54691169,54682564,8605
56258,54692228,54692222,6
56259,54693480,54692362,1118
56260,54693733,54692362,1371
56261,54693733,54692184,1549
56262,54693733,54692184,1549
56263,54693733,54692362,1371
56264,54698394,54697217,1177
56265,54697585,54697526,59
56266,54698394,54697217,1177
56267,54698394,54697217,1177
56268,54711515,54711443,72
56269,54711515,54711285,230
56270,54711515,54711443,72
56271,54711515,54710394,1121
56272,54726959,54726848,111
56273,54726959,54726848,111
56274,54746724,54746600,124
56275,54746724,54746600,124
56276,54746724,54746600,124
56277,54746724,54746600,124
56278,54746724,54746600,124
56279,54746724,54746600,124
56280,54746724,54746600,124
56281,54746724,54746600,124
56282,54746724,54746600,124
56283,54746724,54746600,124
56284,54746724,54746600,124
56285,54746724,54746600,124
56286,54745754,54745692,62
56287,54804265,54804173,92
56288,54761167,54761056,111
56289,54761167,54761056,111
56290,54761167,54761056,111
56291,54761167,54761056,111
56292,54761108,54760676,432
56293,54784399,54784351,48
56294,54785033,54784351,682
56295,54785033,54784351,682
56296,54785033,54783652,1381
56297,54804265,54804173,92
56298,54804265,54804173,92
56299,54824409,54824289,120
56300,54824409,54824289,120
56301,54824409,54824289,120
56302,54824409,54824289,120
56303,54824409,54824289,120
56304,54824409,54824289,120
56305,54850386,54849823,563
56306,54850421,54850364,57
56307,54876721,54876411,310
56308,54876721,54876411,310
56309,54876721,54876411,310
56310,54876721,54876411,310
56311,54882165,54881884,281
56312,54882165,54881884,281
56313,54947351,54947010,341
56314,54947899,54947309,590
56315,54947899,54947309,590
56316,54947899,54947546,353
56317,54944890,54942471,2419
56318,54973196,54972108,1088
56319,54972580,54970085,2495
56320,54974894,54974775,119
56321,54984422,54976731,7691
56322,55021900,55021779,121
56323,55021900,55021779,121
56324,55021900,55021783,117
56325,55055195,55054791,404
56326,55099027,55089149,9878
56327,55099027,55098813,214
56328,55099027,55098813,214
56329,55098574,55098535,39
56330,55098574,55098535,39
56331,55099027,55098813,214
56332,55107956,55107955,1
56333,55113687,55112282,1405
56334,55111185,55110759,426
56335,55148103,55147333,770
56336,55149004,55148329,675
56337,55149004,55148329,675
56338,55149004,55148329,675
56339,55149004,55148329,675
56340,55149004,55148329,675
56341,55175496,55175495,1
56342,55179846,55179470,376
56343,55179846,55179470,376
56344,55177073,55176575,498
56345,55179846,55179470,376
56346,55179846,55179470,376
56347,55248003,55247563,440
56348,55264504,55263971,533
56349,55295778,55295265,513
56350,55295778,55295265,513
56351,55286910,55286909,1
56352,55351154,55351154,0
56353,55295778,55295265,513
56354,55295778,55295265,513
56355,55325972,55325566,406
56356,55342233,55341730,503
56357,55325972,55325156,816
56358,55325972,55325566,406
56359,55325972,55325566,406
56360,55325972,55325304,668
56361,55325972,55325566,406
56362,55325972,55325566,406
56363,55325972,55325156,816
56364,55342233,55341730,503
56365,55342233,55341730,503
56366,55342233,55341730,503
56367,55378670,55378186,484
56368,55358743,55358665,78
56369,55360023,55359398,625
56370,55367367,55367366,1
56371,55378670,55378186,484
56372,55378670,55378186,484
56373,55400439,55399732,707
56374,55401838,55401229,609
56375,55401838,55401229,609
56376,55401838,55401229,609
56377,55401838,55401229,609
56378,55401838,55401229,609
56379,55401838,55401229,609
56380,55401838,55401229,609
56381,55401838,55401229,609
56382,55401838,55401229,609
56383,55401838,55401105,733
56384,55401838,55401229,609
56385,55424439,55424239,200
56386,55424439,55424239,200
56387,55424439,55424239,200
56388,55424439,55424239,200
56389,55424439,55424239,200
56390,55424439,55424239,200
56391,55458873,55453079,5794
56392,55458873,55453079,5794
56393,55458873,55453079,5794
56394,55458873,55453079,5794
56395,55477611,55459018,18593
56396,55512510,55512266,244
56397,55512510,55512266,244
56398,55512510,55512266,244
56399,55512510,55512266,244
56400,55512510,55512266,244
56401,55512510,55512266,244
56402,55549632,55549604,28
56403,55549632,55549604,28
56404,55549632,55549604,28
56405,55574585,55574400,185
56406,55580914,55568147,12767
56407,55597560,55597560,0
56408,55596010,55595150,860
56409,55599291,55598982,309
56410,55599291,55598982,309
56411,55599291,55598982,309
56412,55599291,55598982,309
56413,55599291,55598982,309
56414,55624986,55624858,128
56415,55628968,55628911,57
56416,55628968,55628911,57
56417,55660606,55658525,2081
56418,55660606,55658525,2081
56419,55660606,55658525,2081
56420,55660606,55658525,2081
56421,55660606,55658525,2081
56422,55668957,55668957,0
56423,55673435,55673118,317
56424,55678090,55677215,875
56425,55678090,55677781,309
56426,55678090,55678016,74
56427,55678090,55678016,74
56428,55691469,55690409,1060
56429,55691469,55690573,896
56430,55691720,55690409,1311
56431,55691720,55690409,1311
56432,55720874,55720801,73
56433,55720874,55720801,73
56434,55704597,55703438,1159
56435,55720874,55720801,73
56436,55740141,55739853,288
56437,55740632,55740109,523
56438,55758740,55758657,83
56439,55770038,55758471,11567
56440,55791224,55791114,110
56441,55791751,55790976,775
56442,55791751,55790976,775
56443,55823903,55823436,467
56444,55814289,55814239,50
56445,55823903,55823436,467
56446,55823903,55823436,467
56447,55823903,55823436,467
56448,55836708,55832404,4304
56449,55836708,55832404,4304
56450,55845416,55832404,13012
56451,55854541,55854223,318
56452,55859489,55858817,672
56453,55854541,55854223,318
56454,55859489,55858817,672
56455,55866463,55865889,574
56456,55866463,55865889,574
56457,55874620,55874434,186
56458,55874620,55874046,574
56459,55881831,55881678,153
56460,55881831,55879880,1951
56461,55889612,55889571,41
56462,55895627,55895627,0
56463,55898408,55898120,288
56464,55899087,55898657,430
56465,55903451,55903107,344
56466,55903451,55899700,3751
56467,55903451,55899584,3867
56468,55919325,55918957,368
56469,55954230,55954230,0
56470,55973049,55967853,5196
56471,55973049,55967853,5196
56472,55973049,55967853,5196
56473,55995854,55995740,114
56474,55998935,55998323,612
56475,56015691,56015553,138
56476,56030466,56030365,101
56477,56048435,56047661,774
56478,56056909,56056909,0
56479,56092211,56091005,1206
56480,56091005,56091005,0
56481,56110893,56109231,1662
56482,56113336,56109231,4105
56483,56114504,56114273,231
56484,56114273,56114273,0
56485,56129907,56128164,1743
56486,56135941,56135927,14
56487,56156989,56156531,458
56488,56154836,56154393,443
56489,56154836,56154393,443
56490,56154836,56154393,443
56491,56156989,56156531,458
56492,56156531,56156531,0
56493,56164526,56164112,414
56494,56164526,56164112,414
56495,56164526,56164112,414
56496,56164526,56164112,414
56497,56186082,56185434,648
56498,56186082,56185434,648
56499,56207133,56206722,411
56500,56207133,56206722,411
56501,56207133,56206722,411
56502,56207133,56206722,411
56503,56249768,56249740,28
56504,56274541,56274541,0
56505,56284545,56284545,0
56506,56321704,56321678,26
56507,56343460,56321678,21782
56508,56348128,56329540,18588
56509,56393220,56392953,267
56510,56393220,56392953,267
56511,56393220,56392953,267
56512,56443702,56443677,25
56513,56499995,56499279,716
56514,56499995,56499279,716
56515,56573174,56572894,280
56516,56573174,56572894,280
56517,56632649,56614586,18063
56518,56632649,56614586,18063
56519,56672262,56671570,692
56520,56672262,56671570,692
56521,56697144,56696639,505
56522,56697144,56693603,3541
56523,56704421,56704421,0
56524,56739659,56736415,3244
56525,56826294,56824684,1610
56526,56879752,56736415,143337
56527,56739659,56736415,3244
56528,56891196,56888549,2647
56529,56891196,56888549,2647
56530,56891196,56888549,2647
56531,56891196,56888549,2647
56532,56891196,56888549,2647
56533,56904889,56903121,1768
56534,56904894,56904601,293
56535,56936400,56935737,663
56536,56936400,56935737,663
56537,56936400,56935737,663
56538,56984437,56953709,30728
56539,56988770,56973739,15031
56540,56988770,56973739,15031
56541,56988770,56961007,27763
56542,57040269,57037317,2952
56543,57064504,57062126,2378
56544,57068170,57066761,1409
56545,57094262,57089951,4311
56546,57135544,57134125,1419
56547,57134125,57134125,0
56548,57168614,57166581,2033
56549,57183123,57176566,6557
56550,57176566,57176566,0
56551,57347472,57293354,54118
56552,57347472,57293354,54118
56553,57352094,57335645,16449
56554,57352097,57335645,16452
56555,57352097,57335645,16452
56556,57352097,57335645,16452
56557,57336109,57336023,86
56558,57336374,57336023,351
56559,57352094,57336023,16071
56560,57352094,57335645,16449
56561,57352094,57335645,16449
56562,57352094,57336023,16071
56563,57643293,57642812,481
56564,57642812,57642812,0
56565,57656570,57654011,2559
56566,57678856,57678811,45
56567,57734214,57724349,9865
56568,57746916,57746785,131
56569,57746916,57746785,131
56570,57746916,57746785,131
56571,57746916,57746785,131
56572,57774106,57766071,8035
56573,57774106,57766071,8035
56574,57766071,57766071,0
56575,57805436,57803598,1838
56576,57805436,57803598,1838
56577,57842144,57840633,1511
56578,57871265,57869217,2048
56579,57871265,57869217,2048
56580,57871265,57869217,2048
56581,57890925,57889553,1372
56582,57913919,57911257,2662
56583,57913919,57911257,2662
56584,57933307,57932849,458
56585,57933307,57932849,458
56586,57933307,57932849,458
56587,57957191,57956853,338
56588,57968107,57967854,253
56589,57988938,57988677,261
56590,57988938,57988677,261
56591,57988938,57985775,3163
56592,57988938,57988677,261
56593,57988938,57985775,3163
56594,58006048,58005458,590
56595,58006048,58005458,590
56596,58006048,58005458,590
56597,58006048,58005458,590
56598,58006048,58005458,590
56599,58006048,58005458,590
56600,58006048,58005458,590
56601,58019510,58018792,718
56602,58019510,58018792,718
56603,58029772,58024436,5336
56604,58052244,58050295,1949
56605,58052244,58050295,1949
56606,58071231,58071050,181
56607,58071231,58071050,181
56608,58071231,58071050,181
56609,58071231,58071050,181
56610,58067725,58067725,0
56611,58090243,58090072,171
56612,58103758,58102643,1115
56613,58103758,58102643,1115
56614,58103758,58102643,1115
56615,58103758,58102643,1115
56616,58119637,58118693,944
56617,58133636,58132771,865
56618,58133636,58132771,865
56619,58154147,58153549,598
56620,58154147,58153549,598
56621,58154147,58153549,598
56622,58154147,58153549,598
56623,58154147,58153549,598
56624,58154147,58153549,598
56625,58154147,58153549,598
56626,58154147,58153549,598
56627,58154147,58153549,598
56628,58154147,58153549,598
56629,58190520,58190273,247
56630,58201169,58199656,1513
56631,58201169,58199656,1513
56632,58201169,58199656,1513
56633,58269527,58266055,3472
56634,58220579,58220339,240
56635,58238995,58238896,99
56636,58238995,58234615,4380
56637,58238995,58233777,5218
56638,58269527,58266055,3472
56639,58372632,58371508,1124
56640,58291984,58291164,820
56641,58291984,58291164,820
56642,58291984,58290715,1269
56643,58326281,58326111,170
56644,58326281,58325921,360
56645,58353487,58353485,2
56646,58372632,58371508,1124
56647,58372632,58371508,1124
56648,58372632,58371508,1124
56649,58357606,58355710,1896
56650,58376491,58371508,4983
56651,58376491,58371508,4983
56652,58400442,58400170,272
56653,58427978,58427779,199
56654,58427978,58423461,4517
56655,58427978,58427779,199
56656,58446740,58445190,1550
56657,58446740,58439293,7447
56658,58459077,58458842,235
56659,58459077,58453716,5361
56660,58485902,58485800,102
56661,58514714,58512687,2027
56662,58514714,58499996,14718
56663,58518574,58517367,1207
56664,58549812,58549741,71
56665,58549812,58549741,71
56666,58565999,58565419,580
56667,58575304,58574989,315
56668,58580775,58579829,946
56669,58580775,58579829,946
56670,58581110,58579829,1281
56671,58581110,58579829,1281
56672,58581110,58579829,1281
56673,58581110,58578523,2587
56674,58581110,58579829,1281
56675,58601753,58601634,119
56676,58609730,58600202,9528
56677,58609730,58601634,8096
56678,58609730,58601634,8096
56679,58629793,58629763,30
56680,58601965,58601634,331
56681,58609730,58601634,8096
56682,58662148,58640870,21278
56683,58640870,58640870,0
56684,58724927,58724509,418
56685,58724927,58724509,418
56686,58724927,58724509,418
56687,58724927,58724509,418
56688,58775008,58774120,888
56689,58775008,58774120,888
56690,58775008,58774120,888
56691,58775008,58774120,888
56692,58775008,58774120,888
56693,58807254,58806902,352
56694,58853712,58850692,3020
56695,58853712,58850234,3478
56696,58864865,58864803,62
56697,58874214,58869001,5213
56698,58874214,58869001,5213
56699,58869001,58869001,0
56700,58869514,58869019,495
56701,58870969,58870969,0
56702,58892389,58880699,11690
56703,58892389,58880699,11690
56704,58880699,58880699,0
56705,58906171,58906117,54
56706,58908446,58908446,0
56707,58929692,58929151,541
56708,58929692,58927284,2408
56709,58929692,58928225,1467
56710,58951589,58951188,401
56711,58969179,58967946,1233
56712,58969199,58967946,1253
56713,58969199,58967946,1253
56714,58984945,58983521,1424
56715,58992597,58992093,504
56716,58992597,58991836,761
56717,58992597,58991549,1048
56718,59023432,59023322,110
56719,59030921,59029040,1881
56720,59031188,59029040,2148
56721,59062082,59061920,162
56722,59062082,59061920,162
56723,59062082,59061920,162
56724,59066005,59065579,426
56725,59066355,59065579,776
56726,59066486,59065579,907
56727,59070343,59069748,595
56728,59086164,59084404,1760
56729,59084942,59082756,2186
56730,59084942,59082756,2186
56731,59084942,59082756,2186
56732,59084142,59083999,143
56733,59095762,59093976,1786
56734,77296,77058,238
56735,126392,126333,59
56736,139804,139665,139
56737,170264,170264,0
56738,210527,210412,115
56739,241736,239947,1789
56740,271079,270981,98
56741,271419,271244,175
56742,271419,271251,168
56743,271419,270227,1192
56744,271419,271232,187
56745,280963,279442,1521
56746,310872,307516,3356
56747,335512,334279,1233
56748,378203,377334,869
56749,378203,377334,869
56750,400504,400429,75
56751,411610,411074,536
56752,411610,411074,536
56753,411610,411074,536
56754,443187,443049,138
56755,443187,422326,20861
56756,524482,489195,35287
56757,524482,489195,35287
56758,524482,478382,46100
56759,590910,590881,29
56760,634014,633829,185
56761,656823,656245,578
56762,656823,656245,578
56763,749228,746418,2810
56764,749228,746418,2810
56765,826922,826335,587
56766,826922,826335,587
56767,826922,826335,587
56768,896960,896857,103
56769,896960,896839,121
56770,982907,982807,100
56771,982907,982807,100
56772,1147970,1146898,1072
56773,1147970,1146898,1072
56774,1148426,1145724,2702
56775,1148426,1145724,2702
56776,1148426,1145724,2702
56777,1165017,1164445,572
56778,1165117,1164445,672
56779,1188918,1187746,1172
56780,1235145,1235101,44
56781,1289971,1286698,3273
56782,1289971,1286698,3273
56783,1294317,1294112,205
56784,1306513,1301060,5453
56785,1309879,1301060,8819
56786,1309879,1301060,8819
56787,1373816,1301060,72756
56788,1373816,1301060,72756
56789,1373816,1373642,174
56790,1373816,1373642,174
56791,1373816,1373642,174
56792,1373816,1373642,174
56793,1373816,1373642,174
56794,1448337,1447469,868
56795,1448337,1438875,9462
56796,1448337,1447469,868
56797,1448337,1447469,868
56798,1472233,1472005,228
56799,1472233,1472005,228
56800,1472233,1460381,11852
56801,1538343,1538299,44
56802,1600689,1600590,99
56803,1600689,1600590,99
56804,1600689,1600590,99
56805,1638425,1638360,65
56806,1638425,1638360,65
56807,1638425,1638360,65
56808,1920540,1918214,2326
56809,1920540,1918214,2326
56810,1920540,1918214,2326
56811,1920540,1918214,2326
56812,1920540,1918214,2326
56813,1973452,1963730,9722
56814,1974394,1963730,10664
56815,1974931,1963730,11201
56816,1974931,1963730,11201
56817,1974931,1963730,11201
56818,2129198,2098024,31174
56819,2129198,2124542,4656
56820,2321725,2321227,498
56821,2413399,2413289,110
56822,2413399,2413180,219
56823,2451499,2451336,163
56824,2451499,2451336,163
56825,2451499,2446383,5116
56826,2451499,2451336,163
56827,2451499,2451336,163
56828,2473565,2473378,187
56829,2489778,2474541,15237
56830,2505165,2474541,30624
56831,2594666,2594094,572
56832,2594666,2594094,572
56833,2622430,2621997,433
56834,2622430,2621997,433
56835,2639039,2638940,99
56836,2639039,2638940,99
56837,2644865,2644834,31
56838,2644865,2644834,31
56839,2644865,2641311,3554
56840,2644865,2644834,31
56841,2644865,2644834,31
56842,2740754,2739625,1129
56843,2781292,2781218,74
56844,2781292,2781218,74
56845,2796476,2796421,55
56846,2796476,2796421,55
56847,2797659,2797659,0
56848,2797804,2797694,110
56849,2797804,2797659,145
56850,2821348,2820558,790
56851,2821348,2819376,1972
56852,2821889,2820558,1331
56853,2847378,2847220,158
56854,2847378,2847220,158
56855,2847378,2847220,158
56856,2968751,2967499,1252
56857,2985792,2985791,1
56858,3019315,3018779,536
56859,3019315,3018779,536
56860,3019315,3018779,536
56861,3019315,3018779,536
56862,3019315,3018779,536
56863,3019315,3018779,536
56864,3019315,3018779,536
56865,3026391,3026382,9
56866,3026391,3026382,9
56867,3026391,3026382,9
56868,3026391,3026382,9
56869,3028896,3028515,381
56870,3053162,3053064,98
56871,3065370,3065320,50
56872,3129716,3129716,0
56873,3140556,3104011,36545
56874,3140556,3104011,36545
56875,3140556,3104011,36545
56876,3140556,3129716,10840
56877,3149207,3147809,1398
56878,3154192,3147809,6383
56879,3185295,3185273,22
56880,3185295,3185273,22
56881,3204516,3204108,408
56882,3204516,3204108,408
56883,3204516,3204108,408
56884,3218373,3218325,48
56885,3218835,3218710,125
56886,3219887,3219783,104
56887,3321608,3321348,260
56888,3355773,3321153,34620
56889,3388309,3388204,105
56890,3596550,3596492,58
56891,3596550,3596492,58
56892,3631769,3627494,4275
56893,3644046,3644046,0
56894,3644046,3644046,0
56895,3644046,3644046,0
56896,3650540,3650406,134
56897,3654394,3652943,1451
56898,3662738,3662651,87
56899,3662738,3652943,9795
56900,3662738,3662651,87
56901,3662738,3662651,87
56902,3662738,3662651,87
56903,3662738,3662651,87
56904,3662738,3662651,87
56905,3662738,3662651,87
56906,3662738,3662651,87
56907,3662738,3662651,87
56908,3673778,3672796,982
56909,3687353,3687135,218
56910,3687775,3687775,0
56911,3687775,3687775,0
56912,3733758,3732813,945
56913,3733758,3732813,945
56914,3733758,3732813,945
56915,3733758,3732813,945
56916,3748452,3740747,7705
56917,3748452,3740747,7705
56918,3748452,3740747,7705
56919,3748452,3740747,7705
56920,3749035,3740747,8288
56921,3762102,3761934,168
56922,3767337,3767130,207
56923,3786761,3785608,1153
56924,3786761,3785608,1153
56925,3786761,3785608,1153
56926,3786761,3785608,1153
56927,3786761,3785608,1153
56928,3786761,3785608,1153
56929,3786761,3785608,1153
56930,3786761,3785608,1153
56931,3786761,3785608,1153
56932,3786761,3785608,1153
56933,3805580,3804944,636
56934,3805954,3804944,1010
56935,3805954,3804944,1010
56936,3805954,3804944,1010
56937,3838615,3838581,34
56938,3856770,3846794,9976
56939,3856770,3846794,9976
56940,3856770,3846794,9976
56941,3904502,3903941,561
56942,3904502,3903941,561
56943,3904502,3903941,561
56944,3904502,3903941,561
56945,3996054,3944664,51390
56946,3996216,3955034,41182
56947,3996216,3944664,51552
56948,4168394,4168054,340
56949,4168394,4168054,340
56950,4168394,4168054,340
56951,4168394,4168054,340
56952,4168394,4168054,340
56953,4168394,4168054,340
56954,4168394,4168054,340
56955,4229659,4229604,55
56956,4680628,4680628,0
56957,4681289,4680791,498
56958,4682233,4680628,1605
56959,4682234,4680628,1606
56960,4682234,4680628,1606
56961,4682234,4680628,1606
56962,4682234,4680177,2057
56963,4682234,4680628,1606
56964,4705728,4705728,0
56965,4709106,4705728,3378
56966,4795769,4781676,14093
56967,4804291,4781676,22615
56968,4982145,4913208,68937
56969,4982145,4913205,68940
56970,4990939,4913208,77731
56971,4990939,4913205,77734
56972,5093733,5090076,3657
56973,5093733,5093674,59
56974,5093733,5090076,3657
56975,5093733,5090076,3657
56976,5093733,5090076,3657
56977,5100647,5100444,203
56978,5107268,5100444,6824
56979,5107268,5100444,6824
56980,5168525,5167509,1016
56981,5178533,5170880,7653
56982,5178533,5170880,7653
56983,5178533,5170880,7653
56984,5178533,5170880,7653
56985,5295023,5295015,8
56986,5295059,5295015,44
56987,5297378,5295015,2363
56988,5298369,5297084,1285
56989,5457780,5454585,3195
56990,5485242,5482500,2742
56991,5566683,5559187,7496
56992,5591672,5585058,6614
56993,5844559,5844109,450
56994,5906005,5905695,310
56995,5906005,5905695,310
56996,5931173,5931051,122
56997,5931173,5924625,6548
56998,5931173,5924625,6548
56999,5975831,5975037,794
57000,5975831,5975037,794
57001,5975831,5975037,794
57002,5975831,5975037,794
57003,5975831,5975037,794
57004,5975831,5975037,794
57005,6020697,6017804,2893
57006,6020697,6017804,2893
57007,6034726,6033445,1281
57008,6034726,6033445,1281
57009,6074819,6068453,6366
57010,6088281,6088256,25
57011,6104191,6100201,3990
57012,6104191,6088256,15935
57013,6104191,6100201,3990
57014,6760910,6759736,1174
57015,7921093,7921069,24
57016,7921093,7921069,24
57017,8000393,8000260,133
57018,8630636,8630120,516
57019,8632165,8632164,1
57020,8769172,8769170,2
57021,8769172,8769170,2
57022,8769172,8769170,2
57023,8865547,8782801,82746
57024,8865547,8862496,3051
57025,9438136,9438136,0
57026,9461462,9459636,1826
57027,9461462,9459636,1826
57028,9461462,9459656,1806
57029,9461462,9459636,1826
57030,9511171,9510467,704
57031,9511171,9510467,704
57032,9819687,9624976,194711
57033,9819687,9624976,194711
57034,9819687,9624976,194711
57035,9819687,9624976,194711
57036,10037407,10036308,1099
57037,10037407,10036308,1099
57038,10037407,10036308,1099
57039,10288066,10286845,1221
57040,10288066,10286845,1221
57041,10288066,10286845,1221
57042,10288066,10286845,1221
57043,10412573,10394162,18411
57044,10414887,10394162,20725
57045,10604027,10604027,0
57046,10632062,10630191,1871
57047,10654694,10654178,516
57048,11254031,11249494,4537
57049,11907243,11904314,2929
57050,11907243,11904314,2929
57051,11907243,11904314,2929
57052,11907243,11904314,2929
57053,11907243,11904314,2929
57054,11907243,11904314,2929
57055,13030816,13030003,813
57056,13147411,13145514,1897
57057,13281297,13280106,1191
57058,13619583,13610725,8858
57059,13619583,13610725,8858
57060,13765532,13763786,1746
57061,13765579,13763786,1793
57062,13799067,13797856,1211
57063,13799067,13797856,1211
57064,13971265,13894559,76706
57065,13971265,13971180,85
57066,14308152,14308152,0
57067,14318313,14308152,10161
57068,14318313,14308152,10161
57069,15903959,15874657,29302
57070,16030707,16030521,186
57071,16033841,16030521,3320
57072,16033841,16030521,3320
57073,16033841,16030521,3320
57074,16033841,16030521,3320
57075,16360808,16360792,16
57076,16360808,16360792,16
57077,16554079,16553920,159
57078,16554079,16553920,159
57079,16554079,16553920,159
57080,16554079,16553920,159
57081,16722417,16721650,767
57082,16722417,16721650,767
57083,16732809,16731763,1046
57084,17465222,17462715,2507
57085,17465222,17462715,2507
57086,17465222,17462715,2507
57087,17512013,17511974,39
57088,17539605,17539334,271
57089,17539605,17505513,34092
57090,17549865,17505513,44352
57091,17588652,17587791,861
57092,17588652,17587791,861
57093,17588652,17587791,861
57094,17600462,17597463,2999
57095,17603975,17602550,1425
57096,17617374,17614172,3202
57097,17639743,17623707,16036
57098,17641152,17641152,0
57099,17662928,17641152,21776
57100,17662928,17641152,21776
57101,17662928,17623707,39221
57102,17662928,17641152,21776
57103,17662928,17641152,21776
57104,17716517,17716456,61
57105,17716517,17716456,61
57106,17716517,17716456,61
57107,17949154,17949068,86
57108,17949154,17949068,86
57109,17949436,17949307,129
57110,17949490,17949068,422
57111,17949490,17934713,14777
57112,17971762,17970752,1010
57113,18038521,18038278,243
57114,18123812,18123001,811
57115,18169031,18168103,928
57116,18169031,18168103,928
57117,18169031,18168103,928
57118,18297635,18297460,175
57119,18297635,18297460,175
57120,18297635,18297460,175
57121,18297635,18297460,175
57122,18297635,18297460,175
57123,18297635,18297460,175
57124,18297640,18297460,180
57125,18297640,18297460,180
57126,18297640,18297460,180
57127,18362127,18362012,115
57128,18393497,18393335,162
57129,18414409,18414409,0
57130,18447645,18434398,13247
57131,18447829,18446002,1827
57132,18447829,18446002,1827
57133,18465286,18464202,1084
57134,18465286,18464202,1084
57135,18477887,18477811,76
57136,18542059,18541384,675
57137,18542059,18541384,675
57138,18542059,18541384,675
57139,18542059,18541384,675
57140,18542059,18541384,675
57141,18550203,18550049,154
57142,18550203,18550131,72
57143,18744560,18724896,19664
57144,18795035,18794930,105
57145,18810839,18810695,144
57146,19703541,19701784,1757
57147,19983103,19981580,1523
57148,19983103,19981580,1523
57149,19983103,19981580,1523
57150,20014273,20013831,442
57151,20014273,20013776,497
57152,20014273,20013831,442
57153,20036690,20036658,32
57154,20036690,20036658,32
57155,20147080,20147080,0
57156,20152977,20152452,525
57157,20246261,20246090,171
57158,20258102,20258102,0
57159,20341346,20341054,292
57160,20351592,20350444,1148
57161,20508902,20506904,1998
57162,20610234,20610084,150
57163,20693266,20693123,143
57164,20693266,20596689,96577
57165,21227258,21227214,44
57166,21227258,21227214,44
57167,21227258,21227214,44
57168,21227258,21227214,44
57169,21370463,21369976,487
57170,21370463,21369976,487
57171,21370463,21369976,487
57172,21370463,21369976,487
57173,21378047,21378037,10
57174,21494664,21494307,357
57175,21699124,21695200,3924
57176,21699124,21695441,3683
57177,21699124,21695200,3924
57178,22565101,22564916,185
57179,22566101,22564898,1203
57180,23017314,23017287,27
57181,23030141,23029964,177
57182,23030301,23030141,160
57183,23066977,23066829,148
57184,23170942,23168907,2035
57185,23335101,23335101,0
57186,23335408,23335101,307
57187,23353683,23351078,2605
57188,23353683,23351078,2605
57189,23353683,23351078,2605
57190,23353683,23351078,2605
57191,23353683,23351078,2605
57192,23375834,23375778,56
57193,23402156,23402039,117
57194,23402156,23377768,24388
57195,23402156,23402039,117
57196,23402156,23402039,117
57197,23425567,23425515,52
57198,23433482,23433448,34
57199,23433482,23433448,34
57200,23476655,23476551,104
57201,23549386,23549087,299
57202,23586610,23586501,109
57203,23618574,23618499,75
57204,23618574,23618499,75
57205,23669662,23669606,56
57206,23731574,23731503,71
57207,23807312,23807297,15
57208,23860380,23860313,67
57209,23967512,23967248,264
57210,23969416,23967248,2168
57211,24647167,24646140,1027
57212,24940564,24940348,216
57213,24973425,24973324,101
57214,24973425,24973324,101
57215,24973425,24973324,101
57216,25013308,25011776,1532
57217,25013342,25013072,270
57218,25038818,25038738,80
57219,25038818,25038738,80
57220,25038818,25038738,80
57221,25038818,25038738,80
57222,25063015,25062732,283
57223,25063015,25062732,283
57224,25063015,25062732,283
57225,25063015,25062732,283
57226,25202359,25202112,247
57227,25202359,25202112,247
57228,25207360,25206233,1127
57229,25207360,25206233,1127
57230,25207360,25206151,1209
57231,25207360,25206233,1127
57232,25207360,25206151,1209
57233,25207360,25206151,1209
57234,25207360,25206233,1127
57235,25207360,25206233,1127
57236,25207360,25206233,1127
57237,25207360,25206233,1127
57238,25269403,25269209,194
57239,25278648,25277158,1490
57240,25371618,25371339,279
57241,25371618,25371339,279
57242,25429191,25426627,2564
57243,25439612,25439234,378
57244,25521018,25520694,324
57245,25566153,25507223,58930
57246,25566153,25507223,58930
57247,25566153,25490342,75811
57248,25604648,25604584,64
57249,25667575,25667053,522
57250,25667575,25667053,522
57251,25677469,25667053,10416
57252,29653908,29652154,1754
57253,29653908,29652270,1638
57254,29847435,29847435,0
57255,29896388,29896388,0
57256,29961705,29960973,732
57257,29978452,29978286,166
57258,29978452,29978286,166
57259,29978452,29978286,166
57260,29994069,29993955,114
57261,30000641,30000446,195
57262,30038060,30037977,83
57263,30060816,30060816,0
57264,30072708,30072233,475
57265,30127596,30126131,1465
57266,30157370,30157022,348
57267,30157370,30156031,1339
57268,30157370,30157022,348
57269,30194317,30193897,420
57270,30194317,30193640,677
57271,30232800,30232707,93
57272,30310656,30310021,635
57273,30310656,30310021,635
57274,30310656,30310021,635
57275,30311729,30310021,1708
57276,30389603,30388883,720
57277,30389603,30388883,720
57278,30422500,30421600,900
57279,30422500,30421600,900
57280,30433420,30433345,75
57281,30457801,30450499,7302
57282,30458011,30450499,7512
57283,30458467,30458390,77
57284,30458479,30458140,339
57285,30530858,30530824,34
57286,30532763,30530824,1939
57287,30539883,30539764,119
57288,30586256,30585260,996
57289,30619984,30617605,2379
57290,30619984,30619117,867
57291,30689657,30689322,335
57292,30689657,30689322,335
57293,30689657,30689322,335
57294,30689657,30689322,335
57295,30734658,30734658,0
57296,30755061,30753247,1814
57297,30755061,30753247,1814
57298,30755061,30753247,1814
57299,30778163,30778072,91
57300,30795546,30789981,5565
57301,30805726,30804853,873
57302,30826467,30822464,4003
57303,30826467,30822464,4003
57304,30826467,30822464,4003
57305,30898950,30898851,99
57306,30922811,30919122,3689
57307,30922811,30919122,3689
57308,30960352,30959972,380
57309,31027122,31025141,1981
57310,31027122,31025141,1981
57311,31027122,31025141,1981
57312,31071385,31062512,8873
57313,31071385,31062512,8873
57314,31172875,31172692,183
57315,31172875,31172692,183
57316,31196694,31196504,190
57317,31239783,31238954,829
57318,31331814,31331197,617
57319,31331814,31331197,617
57320,31331814,31331197,617
57321,31397162,31395709,1453
57322,31397162,31395709,1453
57323,31397162,31395709,1453
57324,31397162,31395709,1453
57325,31397162,31395709,1453
57326,31397162,31395709,1453
57327,31397162,31395709,1453
57328,31397162,31395705,1457
57329,31438211,31436534,1677
57330,31592239,31592146,93
57331,31611515,31611189,326
57332,31631853,31631853,0
57333,31631853,31631853,0
57334,31661434,31661411,23
57335,31699557,31699243,314
57336,31769223,31768366,857
57337,31815559,31815423,136
57338,31815559,31815423,136
57339,31831115,31830333,782
57340,31831115,31830333,782
57341,31831115,31830333,782
57342,31885701,31885456,245
57343,31890434,31890429,5
57344,31897684,31897573,111
57345,31960955,31960613,342
57346,31989375,31984870,4505
57347,31989375,31989364,11
57348,31989375,31984870,4505
57349,31989375,31984870,4505
57350,31989375,31984600,4775
57351,31989375,31984870,4505
57352,31989375,31984870,4505
57353,31989375,31984870,4505
57354,32031698,32031426,272
57355,32031698,32031426,272
57356,32211773,32211738,35
57357,32233594,32232452,1142
57358,32237837,32232452,5385
57359,32237837,32232452,5385
57360,32237837,32232452,5385
57361,32237837,32232452,5385
57362,32250584,32247518,3066
57363,32251721,32251673,48
57364,32256331,32256041,290
57365,32262264,32262158,106
57366,32262264,32262158,106
57367,32262264,32248074,14190
57368,32274210,32274070,140
57369,32308136,32308013,123
57370,32308136,32308013,123
57371,32308136,32308013,123
57372,32380075,32379323,752
57373,32380075,32379323,752
57374,32380075,32379323,752
57375,32380075,32379323,752
57376,32442173,32441366,807
57377,32661841,32661676,165
57378,32670991,32666355,4636
57379,32670991,32666355,4636
57380,32678564,32677705,859
57381,32700085,32699916,169
57382,32857148,32856973,175
57383,32891215,32891076,139
57384,32891215,32891076,139
57385,32899608,32883335,16273
57386,33099198,33095599,3599
57387,33099198,33095599,3599
57388,33099198,33095599,3599
57389,33123391,33122718,673
57390,33128762,33128428,334
57391,33148149,33147702,447
57392,33148149,33147702,447
57393,33265089,33264889,200
57394,33265089,33264889,200
57395,33265089,33264889,200
57396,33301237,33298111,3126
57397,33370207,33370158,49
57398,33370207,33370158,49
57399,33380366,33370158,10208
57400,33409442,33370158,39284
57401,33413433,33370158,43275
57402,33413433,33370158,43275
57403,33422265,33421770,495
57404,33460661,33460618,43
57405,33460661,33460618,43
57406,33460661,33460618,43
57407,33515769,33515017,752
57408,33515769,33515017,752
57409,33515769,33515017,752
57410,33515769,33515017,752
57411,33534532,33530397,4135
57412,33539663,33539655,8
57413,33543601,33539655,3946
57414,33543601,33533823,9778
57415,33543601,33523402,20199
57416,33569828,33568867,961
57417,33590240,33589991,249
57418,33623111,33603933,19178
57419,33680618,33680584,34
57420,33680618,33680584,34
57421,33680618,33680584,34
57422,33680618,33680584,34
57423,33680618,33680584,34
57424,33732959,33721946,11013
57425,33735161,33735061,100
57426,33735161,33735061,100
57427,33735161,33734722,439
57428,33735161,33725716,9445
57429,33735161,33719460,15701
57430,33765165,33764616,549
57431,33864804,33862412,2392
57432,33865960,33734722,131238
57433,33872520,33872290,230
57434,33872520,33872290,230
57435,33872619,33872290,329
57436,33872619,33872290,329
57437,33880225,33880107,118
57438,33880225,33876746,3479
57439,33894862,33894672,190
57440,33981999,33969756,12243
57441,33981999,33971927,10072
57442,33982103,33971927,10176
57443,33999945,33999766,179
57444,33999945,33999766,179
57445,33999945,33999766,179
57446,33999945,33999766,179
57447,33999945,33969724,30221
57448,33999945,33981964,17981
57449,33999945,33935074,64871
57450,33999945,33981964,17981
57451,34023250,34022585,665
57452,34025949,34025708,241
57453,34026027,34025708,319
57454,34054029,34054029,0
57455,34057955,34057883,72
57456,34099803,34099455,348
57457,34099803,34099455,348
57458,34117481,34117202,279
57459,34117481,34116858,623
57460,34133155,34130761,2394
57461,34137537,34136626,911
57462,34144209,34144129,80
57463,34145405,34145275,130
57464,34145405,34145275,130
57465,34152834,34149692,3142
57466,34173198,34173165,33
57467,34190188,34190069,119
57468,34195416,34191738,3678
57469,34208965,34208944,21
57470,34208965,34208944,21
57471,34241831,34241464,367
57472,34243244,34243244,0
57473,34246904,34220845,26059
57474,34252878,34220845,32033
57475,34252878,34220845,32033
57476,34252878,34220845,32033
57477,34252878,34220845,32033
57478,34252878,34220845,32033
57479,34252878,34220845,32033
57480,34252878,34243244,9634
57481,34252878,34243244,9634
57482,34252878,34243244,9634
57483,34252878,34243244,9634
57484,34287111,34286429,682
57485,34287287,34287210,77
57486,34287287,34269858,17429
57487,34287287,34287210,77
57488,34287287,34287210,77
57489,34288902,34288828,74
57490,34288902,34288828,74
57491,34320728,34320086,642
57492,34330158,34313022,17136
57493,34330258,34313022,17236
57494,34330258,34313022,17236
57495,34330258,34313022,17236
57496,34330258,34328796,1462
57497,34330258,34328796,1462
57498,34330258,34328796,1462
57499,34330258,34328796,1462
57500,34330258,34304706,25552
57501,34457473,34457472,1
57502,34501269,34501268,1
57503,34501269,34501268,1
57504,34501269,34501268,1
57505,34538288,34535549,2739
57506,34542206,34542206,0
57507,34542548,34542503,45
57508,34543281,34542206,1075
57509,34547394,34542206,5188
57510,34562877,34560802,2075
57511,34618622,34618570,52
57512,34618622,34618281,341
57513,34638882,34638640,242
57514,34743655,34743568,87
57515,34806884,34806884,0
57516,34820721,34817262,3459
57517,34820721,34817262,3459
57518,34820721,34817262,3459
57519,34820721,34817262,3459
57520,34820721,34817262,3459
57521,34820721,34817262,3459
57522,34820721,34817262,3459
57523,34820721,34817262,3459
57524,34844863,34843667,1196
57525,34844863,34843667,1196
57526,35157040,35155434,1606
57527,35157040,35155434,1606
57528,35157040,35155434,1606
57529,35157040,35155434,1606
57530,35157040,35154466,2574
57531,35157040,35155434,1606
57532,35178226,35177652,574
57533,35178226,35177652,574
57534,35222355,35219834,2521
57535,35222355,35219834,2521
57536,35222355,35219834,2521
57537,35222355,35219834,2521
57538,35240960,35240454,506
57539,35240960,35240450,510
57540,35240960,35240454,506
57541,35240960,35240626,334
57542,35274619,35269738,4881
57543,35274619,35269738,4881
57544,35374541,35350138,24403
57545,35374541,35350138,24403
57546,35374541,35335409,39132
57547,35374541,35312862,61679
57548,35402154,35399861,2293
57549,35402154,35399861,2293
57550,35402154,35386980,15174
57551,35402230,35399861,2369
57552,35402230,35399861,2369
57553,35402230,35399582,2648
57554,35402230,35399582,2648
57555,35423278,35423157,121
57556,35488276,35467817,20459
57557,35492087,35491747,340
57558,35517855,35517789,66
57559,35522632,35517789,4843
57560,35580246,35580046,200
57561,35724410,35724331,79
57562,35724410,35724331,79
57563,35787439,35787321,118
57564,35807974,35807883,91
57565,35807974,35807883,91
57566,35807974,35807883,91
57567,35857711,35857159,552
57568,35857711,35857159,552
57569,35870025,35869718,307
57570,35870025,35869718,307
57571,35885311,35885292,19
57572,35885311,35885292,19
57573,35890238,35885292,4946
57574,35890238,35885292,4946
57575,35945663,35944818,845
57576,35945663,35944818,845
57577,36033821,36031782,2039
57578,36033821,36031782,2039
57579,36147576,36147576,0
57580,36152090,36151161,929
57581,36152090,36151161,929
57582,36152953,36147576,5377
57583,36156083,36147576,8507
57584,36156134,36147576,8558
57585,36156333,36147576,8757
57586,36156333,36147576,8757
57587,36375009,36375008,1
57588,36500520,36500415,105
57589,36500520,36500415,105
57590,36500520,36500415,105
57591,36573747,36572655,1092
57592,36615884,36615828,56
57593,36661833,36642218,19615
57594,36661833,36642218,19615
57595,36720766,36718277,2489
57596,36762162,36761320,842
57597,36793700,36793600,100
57598,36793700,36793600,100
57599,36793700,36793600,100
57600,36793700,36793600,100
57601,36793700,36793600,100
57602,36793700,36793600,100
57603,36846585,36845354,1231
57604,36846585,36845720,865
57605,36851546,36851101,445
57606,36889174,36888902,272
57607,36889174,36888902,272
57608,36922294,36919836,2458
57609,36965905,36965586,319
57610,37005653,37005311,342
57611,37153588,37153437,151
57612,37176749,37175093,1656
57613,37203711,37203626,85
57614,37207504,37203610,3894
57615,37207504,37203610,3894
57616,37207504,37203610,3894
57617,37217104,37214790,2314
57618,37279295,37278491,804
57619,37358015,37357282,733
57620,37401089,37400459,630
57621,37551667,37547309,4358
57622,37551667,37547309,4358
57623,37574842,37570802,4040
57624,37581703,37581163,540
57625,37668366,37667186,1180
57626,37668366,37667186,1180
57627,37668366,37667186,1180
57628,37668366,37667186,1180
57629,39317876,39317490,386
57630,39659162,39658404,758
57631,39753126,39751937,1189
57632,39799233,39799026,207
57633,39804357,39803149,1208
57634,39804357,39803149,1208
57635,39804357,39803149,1208
57636,39833706,39833556,150
57637,39900896,39833556,67340
57638,39928739,39833556,95183
57639,39928739,39833556,95183
57640,39928739,39833556,95183
57641,39928739,39833556,95183
57642,39946242,39833556,112686
57643,39989222,39987506,1716
57644,39989222,39987506,1716
57645,39995498,39995274,224
57646,40043705,40033991,9714
57647,40076611,40076592,19
57648,40247133,40179976,67157
57649,40247133,40162176,84957
57650,40247133,40192787,54346
57651,40828037,40827979,58
57652,41818557,41818373,184
57653,41818557,41818373,184
57654,42092244,42089703,2541
57655,42092244,42089703,2541
57656,42157531,42157409,122
57657,42169829,42169548,281
57658,42169829,42169548,281
57659,42170535,42169768,767
57660,42170535,42169768,767
57661,42170535,42169768,767
57662,42179593,42176885,2708
57663,42198156,42198156,0
57664,42214273,42213656,617
57665,42214273,42211960,2313
57666,42214273,42213656,617
57667,42214273,42213656,617
57668,42275862,42275623,239
57669,42275862,42275577,285
57670,42345122,42344727,395
57671,42345122,42344727,395
57672,42355642,42355334,308
57673,42355642,42355334,308
57674,42636182,42635723,459
57675,42698254,42697326,928
57676,42698254,42697326,928
57677,42698254,42697326,928
57678,42698254,42697326,928
57679,42698254,42697326,928
57680,42816218,42815345,873
57681,42816218,42815345,873
57682,42839546,42835597,3949
57683,42894266,42893354,912
57684,42909557,42907940,1617
57685,42909557,42907940,1617
57686,42909557,42907940,1617
57687,42909557,42907940,1617
57688,42909557,42907940,1617
57689,42909557,42907940,1617
57690,42939889,42939788,101
57691,42979432,42979432,0
57692,43036115,43036106,9
57693,43053276,43053019,257
57694,43053276,43053019,257
57695,43061485,43058305,3180
57696,43061485,43058305,3180
57697,43061485,43058305,3180
57698,43061485,43058305,3180
57699,43061485,43058305,3180
57700,43093984,43093919,65
57701,43123244,43118182,5062
57702,43123244,43118182,5062
57703,43123244,43118182,5062
57704,43123244,43118182,5062
57705,43150726,43150592,134
57706,43150726,43150592,134
57707,43150726,43142699,8027
57708,43150726,43142555,8171
57709,43247678,43247005,673
57710,43247678,43247005,673
57711,43247678,43247005,673
57712,43280376,43280248,128
57713,43356452,43355948,504
57714,43356452,43356099,353
57715,43380954,43379479,1475
57716,43438979,43438912,67
57717,43438979,43438912,67
57718,43537161,43535079,2082
57719,43537161,43535079,2082
57720,43567962,43567383,579
57721,43567962,43567383,579
57722,43587799,43584248,3551
57723,43589114,43588974,140
57724,43629632,43629215,417
57725,43708593,43703817,4776
57726,43708593,43681810,26783
57727,43708593,43703817,4776
57728,43729753,43727877,1876
57729,43729753,43727877,1876
57730,43743813,43743724,89
57731,43753106,43753088,18
57732,43805185,43804776,409
57733,43838414,43837327,1087
57734,43838414,43837327,1087
57735,43853099,43852022,1077
57736,43853099,43852022,1077
57737,43853099,43852022,1077
57738,43883206,43883184,22
57739,43934256,43933354,902
57740,43936967,43934222,2745
57741,43936967,43934222,2745
57742,43936967,43934222,2745
57743,43937169,43934222,2947
57744,43946464,43945599,865
57745,43946464,43945451,1013
57746,43977064,43977024,40
57747,43977064,43961692,15372
57748,43997862,43995755,2107
57749,43997862,43995755,2107
57750,44005442,44002934,2508
57751,44006957,44006876,81
57752,44039250,44038780,470
57753,44039250,44038780,470
57754,44039250,44038780,470
57755,44039250,44037640,1610
57756,44039250,44038780,470
57757,44039250,44038780,470
57758,44039250,44038780,470
57759,44039250,44037640,1610
57760,44039250,44037640,1610
57761,44039250,44038780,470
57762,44049333,44049332,1
57763,44050223,44050222,1
57764,44050223,44050222,1
57765,44053021,44053019,2
57766,44054885,44054466,419
57767,44054885,44054466,419
57768,44054885,44054466,419
57769,44054885,44054466,419
57770,44054885,44054466,419
57771,44054885,44054466,419
57772,44054885,44054466,419
57773,44054885,44054466,419
57774,44054885,44054466,419
57775,44054885,44054466,419
57776,44054885,44054466,419
57777,44110172,44108733,1439
57778,44110172,44108733,1439
57779,44110172,44108733,1439
57780,44144264,44144248,16
57781,44168134,44168046,88
57782,44176065,44175996,69
57783,44176065,44175996,69
57784,44176065,44175996,69
57785,44207965,44207886,79
57786,44207965,44207886,79
57787,44259831,44259657,174
57788,44259907,44238820,21087
57789,44298878,44279239,19639
57790,44333658,44314631,19027
57791,44333658,44333630,28
57792,44337456,44334544,2912
57793,44354335,44354274,61
57794,44420547,44418614,1933
57795,44440066,44439834,232
57796,44445596,44445406,190
57797,44445596,44445406,190
57798,44445596,44445406,190
57799,44445596,44445406,190
57800,44445596,44444516,1080
57801,44445596,44445406,190
57802,44455953,44455887,66
57803,44471102,44469952,1150
57804,44471914,44469296,2618
57805,44471914,44470682,1232
57806,44471914,44469296,2618
57807,44471914,44469952,1962
57808,44471914,44469952,1962
57809,44471914,44469296,2618
57810,44471914,44469952,1962
57811,44486048,44485954,94
57812,44486048,44485954,94
57813,44486048,44485929,119
57814,44486048,44485954,94
57815,44507769,44507288,481
57816,44507769,44507288,481
57817,44512689,44512689,0
57818,44513905,44512689,1216
57819,44516238,44516229,9
57820,44519926,44519630,296
57821,44527458,44527089,369
57822,44527458,44527089,369
57823,44527458,44527089,369
57824,44539633,44538645,988
57825,44540686,44540151,535
57826,44541003,44540091,912
57827,44541003,44540091,912
57828,44541003,44540091,912
57829,44541003,44540045,958
57830,44576662,44576394,268
57831,44576662,44576252,410
57832,44583343,44582365,978
57833,44597497,44596721,776
57834,44598864,44598435,429
57835,44600833,44600049,784
57836,44600833,44600815,18
57837,44645200,44645007,193
57838,44669822,44669376,446
57839,44669822,44669257,565
57840,44669822,44669081,741
57841,44669822,44669257,565
57842,44688789,44686244,2545
57843,44688789,44686244,2545
57844,44699175,44698877,298
57845,44708591,44708063,528
57846,44718580,44708063,10517
57847,44752939,44751445,1494
57848,44758384,44757679,705
57849,44758384,44756996,1388
57850,44849488,44845555,3933
57851,44937137,44879933,57204
57852,44991813,44987145,4668
57853,44993064,44987145,5919
57854,44993064,44987145,5919
57855,44993064,44987145,5919
57856,44993064,44984506,8558
57857,44993064,44984506,8558
57858,44993064,44987364,5700
57859,45004429,45004393,36
57860,45005578,45005345,233
57861,45011132,45008939,2193
57862,45014914,45014890,24
57863,45035271,45023121,12150
57864,45035271,45023121,12150
57865,45035271,45023121,12150
57866,45035271,45023121,12150
57867,45061704,45014890,46814
57868,45086282,45086278,4
57869,45135444,45134982,462
57870,45135444,45133286,2158
57871,45142198,45138261,3937
57872,45142198,45140741,1457
57873,45142198,45133286,8912
57874,45142198,45133286,8912
57875,45179213,45179199,14
57876,45192254,45192157,97
57877,45195314,45195122,192
57878,45212308,45212297,11
57879,45242525,45242382,143
57880,45280100,45280060,40
57881,45280100,45242181,37919
57882,45280100,45280060,40
57883,45298778,45242334,56444
57884,45313124,45242334,70790
57885,45313124,45242334,70790
57886,45318079,45315817,2262
57887,45318276,45318053,223
57888,45364985,45362473,2512
57889,45817492,45816781,711
57890,45817492,45816781,711
57891,45817492,45816781,711
57892,45867893,45865162,2731
57893,45905539,45905508,31
57894,45947805,45947776,29
57895,45949498,45947937,1561
57896,45976670,45976624,46
57897,45976670,45976624,46
57898,45976670,45976624,46
57899,45976670,45976624,46
57900,45976670,45912392,64278
57901,45976670,45912392,64278
57902,45976670,45976624,46
57903,45976859,45976771,88
57904,45981268,45976624,4644
57905,45984401,45976624,7777
57906,45985240,45985158,82
57907,45985474,45985414,60
57908,45985474,45978633,6841
57909,45985474,45985414,60
57910,45985474,45985414,60
57911,45985474,45985414,60
57912,45985474,45976624,8850
57913,45985474,45976624,8850
57914,45985474,45985414,60
57915,45985474,45985414,60
57916,46285621,46282161,3460
57917,46285621,46282161,3460
57918,46285621,46282161,3460
57919,46285621,46282161,3460
57920,46285621,46282161,3460
57921,46285621,46282161,3460
57922,46294037,46292260,1777
57923,46414808,46386107,28701
57924,46414808,46386107,28701
57925,46415360,46386107,29253
57926,46415360,46386107,29253
57927,47273118,47273029,89
57928,47444420,47444397,23
57929,47653230,47649736,3494
57930,47653230,47649736,3494
57931,47713497,47712975,522
57932,47713497,47712975,522
57933,47713497,47712975,522
57934,47713497,47712975,522
57935,47713497,47712724,773
57936,47804904,47770570,34334
57937,47804904,47770570,34334
57938,47804904,47782738,22166
57939,47804904,47770570,34334
57940,47804904,47770570,34334
57941,47804904,47770570,34334
57942,47805288,47782738,22550
57943,47860614,47860371,243
57944,47894756,47892376,2380
57945,48099183,48099017,166
57946,48100490,48099017,1473
57947,48184707,48184653,54
57948,48184707,48160945,23762
57949,48330421,48330227,194
57950,48500795,48500690,105
57951,48508779,48504473,4306
57952,48508779,48504473,4306
57953,48508779,48504473,4306
57954,48508779,48504473,4306
57955,48508779,48504473,4306
57956,48508779,48504473,4306
57957,48530276,48525027,5249
57958,48532080,48525027,7053
57959,48532080,48523307,8773
57960,48570422,48568678,1744
57961,48605420,48604593,827
57962,48729735,48729665,70
57963,48729735,48713253,16482
57964,48729735,48729665,70
57965,48729735,48729665,70
57966,48729735,48713253,16482
57967,48729735,48713253,16482
57968,48729735,48713253,16482
57969,48732496,48732112,384
57970,48732496,48732112,384
57971,48732496,48732060,436
57972,48732496,48732112,384
57973,48732496,48732060,436
57974,48747673,48747572,101
57975,48770335,48770174,161
57976,48770335,48770174,161
57977,48770335,48770174,161
57978,48809227,48808608,619
57979,48895368,48894866,502
57980,49201086,49199252,1834
57981,49201086,49199252,1834
57982,49253426,49247384,6042
57983,49253426,49247384,6042
57984,49307916,49307665,251
57985,49370278,49367025,3253
57986,49457463,49457079,384
57987,49493714,49493072,642
57988,49493714,49493145,569
57989,49493714,49493145,569
57990,49547527,49520533,26994
57991,49547527,49520533,26994
57992,49575060,49575060,0
57993,49578399,49576762,1637
57994,49639617,49626875,12742
57995,49639675,49626875,12800
57996,50159258,50140122,19136
57997,50159258,50159038,220
57998,50159258,50140122,19136
57999,50159258,50159038,220
58000,50179370,50140122,39248
58001,50179370,50179168,202
58002,50179370,50140122,39248
58003,50179370,50179168,202
58004,50314042,50230302,83740
58005,50384908,50384908,0
58006,50384908,50384863,45
58007,50419048,50418947,101
58008,50419048,50418947,101
58009,50419048,50418947,101
58010,50722023,50721776,247
58011,50808524,50808175,349
58012,50808524,50808175,349
58013,50808524,50808175,349
58014,50808524,50808175,349
58015,52111869,51873102,238767
58016,52111869,51873102,238767
58017,52199707,52199365,342
58018,52210801,52199341,11460
58019,52492248,52492096,152
58020,52612736,52612451,285
58021,52645511,52645362,149
58022,52645511,52645362,149
58023,52687304,52675257,12047
58024,52687304,52675257,12047
58025,52687304,52675257,12047
58026,52687304,52645362,41942
58027,52788492,52788232,260
58028,52790516,52790118,398
58029,52790516,52790118,398
58030,52836492,52835689,803
58031,53267710,53267018,692
58032,54580528,54579227,1301
58033,54824871,54824871,0
58034,54943718,54941343,2375
58035,54967351,54963253,4098
58036,54967351,54963253,4098
58037,54967351,54963253,4098
58038,54967351,54963253,4098
58039,54967351,54963253,4098
58040,54967351,54963253,4098
58041,54967351,54963253,4098
58042,54979582,54978783,799
58043,54979582,54978783,799
58044,54979582,54978783,799
58045,55028932,55028251,681
58046,55034396,55033803,593
58047,55034396,55033803,593
58048,55034396,55033803,593
58049,55034396,55033803,593
58050,55093942,55093321,621
58051,55093942,55093321,621
58052,55093942,55093321,621
58053,55100981,55072664,28317
58054,55101208,55101126,82
58055,55111574,55111494,80
58056,55111574,55111494,80
58057,55214338,55213069,1269
58058,55214338,55213069,1269
58059,55841707,55841178,529
58060,55841707,55841178,529
58061,55858053,55858034,19
58062,55919049,55918516,533
58063,55919049,55918516,533
58064,55934878,55934095,783
58065,55950408,55950151,257
58066,55950408,55950151,257
58067,55953519,55953155,364
58068,55953519,55953155,364
58069,55984386,55982902,1484
58070,55984386,55982603,1783
58071,56099923,56099261,662
58072,56099923,56099261,662
58073,56099923,56099261,662
58074,56099923,56099261,662
58075,56099923,56099261,662
58076,56100183,56099261,922
58077,56100183,56094401,5782
58078,56100183,56098262,1921
58079,56100183,56098262,1921
58080,56100183,56094401,5782
58081,56100183,56094383,5800
58082,56100708,56099261,1447
58083,56100708,56099261,1447
58084,56100708,56099261,1447
58085,56100708,56099261,1447
58086,56100708,56099261,1447
58087,56100708,56099261,1447
58088,56100708,56099261,1447
58089,56100708,56099261,1447
58090,56141513,56140860,653
58091,56141513,56140860,653
58092,56195632,56195351,281
58093,56195632,56195351,281
58094,56195632,56195351,281
58095,56195632,56195351,281
58096,56265680,56265474,206
58097,56285031,56284638,393
58098,56285670,56285519,151
58099,56285670,56234712,50958
58100,56286592,56234712,51880
58101,56736183,56735878,305
58102,56884495,56884481,14
58103,56942563,56934759,7804
58104,57026156,57019291,6865
58105,57026156,57019291,6865
58106,57026156,57019221,6935
58107,57089949,57089763,186
58108,57089949,57088954,995
58109,57254582,57251347,3235
58110,57254582,57251347,3235
58111,57254582,57251347,3235
58112,57254582,57251347,3235
58113,57254582,57251347,3235
58114,57254582,57251347,3235
58115,57254582,57251347,3235
58116,57254582,57251347,3235
58117,57290900,57287816,3084
58118,57291367,57290382,985
58119,57291367,57290382,985
58120,57291367,57290382,985
58121,57415899,57415899,0
58122,57486250,57415899,70351
58123,57486250,57485884,366
58124,57486250,57485884,366
58125,57486250,57485884,366
58126,57486250,57485884,366
58127,57486250,57485884,366
58128,57486250,57485884,366
58129,57486250,57485884,366
58130,57486250,57485884,366
58131,57486250,57485884,366
58132,57486250,57485884,366
58133,57564945,57564797,148
58134,57570188,57569731,457
58135,57582309,57582183,126
58136,57582309,57582183,126
58137,57601709,57599838,1871
58138,57607422,57607306,116
58139,57617901,57617785,116
58140,57617901,57617785,116
58141,57834167,57829798,4369
58142,57899529,57899422,107
58143,57901047,57899514,1533
58144,57901047,57899514,1533
58145,57901047,57899422,1625
58146,57901047,57899514,1533
58147,58422766,58422185,581
58148,58422766,58422185,581
58149,58422766,58422185,581
58150,58422766,58422185,581
58151,58422766,58422185,581
58152,58422766,58422185,581
58153,58422766,58422185,581
58154,58494652,58494652,0
58155,58507209,58497468,9741
58156,58515352,58514986,366
58157,58520150,58520150,0
58158,58523702,58520150,3552
58159,58523702,58520150,3552
58160,58523702,58520150,3552
58161,58588168,58587785,383
58162,58588168,58587785,383
58163,58588168,58587785,383
58164,58608829,58608731,98
58165,58648008,58645963,2045
58166,60515673,60512001,3672
58167,60515673,60512001,3672
58168,60515673,60512001,3672
58169,60640866,60640866,0
58170,60704636,60702879,1757
58171,60705747,60705746,1
58172,60705747,60705746,1
58173,60710434,60708517,1917
58174,60710434,60708517,1917
58175,60718514,60718359,155
58176,60749841,60749787,54
58177,60757566,60754264,3302
58178,60777810,60776133,1677
58179,60777810,60776133,1677
58180,60777810,60776133,1677
58181,60777810,60776133,1677
58182,60777810,60776133,1677
58183,60777810,60776133,1677
58184,60795323,60795026,297
58185,60795323,60795026,297
58186,60795323,60795026,297
58187,60795323,60795026,297
58188,60861505,60859348,2157
58189,60871269,60868943,2326
58190,60871269,60868943,2326
58191,60871269,60869013,2256
58192,60881632,60881489,143
58193,60883918,60883817,101
58194,60883918,60883817,101
58195,60942368,60942301,67
58196,60942368,60942301,67
58197,60963576,60963522,54
58198,60963576,60963424,152
58199,60963576,60963057,519
58200,60982339,60982332,7
58201,61002629,60994703,7926
58202,61051026,61050577,449
58203,61143882,61143847,35
58204,61148768,61145187,3581
58205,61167971,61167884,87
58206,61303647,61303245,402
58207,61303647,61303245,402
58208,61394123,61391619,2504
58209,61431945,61430995,950
58210,61436939,61432409,4530
58211,61445352,61445001,351
58212,61445352,61445001,351
58213,61445352,61445001,351
58214,61472511,61472084,427
58215,61472511,61472084,427
58216,61477543,61477252,291
58217,61492109,61491626,483
58218,61493115,61493022,93
58219,61493115,61493022,93
58220,61545758,61542964,2794
58221,61557903,61542964,14939
58222,61557903,61542964,14939
58223,61557903,61542964,14939
58224,61557903,61542964,14939
58225,61569304,61542964,26340
58226,61569304,61542964,26340
58227,61569304,61542964,26340
58228,61579827,61576264,3563
58229,61599947,61598134,1813
58230,61599949,61598852,1097
58231,61599949,61598852,1097
58232,61638387,61638078,309
58233,61839970,61835141,4829
58234,61847538,61847244,294
58235,61870957,61870611,346
58236,61871854,61870957,897
58237,61871854,61870957,897
58238,61884805,61881292,3513
58239,61885892,61885802,90
58240,61892967,61885755,7212
58241,61920848,61919225,1623
58242,61920848,61919225,1623
58243,61921142,61919225,1917
58244,61921142,61919225,1917
58245,61921142,61918977,2165
58246,61962285,61961010,1275
58247,61962285,61961010,1275
58248,61991051,61987396,3655
58249,61992748,61982234,10514
58250,61992748,61992517,231
58251,61992748,61982234,10514
58252,62009489,61982234,27255
58253,62103993,62103816,177
58254,62103993,62103816,177
58255,62103993,62103816,177
58256,62103993,62103816,177
58257,62103993,62103816,177
58258,62103993,62103816,177
58259,62130668,62129116,1552
58260,62153524,62153232,292
58261,62164726,62163996,730
58262,62168723,62168667,56
58263,62168723,62168667,56
58264,62168723,62168667,56
58265,62178857,62178816,41
58266,62187973,62187973,0
58267,62188035,62187973,62
58268,62199107,62199003,104
58269,62205592,62203738,1854
58270,62205592,62203738,1854
58271,62236256,62234440,1816
58272,62251229,62250750,479
58273,62258381,62250750,7631
58274,62284119,62275648,8471
58275,62284963,62284698,265
58276,62305446,62305445,1
58277,62328544,62327138,1406
58278,62328544,62327138,1406
58279,62328544,62327138,1406
58280,62328544,62327211,1333
58281,62330051,62329916,135
58282,62330051,62329916,135
58283,62339010,62338443,567
58284,62339205,62338443,762
58285,62339365,62338042,1323
58286,62339365,62338443,922
58287,62339365,62338443,922
58288,62339365,62338443,922
58289,62339365,62338443,922
58290,62339365,62338443,922
58291,62339365,62338443,922
58292,62367538,62367271,267
58293,62367538,62367271,267
58294,62367538,62367271,267
58295,62367538,62367271,267
58296,62367538,62367271,267
58297,62367538,62367271,267
58298,62370460,62369833,627
58299,62370460,62370253,207
58300,62375403,62374343,1060
58301,62375403,62374343,1060
58302,62375403,62374343,1060
58303,62375403,62374343,1060
58304,62436856,62422110,14746
58305,62494341,62494303,38
58306,62522898,62521298,1600
58307,62522898,62521298,1600
58308,62522898,62521395,1503
58309,62522898,62521298,1600
58310,62522898,62521298,1600
58311,62522898,62521298,1600
58312,62522898,62521298,1600
58313,62522898,62521298,1600
58314,62522898,62521298,1600
58315,62522898,62521298,1600
58316,62522898,62514172,8726
58317,62522898,62521298,1600
58318,62567384,62562921,4463
58319,62582527,62582179,348
58320,62587800,62587725,75
58321,62601223,62599303,1920
58322,62610995,62610820,175
58323,62664453,62664346,107
58324,62664453,62664346,107
58325,62680979,62680869,110
58326,62701174,62700823,351
58327,62703700,62703533,167
58328,62703700,62703533,167
58329,62710845,62708239,2606
58330,62710845,62707963,2882
58331,62711324,62708239,3085
58332,62715712,62715572,140
58333,62731996,62730152,1844
58334,62731996,62730152,1844
58335,62731996,62730152,1844
58336,62731996,62730152,1844
58337,62738184,62738184,0
58338,62859455,62859388,67
58339,62873606,62871801,1805
58340,62873606,62871801,1805
58341,62907579,62904953,2626
58342,62907579,62904953,2626
58343,9968593,9966378,2215
58344,9968593,9966378,2215
58345,10990920,10973733,17187
58346,10990920,10973733,17187
58347,10990920,10973733,17187
58348,10990920,10951297,39623
58349,11098925,11098717,208
58350,11098937,11098737,200
58351,11098937,11098737,200
58352,15013906,15013887,19
58353,15579254,15579244,10
58354,15583212,15583166,46
58355,15583212,15583166,46
58356,15583212,15583166,46
58357,15583212,15583166,46
58358,15583212,15583166,46
58359,15583212,15583166,46
58360,15600693,15599614,1079
58361,15600693,15599614,1079
58362,15600693,15599614,1079
58363,15663706,15663697,9
58364,15673692,15671986,1706
58365,15673692,15671986,1706
58366,15755509,15755440,69
58367,15755509,15748096,7413
58368,15918681,15918582,99
58369,15918681,15918582,99
58370,15955723,15954717,1006
58371,16015428,16015394,34
58372,16437126,16340513,96613
58373,16438231,16340513,97718
58374,16438231,16340513,97718
58375,16340513,16340513,0
58376,17252377,17250794,1583
58377,17252377,17250794,1583
58378,17252377,17250794,1583
58379,17252377,17250794,1583
58380,18942429,18938010,4419
58381,18942429,18937933,4496
58382,18942429,18937933,4496
58383,18942429,18937805,4624
58384,18942429,18938010,4419
58385,18965897,18965511,386
58386,18985268,18981462,3806
58387,18985268,18981462,3806
58388,19191703,19190635,1068
58389,19191703,19190635,1068
58390,19191703,19190635,1068
58391,19639687,19638355,1332
58392,19639687,19638355,1332
58393,19639687,19638355,1332
58394,19639687,19638470,1217
58395,19639687,19638470,1217
58396,19639687,19638355,1332
58397,19639687,19638355,1332
58398,19775970,19775939,31
58399,22912517,22910278,2239
58400,22912517,22910278,2239
58401,22757994,22757928,66
58402,26979801,26979787,14
58403,26979801,26979787,14
58404,27084694,27084660,34
58405,27086885,27086617,268
58406,27089874,27086984,2890
58407,27089874,27086984,2890
58408,27107965,27102105,5860
58409,27107965,27102105,5860
58410,27107965,27102105,5860
58411,27107965,27107266,699
58412,27107965,27102105,5860
58413,27144771,27141543,3228
58414,27144771,27141543,3228
58415,27342862,27328051,14811
58416,27512708,27512512,196
58417,27543138,27542938,200
58418,27543138,27542938,200
58419,27543138,27542938,200
58420,27543138,27542938,200
58421,27543138,27542938,200
58422,27543138,27542938,200
58423,27543138,27542938,200
58424,27543138,27542938,200
58425,27543446,27484415,59031
58426,27543138,27542938,200
58427,27945581,27945259,322
58428,27945581,27945259,322
58429,28217728,28217273,455
58430,28339439,28338710,729
58431,30257695,30257667,28
58432,30257695,30257667,28
58433,30365277,30365264,13
58434,30391685,30391598,87
58435,30426807,30426508,299
58436,30426807,30426508,299
58437,30426807,30426508,299
58438,30426807,30426508,299
58439,30426807,30426508,299
58440,30426807,30426508,299
58441,30445672,30444275,1397
58442,30445956,30441821,4135
58443,30446010,30445911,99
58444,30446010,30442579,3431
58445,30548202,30547213,989
58446,30548202,30547213,989
58447,30548202,30547213,989
58448,30548202,30547213,989
58449,30718469,30715154,3315
58450,30718469,30715154,3315
58451,31312282,31311818,464
58452,31312282,31311818,464
58453,31312282,31311818,464
58454,31312282,31311818,464
58455,31312282,31311818,464
58456,31312282,31311818,464
58457,31538971,31538935,36
58458,31588469,31588243,226
58459,31655276,31655250,26
58460,31661832,31661808,24
58461,31692607,31692353,254
58462,31710012,31709986,26
58463,31720924,31720924,0
58464,31744557,31744531,26
58465,31769138,31768923,215
58466,31798230,31798230,0
58467,31803076,31803076,0
58468,31813098,31813059,39
58469,31852636,31852636,0
58470,31859667,31859667,0
58471,31864275,31864275,0
58472,31869428,31869428,0
58473,31874408,31874408,0
58474,31914181,31914152,29
58475,31933608,31933608,0
58476,31962716,31962693,23
58477,31965374,31965097,277
58478,31971193,31971193,0
58479,31973586,31973586,0
58480,31986223,31986223,0
58481,31988944,31988944,0
58482,32007780,32007780,0
58483,32015455,32015342,113
58484,32091095,32091077,18
58485,32119520,32119520,0
58486,32127696,32127696,0
58487,32185570,32185538,32
58488,32202051,32202017,34
58489,32253874,32253843,31
58490,32410795,32410762,33
58491,32649224,32639288,9936
58492,32649224,32639288,9936
58493,32931290,32639288,292002
58494,32932290,32624292,307998
58495,32932601,32932429,172
58496,33041243,33040891,352
58497,33104431,33104005,426
58498,33104431,33104005,426
58499,33104431,33104005,426
58500,33074231,33068515,5716
58501,33104431,33104005,426
58502,33376377,33371497,4880
58503,33651376,33651325,51
58504,33684599,33684307,292
58505,33684599,33684307,292
58506,33687094,33686964,130
58507,33684599,33684307,292
58508,33765312,33765219,93
58509,33887697,33887500,197
58510,33887697,33887500,197
58511,33887697,33887500,197
58512,33957845,33956614,1231
58513,33980026,33980012,14
58514,33984918,33984553,365
58515,33984918,33984553,365
58516,33984918,33984553,365
58517,33984918,33982225,2693
58518,33976823,33976611,212
58519,33984918,33984553,365
58520,33984918,33984553,365
58521,34014462,34003901,10561
58522,34099228,34099206,22
58523,34100250,34099206,1044
58524,34100250,34099206,1044
58525,34100351,34100351,0
58526,34100351,34100351,0
58527,34124221,34123563,658
58528,34129105,34123518,5587
58529,34144169,34143979,190
58530,34144169,34143979,190
58531,34144169,34143979,190
58532,34186053,34166732,19321
58533,34186053,34166732,19321
58534,34186053,34166732,19321
58535,34166732,34166732,0
58536,34401503,34400142,1361
58537,34400142,34400142,0
58538,34444728,34443368,1360
58539,34542541,34542474,67
58540,34635062,34635021,41
58541,34635062,34635021,41
58542,34636820,34635805,1015
58543,34636820,34635805,1015
58544,34636820,34635108,1712
58545,34655546,34655545,1
58546,34655546,34655545,1
58547,34669539,34668662,877
58548,34669539,34668662,877
58549,34732128,34727855,4273
58550,34732128,34727855,4273
58551,34809828,34809269,559
58552,34863790,34861700,2090
58553,34864023,34861700,2323
58554,34861700,34861700,0
58555,34914464,34911621,2843
58556,34915195,34911621,3574
58557,34915195,34900524,14671
58558,34915198,34911621,3577
58559,34914464,34911621,2843
58560,34929974,34929857,117
58561,34932973,34932437,536
58562,34949786,34948882,904
58563,34949812,34948730,1082
58564,34949812,34948730,1082
58565,34926940,34926940,0
58566,34939773,34939654,119
58567,34949786,34948882,904
58568,34958487,34956960,1527
58569,34959908,34954306,5602
58570,34961267,34960947,320
58571,34967920,34960947,6973
58572,35284703,35279695,5008
58573,35014160,35003857,10303
58574,35014160,35013550,610
58575,35014160,35003857,10303
58576,35210802,35209292,1510
58577,35210802,35209292,1510
58578,35210802,35209292,1510
58579,35210802,35209292,1510
58580,35210802,35209292,1510
58581,35210802,35209292,1510
58582,35210802,35209292,1510
58583,35261609,35260604,1005
58584,35261609,35260604,1005
58585,35189918,35189885,33
58586,35210802,35209292,1510
58587,35261609,35260604,1005
58588,35210802,35209292,1510
58589,35210802,35209292,1510
58590,35201354,35201284,70
58591,35229161,35229161,0
58592,35288158,35288067,91
58593,35478561,35469654,8907
58594,35515334,35514900,434
58595,35469654,35469654,0
58596,35743440,35743149,291
58597,35743149,35743149,0
58598,35761452,35757940,3512
58599,35796264,35796137,127
58600,35828107,35821932,6175
58601,35831902,35821932,9970
58602,35831902,35821932,9970
58603,35832236,35821932,10304
58604,35883613,35821932,61681
58605,35883637,35821932,61705
58606,35883637,35821932,61705
58607,35884573,35821932,62641
58608,35821932,35821932,0
58609,35899261,35899047,214
58610,35986142,35986094,48
58611,35986745,35895855,90890
58612,35987382,35987310,72
58613,35899261,35899047,214
58614,36090519,36088780,1739
58615,36090519,36088780,1739
58616,36260987,36259409,1578
58617,36421462,36421196,266
58618,36421595,36421196,399
58619,36421595,36252965,168630
58620,36421641,36421196,445
58621,36206898,36206806,92
58622,36421255,36252965,168290
58623,36260987,36259409,1578
58624,36421595,36421196,399
58625,36253010,36252965,45
58626,36411723,36411135,588
58627,37432819,37431186,1633
58628,37432559,37431186,1373
58629,37432819,37429682,3137
58630,37432611,37429682,2929
58631,37432611,37431186,1425
58632,37451687,37429682,22005
58633,37443881,37443495,386
58634,37445462,37445180,282
58635,37445464,37444237,1227
58636,37518860,37518810,50
58637,37666572,37665869,703
58638,37666572,37665869,703
58639,37634210,37633034,1176
58640,37748944,37747594,1350
58641,37789125,37788664,461
58642,37838739,37833993,4746
58643,37852388,37833993,18395
58644,37852388,37833993,18395
58645,37915117,37833993,81124
58646,37948867,37833993,114874
58647,37833993,37833993,0
58648,38082907,38081805,1102
58649,38118219,38117574,645
58650,38122510,38120393,2117
58651,38338956,38311183,27773
58652,38353264,38311183,42081
58653,38362545,38311183,51362
58654,38338956,38338938,18
58655,38391958,38390598,1360
58656,38391958,38390598,1360
58657,38391958,38390507,1451
58658,38445103,38444887,216
58659,38445458,38444448,1010
58660,38445458,38444815,643
58661,38525623,38525606,17
58662,38575408,38573875,1533
58663,38516945,38516945,0
58664,38538917,38538917,0
58665,38575408,38573875,1533
58666,38575408,38573875,1533
58667,38575408,38573875,1533
58668,38575408,38573875,1533
58669,38558380,38558112,268
58670,38592989,38592872,117
58671,38639833,38639595,238
58672,38639833,38612871,26962
58673,38639833,38639595,238
58674,38639833,38639595,238
58675,38639833,38639595,238
58676,38858916,38858915,1
58677,38887679,38878610,9069
58678,38887679,38884834,2845
58679,38845182,38845120,62
58680,38887679,38884834,2845
58681,38887679,38884257,3422
58682,38887679,38884834,2845
58683,39285557,39212984,72573
58684,39288741,39212984,75757
58685,39493454,39493349,105
58686,39528605,39528496,109
58687,39528605,39528496,109
58688,39673746,39672311,1435
58689,39673746,39672311,1435
58690,39673746,39672311,1435
58691,39673746,39672311,1435
58692,39673746,39672311,1435
58693,39673746,39672311,1435
58694,39673746,39672311,1435
58695,39673746,39672311,1435
58696,39672311,39672311,0
58697,40033704,39947624,86080
58698,39870428,39870304,124
58699,39870428,39795443,74985
58700,39956869,39795443,161426
58701,40032591,39947624,84967
58702,40032591,39947624,84967
58703,40033704,39947624,86080
58704,40033704,39947624,86080
58705,39870428,39870304,124
58706,40033704,39947624,86080
58707,40196878,40194813,2065
58708,40196878,40194813,2065
58709,40555440,40555311,129
58710,40555440,40555311,129
58711,40555440,40555311,129
58712,40555440,40552342,3098
58713,40636945,40582046,54899
58714,40685712,40685417,295
58715,40685712,40685417,295
58716,40601362,40601260,102
58717,40652174,40636929,15245
58718,40652174,40652165,9
58719,40685712,40685417,295
58720,40686888,40686343,545
58721,40695144,40694955,189
58722,40721047,40720843,204
58723,40764446,40763804,642
58724,40769815,40768865,950
58725,40769815,40768865,950
58726,40816128,40800419,15709
58727,40817659,40800419,17240
58728,40801137,40795324,5813
58729,40817670,40800419,17251
58730,40887433,40883702,3731
58731,40887433,40883702,3731
58732,41034815,41033419,1396
58733,40984749,40984292,457
58734,41034815,41033419,1396
58735,41034815,41033419,1396
58736,41034815,41033419,1396
58737,41034815,41033419,1396
58738,41034815,41033419,1396
58739,41033419,41033419,0
58740,41174023,41173284,739
58741,41301322,41301036,286
58742,42219039,42218587,452
58743,42219039,42218587,452
58744,42648524,42647551,973
58745,42648524,42647551,973
58746,42648524,42647354,1170
58747,42557166,42551555,5611
58748,42718276,42717788,488
58749,42729654,42729124,530
58750,42729654,42729124,530
58751,42780869,42780160,709
58752,42780869,42780160,709
58753,42780869,42780160,709
58754,42831141,42830685,456
58755,42831141,42830685,456
58756,42831141,42830685,456
58757,42879992,42879931,61
58758,42880085,42870060,10025
58759,42903043,42870060,32983
58760,43135935,43134469,1466
58761,43187249,43187201,48
58762,43299591,43299480,111
58763,43299591,43299480,111
58764,43299591,43299480,111
58765,43299591,43299480,111
58766,43321858,43319438,2420
58767,43328352,43327266,1086
58768,43339142,43339057,85
58769,43346799,43342107,4692
58770,43373999,43373757,242
58771,43346799,43342107,4692
58772,43430496,43414204,16292
58773,43430496,43414204,16292
58774,43430496,43414204,16292
58775,43430496,43414204,16292
58776,43414204,43414204,0
58777,43430496,43414204,16292
58778,43430496,43414204,16292
58779,43445060,43442522,2538
58780,43563105,43557730,5375
58781,43563105,43557730,5375
58782,43563105,43557730,5375
58783,43563105,43557730,5375
58784,43496973,43496771,202
58785,43524197,43524196,1
58786,43524197,43524196,1
58787,43524197,43524196,1
58788,43528644,43528492,152
58789,43563105,43557730,5375
58790,43557751,43557730,21
58791,43717354,43716502,852
58792,43717354,43716502,852
58793,43717354,43716502,852
58794,43717354,43716502,852
58795,43717354,43716502,852
58796,43717354,43716502,852
58797,43717354,43716502,852
58798,43715445,43714812,633
58799,43735706,43735526,180
58800,43771208,43771066,142
58801,43786644,43786604,40
58802,43803860,43802399,1461
58803,43809258,43808576,682
58804,43810527,43808576,1951
58805,43816955,43815526,1429
58806,43816955,43815526,1429
58807,43816955,43815526,1429
58808,43867790,43867304,486
58809,43867790,43867304,486
58810,43867790,43867230,560
58811,43916401,43916296,105
58812,44001550,44000470,1080
58813,44001550,44000470,1080
58814,44195618,44195403,215
58815,44195618,44195403,215
58816,44195618,44195403,215
58817,44195618,44195403,215
58818,44195618,44195403,215
58819,44195618,44195403,215
58820,44195618,44195403,215
58821,44195618,44195403,215
58822,44195618,44195403,215
58823,44195618,44195403,215
58824,44195618,44195403,215
58825,44195618,44195403,215
58826,44195618,44195403,215
58827,44195618,44195403,215
58828,44195618,44195403,215
58829,44195618,44195403,215
58830,44195618,44195403,215
58831,44195618,44195403,215
58832,44195618,44195403,215
58833,44195618,44195403,215
58834,44195618,44195403,215
58835,44186088,44185730,358
58836,44299693,44299605,88
58837,44299385,44283564,15821
58838,44299693,44299605,88
58839,44299693,44299605,88
58840,44299693,44283564,16129
58841,44299699,44283564,16135
58842,44299699,44283564,16135
58843,44329773,44329131,642
58844,44329773,44329131,642
58845,44329773,44329131,642
58846,44345728,44339116,6612
58847,44449067,44449067,0
58848,44453688,44450211,3477
58849,44453688,44450211,3477
58850,44438159,44437152,1007
58851,44488514,44487888,626
58852,44496040,44492303,3737
58853,44496040,44492303,3737
58854,44496472,44492303,4169
58855,44496472,44492303,4169
58856,44525362,44515833,9529
58857,44527688,44515833,11855
58858,44527688,44527604,84
58859,44527688,44527604,84
58860,44527688,44527604,84
58861,44527688,44527604,84
58862,44592913,44592390,523
58863,44847002,44846058,944
58864,45078201,45064235,13966
58865,45079374,45077977,1397
58866,45115960,45113264,2696
58867,45115960,45113264,2696
58868,45182188,45175944,6244
58869,45182188,45175944,6244
58870,45158742,45156956,1786
58871,45196256,45196150,106
58872,45222441,45222360,81
58873,45223983,45223655,328
58874,45223983,45223655,328
58875,45223983,45223655,328
58876,45407475,45402273,5202
58877,45407475,45402273,5202
58878,45407475,45402273,5202
58879,45407475,45402273,5202
58880,45480110,45479386,724
58881,45526432,45523412,3020
58882,45526432,45523412,3020
58883,45526432,45523412,3020
58884,45518940,45518522,418
58885,45551063,45550653,410
58886,45565605,45564831,774
58887,45565605,45564831,774
58888,45660834,45660700,134
58889,45660834,45656885,3949
58890,45660834,45660700,134
58891,45660834,45660700,134
58892,45682099,45681142,957
58893,45682099,45681142,957
58894,45718102,45717610,492
58895,45718102,45717610,492
58896,45718102,45717610,492
58897,45733026,45733024,2
58898,45747261,45746745,516
58899,45747261,45746745,516
58900,45747261,45746745,516
58901,45747261,45746745,516
58902,45754407,45750906,3501
58903,45758221,45755669,2552
58904,45759285,45759077,208
58905,45759285,45759077,208
58906,45759285,45759077,208
58907,45758221,45755669,2552
58908,45862964,45861700,1264
58909,45862964,45861700,1264
58910,45862964,45861700,1264
58911,45862964,45861700,1264
58912,45862964,45861700,1264
58913,45862964,45861700,1264
58914,45862964,45861700,1264
58915,45878739,45877301,1438
58916,45877301,45877301,0
58917,46131495,45987767,143728
58918,46131495,46131429,66
58919,45960078,45960033,45
58920,45971388,45971341,47
58921,45978643,45978598,45
58922,45994987,45994841,146
58923,46000481,46000455,26
58924,46012386,46012365,21
58925,46022091,46021649,442
58926,46032871,46032797,74
58927,46048295,46047967,328
58928,46058372,46058090,282
58929,46067566,46067272,294
58930,46074576,46074531,45
58931,46078258,46078187,71
58932,46086844,46086803,41
58933,46102078,46102038,40
58934,46117959,46117854,105
58935,46221751,46207875,13876
58936,46221751,46221663,88
58937,46221751,46197247,24504
58938,46238044,46237883,161
58939,46238044,46237883,161
58940,46293818,46293531,287
58941,46293818,46293531,287
58942,46330741,46330697,44
58943,46340965,46330697,10268
58944,46340965,46326923,14042
58945,46340965,46330697,10268
58946,46348753,46330697,18056
58947,46359828,46359582,246
58948,46359828,46357519,2309
58949,46359828,46359582,246
58950,46396888,46396718,170
58951,46396888,46396718,170
58952,46646478,46645470,1008
58953,46646478,46642112,4366
58954,46646478,46645470,1008
58955,46646478,46642112,4366
58956,46596579,46596579,0
58957,46707811,46707786,25
58958,46707811,46707786,25
58959,46707811,46707786,25
58960,46707811,46707786,25
58961,46933634,46932312,1322
58962,46933634,46932312,1322
58963,46964325,46957873,6452
58964,46933634,46932312,1322
58965,46933634,46932312,1322
58966,46954542,46954520,22
58967,46962385,46957873,4512
58968,46962385,46957873,4512
58969,47355618,47355426,192
58970,47362368,47361620,748
58971,47338339,47337626,713
58972,47362368,47361620,748
58973,47362368,47361620,748
58974,47362368,47361620,748
58975,47424963,47423927,1036
58976,47424963,47423927,1036
58977,47549719,47549405,314
58978,47549719,47548842,877
58979,47552763,47552466,297
58980,47575481,47575437,44
58981,47575481,47575437,44
58982,47575481,47575437,44
58983,47575481,47575437,44
58984,47575481,47571868,3613
58985,47604373,47602730,1643
58986,47604373,47588303,16070
58987,47604373,47588224,16149
58988,47648738,47648659,79
58989,47648738,47648659,79
58990,47648738,47648659,79
58991,47648738,47647544,1194
58992,47671604,47669517,2087
58993,47667074,47666352,722
58994,47679179,47676857,2322
58995,47686866,47685249,1617
58996,47705236,47705200,36
58997,47671743,47671489,254
58998,47712111,47711403,708
58999,47712111,47711403,708
59000,47717665,47717548,117
59001,47717665,47717548,117
59002,47717665,47717548,117
59003,47717665,47717548,117
59004,47717665,47717548,117
59005,47738134,47737985,149
59006,47740739,47734920,5819
59007,47739051,47734920,4131
59008,47743785,47742652,1133
59009,47744424,47744204,220
59010,47865682,47865240,442
59011,47865682,47865240,442
59012,47966219,47965919,300
59013,47967120,47966959,161
59014,47967120,47966959,161
59015,47970023,47969831,192
59016,47976432,47976342,90
59017,47989926,47987535,2391
59018,47989926,47987535,2391
59019,47965186,47965186,0
59020,47979011,47978402,609
59021,47989926,47987535,2391
59022,48025035,48022328,2707
59023,48025035,48022328,2707
59024,48075276,48071918,3358
59025,48080068,48078836,1232
59026,48085155,48084239,916
59027,48085155,48084239,916
59028,48085155,48084239,916
59029,48085155,48084286,869
59030,48085155,48084246,909
59031,48085155,48084239,916
59032,48081848,48080889,959
59033,16287425,16280411,7014
59034,16287937,16287885,52
59035,16287937,16287390,547
59036,16449804,16449804,0
59037,17073700,17073440,260
59038,17302584,17288963,13621
59039,17302584,17288963,13621
59040,17489112,17489004,108
59041,17489112,17489004,108
59042,17578399,17578026,373
59043,17596584,17590710,5874
59044,17602213,17602017,196
59045,17602257,17600952,1305
59046,17640169,17640141,28
59047,17646177,17646134,43
59048,17680545,17680468,77
59049,17690779,17690567,212
59050,17700463,17690567,9896
59051,17702738,17690441,12297
59052,17700463,17690441,10022
59053,18033845,18032540,1305
59054,18033845,18032540,1305
59055,18033845,18032540,1305
59056,18003353,18003353,0
59057,18019275,18018834,441
59058,18071361,18070889,472
59059,18073647,18073002,645
59060,18073647,18073002,645
59061,18111588,18111401,187
59062,18111588,18111401,187
59063,18111588,18111401,187
59064,18185188,18185158,30
59065,18213621,18210300,3321
59066,18213621,18209456,4165
59067,18213621,18209456,4165
59068,18213621,18210300,3321
59069,18213621,18210300,3321
59070,18213621,18209456,4165
59071,18213621,18210300,3321
59072,18213621,18209572,4049
59073,18213621,18210300,3321
59074,18213621,18210300,3321
59075,18213621,18210300,3321
59076,18213621,18210300,3321
59077,18213621,18210300,3321
59078,18256808,18256455,353
59079,18256808,18222189,34619
59080,18257261,18232882,24379
59081,18257261,18222189,35072
59082,18257261,18222189,35072
59083,18257261,18222189,35072
59084,18257431,18222189,35242
59085,18257431,18232882,24549
59086,18274433,18274065,368
59087,18389652,18389578,74
59088,18507325,18389578,117747
59089,18507325,18389578,117747
59090,18325248,18325025,223
59091,18385513,18382261,3252
59092,18389652,18389578,74
59093,18484267,18379594,104673
59094,18376670,18376622,48
59095,18507325,18389578,117747
59096,18507325,18389578,117747
59097,18573797,18570841,2956
59098,18573797,18570841,2956
59099,18573797,18570841,2956
59100,18561541,18561522,19
59101,18614498,18613903,595
59102,18614498,18613903,595
59103,18614498,18613903,595
59104,18660162,18659584,578
59105,18736925,18736923,2
59106,18839322,18835833,3489
59107,18899601,18899202,399
59108,18923806,18918660,5146
59109,18924066,18923800,266
59110,18924066,18918660,5406
59111,19109967,19109719,248
59112,19109967,19109719,248
59113,19109967,19109719,248
59114,19109967,19044628,65339
59115,19109967,19109719,248
59116,19109967,19044628,65339
59117,19132190,19132153,37
59118,19120136,19119989,147
59119,19137796,19137796,0
59120,19166018,19165371,647
59121,19166018,19165868,150
59122,19166338,19166186,152
59123,19195186,19188977,6209
59124,19195186,19188977,6209
59125,19279239,19279164,75
59126,19279239,19279164,75
59127,19279239,19279164,75
59128,19279239,19279164,75
59129,19279239,19279164,75
59130,19196837,19188946,7891
59131,19203344,19197964,5380
59132,19203344,19197964,5380
59133,19419219,19418999,220
59134,19419219,19385605,33614
59135,19419219,19418999,220
59136,19435755,19396084,39671
59137,19423596,19423485,111
59138,19435755,19435322,433
59139,19435755,19435322,433
59140,19466738,19466608,130
59141,19466738,19466608,130
59142,19466738,19466608,130
59143,19466738,19462618,4120
59144,19466738,19462618,4120
59145,19502571,19502530,41
59146,19508135,19506431,1704
59147,19508135,19506431,1704
59148,19508135,19506431,1704
59149,19512860,19512033,827
59150,19512860,19512033,827
59151,19711102,19710007,1095
59152,19711102,19709834,1268
59153,19712297,19711987,310
59154,19754855,19754390,465
59155,19767068,19766930,138
59156,19771112,19770545,567
59157,19842462,19808878,33584
59158,19842339,19839784,2555
59159,19842371,19839784,2587
59160,19842462,19839784,2678
59161,19839784,19839784,0
59162,19929359,19929326,33
59163,19868870,19868276,594
59164,19929359,19929326,33
59165,19921049,19920963,86
59166,19929359,19929326,33
59167,19957498,19956259,1239
59168,19957498,19956259,1239
59169,19957498,19956259,1239
59170,19950338,19950337,1
59171,19951919,19951915,4
59172,19966734,19966565,169
59173,20004309,19978317,25992
59174,20053447,20052185,1262
59175,20053447,20052185,1262
59176,20043764,20041282,2482
59177,20044627,20044536,91
59178,20053447,20052115,1332
59179,20053447,20052185,1262
59180,20053447,20052185,1262
59181,20053447,20052185,1262
59182,20053447,20050919,2528
59183,20053447,20052087,1360
59184,20099400,20097631,1769
59185,20099400,20097631,1769
59186,20099400,20097631,1769
59187,20104818,20104429,389
59188,20104818,20104429,389
59189,20104818,20104429,389
59190,20104818,20104429,389
59191,20113711,20113135,576
59192,20114704,20114575,129
59193,20114706,20114575,131
59194,20135530,20134754,776
59195,20135530,20132923,2607
59196,20135530,20132923,2607
59197,20137431,20137261,170
59198,20196060,20194682,1378
59199,20231207,20229971,1236
59200,20255816,20255615,201
59201,20307628,20307511,117
59202,20307628,20307511,117
59203,20380440,20380326,114
59204,20461786,20461301,485
59205,20656858,20656715,143
59206,20726978,20723799,3179
59207,20731542,20731476,66
59208,20762753,20761258,1495
59209,20762753,20761258,1495
59210,20762753,20761258,1495
59211,20762753,20761258,1495
59212,20762753,20759946,2807
59213,20792146,20792041,105
59214,20792146,20792041,105
59215,20850170,20843498,6672
59216,20850170,20819827,30343
59217,20918975,20918975,0
59218,20921104,20921104,0
59219,20941919,20940991,928
59220,20941919,20940991,928
59221,20941919,20940991,928
59222,20941919,20940991,928
59223,20941919,20940991,928
59224,20918975,20918975,0
59225,20941919,20940991,928
59226,20941919,20940991,928
59227,20941919,20940991,928
59228,20941919,20940991,928
59229,21046009,21045692,317
59230,21088955,21088838,117
59231,21213100,21213013,87
59232,21142008,21141354,654
59233,21142008,21141354,654
59234,21213100,21213097,3
59235,21245501,21242124,3377
59236,21308037,21304133,3904
59237,21335649,21335320,329
59238,21335649,21335320,329
59239,21335649,21335320,329
59240,21335649,21335320,329
59241,21353326,21351637,1689
59242,21353326,21351637,1689
59243,21353326,21351637,1689
59244,21348960,21348650,310
59245,21356404,21356200,204
59246,21356404,21356200,204
59247,21382302,21380906,1396
59248,21373080,21372263,817
59249,21382302,21380906,1396
59250,21386847,21386101,746
59251,21386847,21386101,746
59252,21476575,21475254,1321
59253,21482046,21481925,121
59254,21482095,21481925,170
59255,21563772,21563150,622
59256,21638950,21638558,392
59257,21743455,21743067,388
59258,21805750,21801032,4718
59259,21805750,21801032,4718
59260,21824224,21824110,114
59261,21822720,21822021,699
59262,21844900,21842641,2259
59263,21846383,21842641,3742
59264,21846383,21834226,12157
59265,21844900,21842641,2259
59266,21905750,21905265,485
59267,21978323,21975958,2365
59268,21978323,21968901,9422
59269,21978323,21975958,2365
59270,21978323,21975958,2365
59271,21978323,21975958,2365
59272,21984340,21984303,37
59273,21984340,21984303,37
59274,21990091,21989933,158
59275,21991616,21991359,257
59276,21998588,21998464,124
59277,22050349,22049779,570
59278,22052202,22051192,1010
59279,22052202,22049779,2423
59280,22052202,22049779,2423
59281,22052202,22051103,1099
59282,22052202,22049779,2423
59283,22090071,22065033,25038
59284,22221970,22221730,240
59285,22221970,22221730,240
59286,22221970,22221730,240
59287,22292934,22292618,316
59288,22307250,22300420,6830
59289,22307250,22300420,6830
59290,22322088,22316960,5128
59291,22337147,22330081,7066
59292,22337187,22330081,7106
59293,22337187,22330081,7106
59294,22599926,22599749,177
59295,22863505,22843723,19782
59296,22843723,22843723,0
59297,22874613,22869954,4659
59298,22869954,22869954,0
59299,22896603,22893484,3119
59300,22900022,22899252,770
59301,22900022,22899252,770
59302,22901550,22899252,2298
59303,22901550,22899252,2298
59304,22901696,22899252,2444
59305,22901696,22899252,2444
59306,22901696,22899252,2444
59307,22909007,22906221,2786
59308,22990368,22990211,157
59309,22990368,22990211,157
59310,23238013,23237874,139
59311,23238013,23237874,139
59312,23238013,23237874,139
59313,23484241,23482607,1634
59314,23467221,23465618,1603
59315,23484241,23482607,1634
59316,23506531,23503751,2780
59317,23506531,23503751,2780
59318,23660224,23657709,2515
59319,23660224,23657709,2515
59320,23660224,23657709,2515
59321,23627388,23627388,0
59322,23607186,23605790,1396
59323,23633317,23631867,1450
59324,23744799,23742455,2344
59325,23744799,23742455,2344
59326,23922495,23922377,118
59327,23922495,23922377,118
59328,23974508,23974210,298
59329,24041363,24041070,293
59330,24041363,24041300,63
59331,24041354,24040838,516
59332,24041363,24041155,208
59333,24041357,24040398,959
59334,24093279,24087327,5952
59335,24087327,24087327,0
59336,24096630,24096550,80
59337,24108050,24107919,131
59338,24108050,24107915,135
59339,24110141,24110061,80
59340,24126503,24125731,772
59341,24143960,24143584,376
59342,24143960,24143584,376
59343,24176696,24176656,40
59344,24176705,24176367,338
59345,24176705,24176367,338
59346,24176705,24176367,338
59347,24181199,24181174,25
59348,24181199,24181174,25
59349,24181199,24181174,25
59350,24181315,24180761,554
59351,24226211,24225329,882
59352,24227725,24227036,689
59353,24227725,24227036,689
59354,24227179,24227133,46
59355,24219886,24219362,524
59356,24227725,24227036,689
59357,24241117,24238100,3017
59358,24237409,24237293,116
59359,24303393,24303318,75
59360,24303393,24303318,75
59361,24314748,24313595,1153
59362,24316680,24316603,77
59363,24322019,24316603,5416
59364,24326106,24325797,309
59365,24326106,24325797,309
59366,24374043,24373873,170
59367,24384284,24384231,53
59368,24452823,24452821,2
59369,24574596,24574164,432
59370,24574596,24574164,432
59371,24574596,24574164,432
59372,24452823,24452821,2
59373,24574596,24574164,432
59374,24564518,24564517,1
59375,24574596,24574164,432
59376,24585074,24584404,670
59377,24641110,24640693,417
59378,24641110,24640693,417
59379,24641110,24640693,417
59380,24641110,24640693,417
59381,24641110,24640693,417
59382,24649256,24649256,0
59383,24813708,24810591,3117
59384,24813708,24810591,3117
59385,24813708,24810591,3117
59386,24813708,24810591,3117
59387,24838325,24837457,868
59388,24838325,24837457,868
59389,24829704,24829674,30
59390,24838325,24837457,868
59391,24829704,24829674,30
59392,24838325,24837457,868
59393,24838325,24837457,868
59394,24838325,24837457,868
59395,24922553,24921762,791
59396,24922553,24921762,791
59397,24951275,24950959,316
59398,24951903,24951793,110
59399,24951275,24950959,316
59400,24951275,24950959,316
59401,24951903,24951793,110
59402,24968509,24967945,564
59403,24978854,24968029,10825
59404,25024972,25024806,166
59405,24989035,24989006,29
59406,25024160,25024160,0
59407,25024972,25024806,166
59408,25024972,25024806,166
59409,25024972,25024806,166
59410,25024972,25024806,166
59411,25024972,25024806,166
59412,25024972,25024806,166
59413,25049327,25045957,3370
59414,25047058,25047058,0
59415,25170687,25153902,16785
59416,25170687,25153902,16785
59417,25170687,25158466,12221
59418,25170687,25158466,12221
59419,25255871,25255811,60
59420,25322813,25320241,2572
59421,25322813,25320241,2572
59422,25322813,25320241,2572
59423,25322813,25320241,2572
59424,25322813,25320241,2572
59425,25335314,25334242,1072
59426,25593415,25586747,6668
59427,25593415,25586747,6668
59428,25603326,25603179,147
59429,25627836,25627739,97
59430,25758524,25756059,2465
59431,25777544,25756059,21485
59432,25777544,25756059,21485
59433,25857645,25857056,589
59434,25857645,25857056,589
59435,26106104,26105949,155
59436,26110537,26110536,1
59437,26125258,26118417,6841
59438,26427007,26423644,3363
59439,26423732,26423644,88
59440,26427007,26423644,3363
59441,26427007,26423644,3363
59442,26427007,26423644,3363
59443,26423732,26423644,88
59444,26427007,26423644,3363
59445,26779563,26776261,3302
59446,26779563,26776261,3302
59447,26779563,26776261,3302
59448,26779563,26776261,3302
59449,26779563,26776261,3302
59450,26779563,26776261,3302
59451,26773741,26773741,0
59452,26773741,26773741,0
59453,26840978,26839172,1806
59454,26868384,26861428,6956
59455,26875647,26866818,8829
59456,26875647,26875347,300
59457,26879803,26862270,17533
59458,26879829,26866818,13011
59459,26879829,26877728,2101
59460,26879829,26877728,2101
59461,26875647,26875347,300
59462,26887904,26887638,266
59463,26887904,26887638,266
59464,26890585,26890339,246
59465,26908343,26906238,2105
59466,26908437,26906238,2199
59467,26908437,26906238,2199
59468,26961370,26937596,23774
59469,26986089,26937596,48493
59470,26986089,26937596,48493
59471,27013991,27012283,1708
59472,27026636,27026451,185
59473,27114949,27114179,770
59474,27456467,27456318,149
59475,28187871,28187810,61
59476,28197486,28196531,955
59477,28315187,28315115,72
59478,28315255,28315179,76
59479,28315255,28315179,76
59480,29075853,29075711,142
59481,29130715,29115402,15313
59482,29130715,29130709,6
59483,29130715,29130709,6
59484,29137822,29130709,7113
59485,29137822,29115402,22420
59486,29137822,29130709,7113
59487,29137822,29130709,7113
59488,29153496,29153157,339
59489,29185283,29182314,2969
59490,29185283,29182314,2969
59491,29185283,29182314,2969
59492,29185283,29182314,2969
59493,29193033,29192070,963
59494,29196560,29196512,48
59495,29453476,29449610,3866
59496,29453476,29449610,3866
59497,29457907,29457780,127
59498,29542808,29538100,4708
59499,29564321,29563094,1227
59500,29542808,29538100,4708
59501,29655586,29654933,653
59502,29655586,29654933,653
59503,29655586,29654933,653
59504,29663914,29661615,2299
59505,29686672,29686492,180
59506,29696515,29696151,364
59507,29696515,29696151,364
59508,29696515,29696151,364
59509,29696515,29696151,364
59510,29696515,29696151,364
59511,29696515,29696151,364
59512,29708770,29708486,284
59513,29708774,29708486,288
59514,29708774,29706992,1782
59515,29708774,29708486,288
59516,29708774,29708055,719
59517,29708774,29708055,719
59518,29711745,29711235,510
59519,29711745,29709698,2047
59520,29728310,29727805,505
59521,29746139,29745302,837
59522,29784572,29763232,21340
59523,29784572,29763232,21340
59524,29784572,29763232,21340
59525,29838444,29838111,333
59526,29887277,29886692,585
59527,29887277,29886795,482
59528,29924455,29924115,340
59529,29949644,29945136,4508
59530,29949644,29945136,4508
59531,29949736,29945136,4600
59532,29949736,29945136,4600
59533,29949736,29945136,4600
59534,29939531,29939486,45
59535,29977085,29977071,14
59536,29977326,29977071,255
59537,30079904,30079044,860
59538,30079904,30079044,860
59539,30094589,30079044,15545
59540,30094589,30079044,15545
59541,30094589,30079044,15545
59542,30094589,30079044,15545
59543,30094589,30079044,15545
59544,30094589,30090791,3798
59545,30094589,30079044,15545
59546,30094589,30079044,15545
59547,30094589,30090791,3798
59548,30079904,30079044,860
59549,30094589,30090798,3791
59550,30127820,30125558,2262
59551,30162969,30144533,18436
59552,30162969,30144533,18436
59553,30163000,30144533,18467
59554,30166402,30165708,694
59555,30166402,30163576,2826
59556,30163576,30163576,0
59557,30234293,30228314,5979
59558,30234293,30228314,5979
59559,30426857,30421790,5067
59560,30426857,30421790,5067
59561,30426857,30421790,5067
59562,30573062,30572156,906
59563,30573062,30572156,906
59564,30642840,30642684,156
59565,30642840,30642684,156
59566,30642982,30642797,185
59567,30662829,30662788,41
59568,30685616,30685486,130
59569,30695540,30691823,3717
59570,30685616,30683394,2222
59571,30685616,30683394,2222
59572,30722955,30722870,85
59573,30722955,30722870,85
59574,30752913,30752781,132
59575,30752913,30752781,132
59576,30772818,30772734,84
59577,30772818,30772734,84
59578,30782875,30782748,127
59579,30783302,30783302,0
59580,30812964,30812490,474
59581,30821291,30818396,2895
59582,30821291,30818396,2895
59583,30821291,30818396,2895
59584,30821291,30818396,2895
59585,30820925,30820803,122
59586,30825041,30824521,520
59587,30825041,30824717,324
59588,30825041,30824717,324
59589,30825041,30824521,520
59590,30825041,30824661,380
59591,30868034,30864778,3256
59592,30868034,30866062,1972
59593,30868034,30866062,1972
59594,30868034,30867945,89
59595,30901698,30901598,100
59596,30901698,30901598,100
59597,30901698,30899699,1999
59598,30901698,30891926,9772
59599,30942669,30942669,0
59600,30956748,30953379,3369
59601,30956748,30953379,3369
59602,30960876,30953379,7497
59603,30968817,30953379,15438
59604,30987927,30987820,107
59605,30987927,30987820,107
59606,31003000,30980655,22345
59607,31003000,30980655,22345
59608,31023047,31022508,539
59609,31023047,31022508,539
59610,31043862,31043018,844
59611,31065003,31061544,3459
59612,31063872,31059990,3882
59613,31063872,31059899,3973
59614,31063872,31059990,3882
59615,31059990,31059990,0
59616,31303811,31302326,1485
59617,31303811,31302326,1485
59618,31268556,31268364,192
59619,31302551,31302220,331
59620,31303811,31302326,1485
59621,31303811,31302326,1485
59622,31303811,31302326,1485
59623,31302701,31302326,375
59624,31303811,31302326,1485
59625,31303811,31302220,1591
59626,31364187,31346402,17785
59627,31500610,31497015,3595
59628,31500610,31500452,158
59629,31500610,31500452,158
59630,31500610,31500452,158
59631,31500610,31497015,3595
59632,31500610,31497015,3595
59633,31500610,31497015,3595
59634,31500610,31497015,3595
59635,31500610,31497015,3595
59636,31503551,31503491,60
59637,31523237,31523035,202
59638,31530683,31530405,278
59639,31530683,31530405,278
59640,31530683,31530405,278
59641,31530683,31530405,278
59642,31530683,31530405,278
59643,31530683,31530405,278
59644,31530683,31529736,947
59645,31536469,31536340,129
59646,31603005,31600572,2433
59647,31603005,31600572,2433
59648,31603005,31600572,2433
59649,31676066,31674427,1639
59650,31676066,31674427,1639
59651,31673624,31673126,498
59652,31676066,31674427,1639
59653,31676066,31674427,1639
59654,31688520,31688330,190
59655,31688520,31688330,190
59656,31688520,31688330,190
59657,31688520,31688330,190
59658,31742249,31741588,661
59659,31742249,31741588,661
59660,31742249,31741588,661
59661,31742249,31741588,661
59662,31744504,31743328,1176
59663,31830172,31829957,215
59664,31847246,31846325,921
59665,31851973,31851973,0
59666,31851973,31851973,0
59667,31885547,31884704,843
59668,31885874,31884704,1170
59669,31885874,31884704,1170
59670,31885923,31884704,1219
59671,32000931,32000929,2
59672,32014537,32014404,133
59673,32014537,32014404,133
59674,32014537,32014404,133
59675,32014537,32014404,133
59676,32014537,32014404,133
59677,32014537,32014404,133
59678,32014537,32014404,133
59679,32026810,32021801,5009
59680,32034488,32021801,12687
59681,32058252,32058194,58
59682,32113277,32113221,56
59683,32146120,32134846,11274
59684,32113277,32113221,56
59685,32303020,32302483,537
59686,32211977,32211415,562
59687,32230243,32230109,134
59688,32303020,32302483,537
59689,32303020,32302483,537
59690,32303020,32302483,537
59691,32303020,32302483,537
59692,32269318,32269269,49
59693,32303020,32302483,537
59694,32303020,32302483,537
59695,32303020,32302368,652
59696,32303020,32302483,537
59697,32341336,32334052,7284
59698,32353590,32352779,811
59699,32353590,32352779,811
59700,32353590,32352779,811
59701,32509011,32506200,2811
59702,32509011,32506200,2811
59703,32555243,32555202,41
59704,32589466,32589261,205
59705,32598537,32589174,9363
59706,32599464,32598438,1026
59707,32600718,32589174,11544
59708,32651318,32651316,2
59709,32757148,32756819,329
59710,32757148,32756819,329
59711,32767063,32766913,150
59712,32808274,32808143,131
59713,32853373,32853373,0
59714,32853373,32841657,11716
59715,32860433,32831786,28647
59716,32860433,32853373,7060
59717,32887579,32883835,3744
59718,32894818,32894517,301
59719,32894818,32894517,301
59720,32894818,32894517,301
59721,32894818,32894517,301
59722,33402809,33402647,162
59723,33402809,33402647,162
59724,33454377,33402647,51730
59725,32926204,32924992,1212
59726,33259028,33255364,3664
59727,33968248,33968142,106
59728,34316416,34157463,158953
59729,34316416,34157463,158953
59730,34316416,34157463,158953
59731,34318584,34046556,272028
59732,34318584,34157463,161121
59733,35483380,35481686,1694
59734,35661596,35661596,0
59735,35691800,35689644,2156
59736,35691800,35689644,2156
59737,35743987,35743202,785
59738,35743987,35743202,785
59739,35743987,35743202,785
59740,35743987,35743202,785
59741,35743987,35743202,785
59742,35743987,35743202,785
59743,35790207,35789591,616
59744,35820495,35820248,247
59745,35820495,35820248,247
59746,35820494,35817584,2910
59747,35950045,35948079,1966
59748,35950045,35948079,1966
59749,36013384,36013304,80
59750,36013555,36013304,251
59751,36019401,36013304,6097
59752,36064456,36055643,8813
59753,36125529,36124945,584
59754,36236630,36236265,365
59755,36236630,36236265,365
59756,36236630,36236265,365
59757,36236630,36236265,365
59758,36236630,36236265,365
59759,36334945,36206018,128927
59760,36424585,36424473,112
59761,36424585,36424473,112
59762,36556977,36545103,11874
59763,36556977,36545103,11874
59764,36556977,36545103,11874
59765,36556977,36556939,38
59766,36562225,36537856,24369
59767,36562225,36537856,24369
59768,36537856,36537856,0
59769,36600879,36597780,3099
59770,36600879,36598082,2797
59771,36600879,36597780,3099
59772,36600879,36597780,3099
59773,36635607,36635564,43
59774,36635689,36629208,6481
59775,36636000,36629208,6792
59776,36662181,36662079,102
59777,36663577,36662079,1498
59778,36663577,36662079,1498
59779,36663577,36662079,1498
59780,36663577,36662079,1498
59781,36663577,36662079,1498
59782,36663577,36662079,1498
59783,36784063,36745281,38782
59784,36737848,36737496,352
59785,36761157,36745281,15876
59786,36877687,36876884,803
59787,36902577,36902469,108
59788,36903090,36902469,621
59789,36903148,36902469,679
59790,36916745,36916681,64
59791,36925277,36922168,3109
59792,36925277,36920657,4620
59793,36925277,36922168,3109
59794,37098690,37098621,69
59795,37172177,37171751,426
59796,37172177,37171751,426
59797,37172177,37171751,426
59798,37172177,37171751,426
59799,37213079,37213049,30
59800,37215517,37213049,2468
59801,37274059,37273865,194
59802,37274059,37272114,1945
59803,37336479,37334544,1935
59804,37336479,37334544,1935
59805,37403877,37400028,3849
59806,37403877,37398111,5766
59807,37415468,37414773,695
59808,37415494,37414773,721
59809,37416224,37414773,1451
59810,37425863,37425555,308
59811,37425863,37425555,308
59812,37425853,37421141,4712
59813,37425863,37425555,308
59814,37457174,37456994,180
59815,37459430,37458634,796
59816,37459430,37458634,796
59817,37499693,37499579,114
59818,37505603,37499457,6146
59819,37499693,37499457,236
59820,37545962,37540212,5750
59821,37581994,37581489,505
59822,37584516,37584253,263
59823,37584516,37584253,263
59824,37606610,37603842,2768
59825,37608353,37603842,4511
59826,37603842,37603842,0
59827,37640305,37640188,117
59828,37694415,37693727,688
59829,37706815,37705278,1537
59830,37711389,37709552,1837
59831,37711389,37709552,1837
59832,37823505,37771574,51931
59833,37771574,37771574,0
59834,37882425,37882215,210
59835,37882478,37882215,263
59836,37882478,37876275,6203
59837,37888557,37887777,780
59838,37892787,37892468,319
59839,37905156,37905065,91
59840,37915224,37915207,17
59841,37915247,37915207,40
59842,37965410,37964827,583
59843,37976024,37975912,112
59844,38014127,38013070,1057
59845,38029571,38028718,853
59846,38029571,38028718,853
59847,38029571,38028718,853
59848,38029571,38028718,853
59849,38046732,38046226,506
59850,38052049,38052048,1
59851,38052050,38051691,359
59852,38062939,38061878,1061
59853,38052049,38052048,1
59854,38062939,38061878,1061
59855,38075809,38075756,53
59856,38087429,38086805,624
59857,38089485,38087343,2142
59858,38122510,38122508,2
59859,38172563,38168769,3794
59860,38122577,38122514,63
59861,38172563,38168769,3794
59862,38155963,38155534,429
59863,38172563,38168769,3794
59864,38169113,38167902,1211
59865,38172563,38168769,3794
59866,38203443,38202136,1307
59867,38212906,38212725,181
59868,38213183,38212725,458
59869,38221502,38221477,25
59870,38240353,38240245,108
59871,38240353,38236205,4148
59872,38284789,38284471,318
59873,38284789,38284471,318
59874,38284789,38284471,318
59875,38338465,38336837,1628
59876,38349654,38349156,498
59877,38349676,38349156,520
59878,38364662,38363303,1359
59879,38365319,38363722,1597
59880,38380539,38379791,748
59881,38383429,38379791,3638
59882,38380539,38379791,748
59883,38384339,38383368,971
59884,38471708,38471139,569
59885,38471708,38471139,569
59886,38471708,38471139,569
59887,38471708,38471139,569
59888,38479170,38478880,290
59889,38506676,38506532,144
59890,38510194,38509869,325
59891,38577761,38565433,12328
59892,38577761,38565433,12328
59893,38577761,38565433,12328
59894,38577836,38565433,12403
59895,38577836,38565433,12403
59896,38612517,38610885,1632
59897,38612517,38610885,1632
59898,38612517,38610885,1632
59899,38612517,38610885,1632
59900,38612517,38611064,1453
59901,38610885,38610885,0
59902,38668670,38643967,24703
59903,38669040,38642100,26940
59904,38669040,38643967,25073
59905,38713413,38710162,3251
59906,38714089,38710162,3927
59907,38794527,38710162,84365
59908,38794931,38766049,28882
59909,38840033,38824137,15896
59910,38851205,38824137,27068
59911,38824137,38824137,0
59912,38877637,38877528,109
59913,38879445,38878541,904
59914,38884966,38883923,1043
59915,38902345,38902242,103
59916,38902345,38902242,103
59917,38903665,38903621,44
59918,38964414,38964261,153
59919,38966201,38964261,1940
59920,38966201,38964261,1940
59921,39052634,39046173,6461
59922,39052634,39035635,16999
59923,39069855,39069241,614
59924,39069855,39069241,614
59925,39080766,39079846,920
59926,39096459,39095992,467
59927,39129592,39126709,2883
59928,39150956,39150905,51
59929,39150956,39150905,51
59930,39151467,39148633,2834
59931,39152024,39148633,3391
59932,39152024,39148633,3391
59933,39190161,39148633,41528
59934,39190161,39178736,11425
59935,39240017,39239863,154
59936,39268258,39268195,63
59937,39268258,39268195,63
59938,39359188,39358514,674
59939,39359188,39358514,674
59940,39388784,39388450,334
59941,39388784,39388450,334
59942,39388784,39388450,334
59943,39414825,39414392,433
59944,39421676,39421674,2
59945,39429256,39428321,935
59946,39429256,39428321,935
59947,39429256,39428321,935
59948,39440428,39440222,206
59949,39442649,39441551,1098
59950,39451975,39448700,3275
59951,39483748,39483426,322
59952,39483748,39483426,322
59953,39483748,39483426,322
59954,39498610,39498563,47
59955,39500072,39498576,1496
59956,39500072,39499702,370
59957,39500072,39499702,370
59958,39548538,39548449,89
59959,39548538,39548449,89
59960,39636914,39636877,37
59961,39640957,39639968,989
59962,39715670,39715602,68
59963,39715670,39715602,68
59964,39716391,39712755,3636
59965,39715670,39715602,68
59966,39774394,39773695,699
59967,39781593,39777919,3674
59968,39827887,39826227,1660
59969,39774394,39773695,699
59970,39827887,39826227,1660
59971,39827887,39826227,1660
59972,39833132,39832576,556
59973,39888199,39884954,3245
59974,39888199,39884954,3245
59975,39911713,39911378,335
59976,39910229,39910229,0
59977,39914137,39910328,3809
59978,39914137,39910328,3809
59979,39918685,39918607,78
59980,39918691,39918607,84
59981,39918691,39918607,84
59982,39928860,39928743,117
59983,40085740,40082410,3330
59984,40085740,40082410,3330
59985,40081215,40080527,688
59986,40081215,40080527,688
59987,40289794,40283752,6042
59988,40367384,40367088,296
59989,40367384,40367088,296
59990,40367384,40367088,296
59991,40367384,40367088,296
59992,40367384,40367088,296
59993,40367384,40367088,296
59994,40367384,40367088,296
59995,40367384,40367088,296
59996,40426043,40425569,474
59997,40731812,40719245,12567
59998,40731812,40719245,12567
59999,40731812,40719245,12567
60000,40731812,40719245,12567
60001,40717790,40717237,553
60002,40762575,40762526,49
60003,40762575,40762526,49
60004,40802553,40802254,299
60005,40805307,40805026,281
60006,40806293,40805763,530
60007,40806293,40805763,530
60008,40859438,40859231,207
60009,41032690,40859231,173459
60010,41032690,40859231,173459
60011,41032690,40859231,173459
60012,41078818,41077932,886
60013,41078818,41077932,886
60014,41215392,41215252,140
60015,41215392,41193291,22101
60016,41215392,41215252,140
60017,41252687,41252544,143
60018,41252687,41252544,143
60019,41258785,41256785,2000
60020,41305239,41303600,1639
60021,41328823,41322439,6384
60022,41328823,41322439,6384
60023,41258130,41257998,132
60024,41369019,41368492,527
60025,41576081,41574960,1121
60026,41623873,41623359,514
60027,41627275,41626255,1020
60028,41636935,41636885,50
60029,41636935,41636885,50
60030,41676770,41676740,30
60031,41678518,41677048,1470
60032,41681969,41677048,4921
60033,41682216,41677048,5168
60034,41732847,41728276,4571
60035,41756151,41753433,2718
60036,41795332,41791964,3368
60037,41790320,41790320,0
60038,41795332,41791964,3368
60039,41795332,41791964,3368
60040,41843027,41833349,9678
60041,41833349,41833349,0
60042,41864708,41864657,51
60043,41924993,41924617,376
60044,41940476,41940105,371
60045,41940479,41940105,374
60046,41940479,41940105,374
60047,41940476,41940105,371
60048,41972670,41970899,1771
60049,41985871,41985809,62
60050,42017061,42016843,218
60051,42060052,42059819,233
60052,42060052,42059819,233
60053,42060052,42059819,233
60054,42060052,42059819,233
60055,42084913,42078362,6551
60056,42084913,42084800,113
60057,42094140,42089982,4158
60058,42142268,42142060,208
60059,42195459,42195303,156
60060,42354544,42354544,0
60061,42195459,42195303,156
60062,42195459,42195303,156
60063,42195459,42195303,156
60064,42195459,42195303,156
60065,42190481,42189949,532
60066,42190481,42189885,596
60067,42195459,42195303,156
60068,42222303,42221827,476
60069,42222303,42221827,476
60070,42302375,42301664,711
60071,42310671,42310671,0
60072,42322821,42322777,44
60073,42322821,42322777,44
60074,42336223,42336178,45
60075,42343148,42343080,68
60076,42343148,42343080,68
60077,42343148,42343080,68
60078,42394225,42392971,1254
60079,42394225,42390760,3465
60080,42394225,42390760,3465
60081,42394225,42392971,1254
60082,42424477,42423185,1292
60083,42424477,42423185,1292
60084,42466846,42466301,545
60085,42475442,42474077,1365
60086,42474077,42474077,0
60087,42480288,42478066,2222
60088,42486888,42486826,62
60089,42525911,42523910,2001
60090,42526883,42526793,90
60091,42526883,42526793,90
60092,42537685,42537296,389
60093,42539582,42537610,1972
60094,42540575,42539492,1083
60095,42540575,42539492,1083
60096,42611445,42611311,134
60097,42611445,42611311,134
60098,42765180,42764940,240
60099,42828401,42828363,38
60100,42912921,42912427,494
60101,42915829,42915792,37
60102,42967907,42967213,694
60103,42970388,42970061,327
60104,42970388,42970061,327
60105,42999166,42998937,229
60106,43010962,43010863,99
60107,43010962,43010863,99
60108,43010962,43010863,99
60109,43040640,43040515,125
60110,43042995,43032804,10191
60111,43042995,43032804,10191
60112,43042995,43032804,10191
60113,43045405,43045321,84
60114,43036607,43036280,327
60115,43116876,43089957,26919
60116,43116876,43089957,26919
60117,43116876,43089957,26919
60118,43117286,43089957,27329
60119,43089957,43089957,0
60120,43253408,43253188,220
60121,43253408,43253188,220
60122,43253408,43253188,220
60123,43343047,43308086,34961
60124,43355887,43308086,47801
60125,43411184,43308086,103098
60126,43471596,43471592,4
60127,43475992,43465849,10143
60128,43485434,43464576,20858
60129,43485434,43471592,13842
60130,43525718,43525311,407
60131,43539403,43539354,49
60132,43539403,43539354,49
60133,43559248,43558997,251
60134,43559248,43559077,171
60135,43559248,43558997,251
60136,43559248,43558997,251
60137,43566280,43565927,353
60138,43583137,43583075,62
60139,43595059,43594769,290
60140,43739394,43739267,127
60141,43739394,43739267,127
60142,43902800,43901496,1304
60143,43902800,43901496,1304
60144,43902800,43901496,1304
60145,43902800,43901496,1304
60146,43902800,43901496,1304
60147,43966023,43965969,54
60148,44208217,44178198,30019
60149,44208217,44151696,56521
60150,44208217,44151696,56521
60151,44063152,44028110,35042
60152,44208217,44178092,30125
60153,44208217,44178189,30028
60154,44178205,44178092,113
60155,44237820,44237744,76
60156,44258378,44258262,116
60157,44258378,44258262,116
60158,44287893,44287760,133
60159,44287893,44287760,133
60160,44287893,44287760,133
60161,44287893,44287760,133
60162,44287893,44285793,2100
60163,44343448,44342262,1186
60164,44392412,44392263,149
60165,44392412,44392263,149
60166,44392412,44392263,149
60167,44565112,44564558,554
60168,44565112,44564558,554
60169,44565112,44564558,554
60170,44565112,44564558,554
60171,44583052,44582525,527
60172,44604349,44602306,2043
60173,44604349,44602306,2043
60174,44583052,44582525,527
60175,44708731,44696825,11906
60176,44894005,44893436,569
60177,44893436,44893436,0
60178,44968329,44968018,311
60179,45133561,45133127,434
60180,45133561,45133127,434
60181,45133561,45133127,434
60182,45133561,45133127,434
60183,45133561,45133127,434
60184,45133561,45133127,434
60185,45258664,45258475,189
60186,45258664,45258475,189
60187,45205681,45205180,501
60188,45258664,45258475,189
60189,45133561,45133127,434
60190,45246845,45244948,1897
60191,45258664,45258195,469
60192,45258664,45258475,189
60193,45258664,45258475,189
60194,45404874,45404692,182
60195,45404874,45312237,92637
60196,45405581,45405430,151
60197,45405809,45405430,379
60198,45404874,45404692,182
60199,45583890,45580536,3354
60200,45583890,45580536,3354
60201,45583890,45580536,3354
60202,45601793,45601169,624
60203,45608265,45608079,186
60204,45608347,45608224,123
60205,45609380,45609211,169
60206,45636650,45636584,66
60207,45691755,45691600,155
60208,45691755,45691600,155
60209,45737836,45736286,1550
60210,45737836,45736286,1550
60211,45737836,45736286,1550
60212,45809500,45809448,52
60213,45809500,45809448,52
60214,45802746,45798415,4331
60215,45828302,45828242,60
60216,45954591,45953954,637
60217,45959242,45959146,96
60218,45959242,45959146,96
60219,45961581,45960872,709
60220,45997014,45996326,688
60221,46241187,46239551,1636
60222,46241187,46239551,1636
60223,46241187,46239551,1636
60224,46368244,46368117,127
60225,46373008,46372634,374
60226,46406657,46403276,3381
60227,46450024,46449973,51
60228,46501901,46501741,160
60229,46507518,46505890,1628
60230,46639653,46631277,8376
60231,46639653,46631277,8376
60232,46639653,46631277,8376
60233,46616543,46615977,566
60234,46639653,46631277,8376
60235,46639653,46631277,8376
60236,46646193,46644181,2012
60237,46659219,46659219,0
60238,46689905,46688781,1124
60239,46689905,46688781,1124
60240,46726707,46726027,680
60241,46726707,46726027,680
60242,46723213,46722555,658
60243,46725027,46724819,208
60244,46750216,46749878,338
60245,46753237,46752903,334
60246,46753237,46752851,386
60247,46753237,46752903,334
60248,46753237,46752903,334
60249,46753237,46752903,334
60250,46753237,46752851,386
60251,46933067,46933067,0
60252,46805171,46805057,114
60253,47075688,47073148,2540
60254,47075688,47073148,2540
60255,47075688,47073148,2540
60256,47108190,47103860,4330
60257,47134152,47134045,107
60258,47571342,47569269,2073
60259,47571342,47569269,2073
60260,47571342,47569269,2073
60261,47571342,47569269,2073
60262,47311916,47311774,142
60263,49147744,49145659,2085
60264,48943199,48942395,804
60265,49147744,49145659,2085
60266,50051190,50051107,83
60267,50217979,50212021,5958
60268,50217979,50217965,14
60269,50218452,50217965,487
60270,50221196,50217965,3231
60271,50283726,50280826,2900
60272,50280826,50280826,0
60273,50312106,50307413,4693
60274,50317458,50317048,410
60275,50317458,50317048,410
60276,50320153,50319318,835
60277,50321186,50320955,231
60278,50321186,50320955,231
60279,50321186,50320955,231
60280,50321186,50320955,231
60281,50357720,50356775,945
60282,50357720,50356775,945
60283,50451055,50439619,11436
60284,50523781,50523331,450
60285,50523781,50523331,450
60286,50524358,50523331,1027
60287,50524358,50523331,1027
60288,50524358,50521542,2816
60289,50524358,50523331,1027
60290,50600116,50599878,238
60291,50600116,50599878,238
60292,50546803,50546803,0
60293,50600116,50599892,224
60294,50581881,50581764,117
60295,50600116,50599878,238
60296,50597686,50596668,1018
60297,50618724,50617689,1035
60298,50618724,50617689,1035
60299,50618724,50617706,1018
60300,50638027,50636948,1079
60301,50638027,50636948,1079
60302,50656045,50655798,247
60303,50656045,50655789,256
60304,50656045,50655789,256
60305,50656045,50655789,256
60306,50660303,50660048,255
60307,50683400,50682888,512
60308,50683400,50682888,512
60309,50663021,50660528,2493
60310,50664618,50664267,351
60311,50683400,50682888,512
60312,50689834,50689461,373
60313,50689834,50689461,373
60314,50689834,50688112,1722
60315,50686901,50686557,344
60316,50699743,50699610,133
60317,50700089,50699938,151
60318,50700089,50699938,151
60319,50699743,50694589,5154
60320,50700089,50699938,151
60321,50708779,50708721,58
60322,50708779,50708721,58
60323,50709340,50705892,3448
60324,50720510,50719826,684
60325,50720991,50720684,307
60326,50746001,50729013,16988
60327,50765489,50765417,72
60328,50883518,50882676,842
60329,50883518,50882662,856
60330,50883518,50882676,842
60331,50883518,50882676,842
60332,50883518,50882676,842
60333,50883518,50882676,842
60334,50893838,50893553,285
60335,50904911,50904392,519
60336,50913464,50913269,195
60337,50913464,50913269,195
60338,50924866,50921332,3534
60339,50924866,50921332,3534
60340,50928750,50928285,465
60341,50928750,50928254,496
60342,50928750,50928254,496
60343,50946135,50946104,31
60344,50946135,50945483,652
60345,50958191,50957788,403
60346,50961901,50961688,213
60347,50963209,50961804,1405
60348,50963209,50961804,1405
60349,50964033,50962840,1193
60350,50964034,50962840,1194
60351,50964570,50962840,1730
60352,50964905,50962840,2065
60353,50962840,50962840,0
60354,50968514,50968138,376
60355,50968514,50968138,376
60356,50968514,50968138,376
60357,50968514,50968138,376
60358,50968514,50968138,376
60359,50968514,50968138,376
60360,50970540,50970506,34
60361,50971008,50970506,502
60362,50989452,50988380,1072
60363,50994861,50994834,27
60364,51001328,50994834,6494
60365,51016506,51016344,162
60366,51016894,51016344,550
60367,51016894,51016344,550
60368,51017096,51016344,752
60369,51017096,51016344,752
60370,51017096,51016344,752
60371,51017096,51016344,752
60372,51017936,51014716,3220
60373,51021253,51019043,2210
60374,51021428,51020261,1167
60375,51021428,51021210,218
60376,51049979,51049207,772
60377,51049979,51049207,772
60378,51049979,51049207,772
60379,51066601,51065800,801
60380,51066601,51066207,394
60381,51066601,51066207,394
60382,51066601,51066207,394
60383,51066601,51066207,394
60384,51066601,51066201,400
60385,51171640,51169740,1900
60386,51160865,51160863,2
60387,51178787,51178584,203
60388,51183727,51183635,92
60389,51222087,51220722,1365
60390,51222087,51220722,1365
60391,51222087,51220722,1365
60392,51222087,51220722,1365
60393,51222087,51220722,1365
60394,51222087,51220722,1365
60395,51222087,51220722,1365
60396,195170,194811,359
60397,195170,194811,359
60398,195170,194811,359
60399,275432,270738,4694
60400,276477,275172,1305
60401,276535,270738,5797
60402,316394,316394,0
60403,358530,358465,65
60404,384040,384040,0
60405,445794,445794,0
60406,578915,578915,0
60407,698991,698900,91
60408,712235,712212,23
60409,735577,733975,1602
60410,735460,733975,1485
60411,733975,733975,0
60412,733975,733975,0
60413,759157,759157,0
60414,831215,830991,224
60415,899540,899103,437
60416,860255,860170,85
60417,899540,899103,437
60418,904496,903697,799
60419,904496,903697,799
60420,904496,898923,5573
60421,903697,903697,0
60422,936033,936033,0
60423,942177,942177,0
60424,943674,942483,1191
60425,943674,942483,1191
60426,943674,942483,1191
60427,943674,942483,1191
60428,943674,942748,926
60429,943674,942483,1191
60430,943674,942748,926
60431,943674,942483,1191
60432,943674,942748,926
60433,943674,942483,1191
60434,943674,942748,926
60435,944435,944395,40
60436,1064110,1064105,5
60437,1069002,1068389,613
60438,1068198,1064873,3325
60439,1099251,1098627,624
60440,1152755,1152309,446
60441,1152755,1152309,446
60442,1152945,1152944,1
60443,1152945,1152944,1
60444,1153548,1153119,429
60445,1151224,1150639,585
60446,1153548,1153119,429
60447,1153434,1152309,1125
60448,1269654,1265542,4112
60449,1269198,1265542,3656
60450,1272917,1272705,212
60451,1272917,1272705,212
60452,1278339,1277314,1025
60453,1283859,1283797,62
60454,1283859,1283797,62
60455,1321096,1320811,285
60456,1356747,1355824,923
60457,1356747,1355824,923
60458,1368945,1368869,76
60459,1368945,1368869,76
60460,1380692,1380345,347
60461,1412742,1407080,5662
60462,1421465,1407080,14385
60463,1421465,1407080,14385
60464,1421465,1397267,24198
60465,1412742,1407080,5662
60466,1623141,1621671,1470
60467,1623141,1621671,1470
60468,1623141,1621671,1470
60469,1623141,1621671,1470
60470,1626270,1626222,48
60471,1626270,1626222,48
60472,1626270,1626185,85
60473,1626270,1626222,48
60474,1626270,1626222,48
60475,1832978,1831951,1027
60476,1941405,1941278,127
60477,1952475,1952404,71
60478,1952475,1952263,212
60479,1966739,1965441,1298
60480,1967318,1965441,1877
60481,1970146,1969562,584
60482,1970704,1970397,307
60483,1970704,1970397,307
60484,1970704,1970397,307
60485,1970704,1970397,307
60486,1970704,1968869,1835
60487,1970843,1970397,446
60488,1992774,1992323,451
60489,1997101,1994595,2506
60490,1996644,1993453,3191
60491,1996495,1993453,3042
60492,1996644,1994595,2049
60493,2004837,2003816,1021
60494,2004837,2003816,1021
60495,2009922,2009870,52
60496,2168853,2168852,1
60497,2269309,2267605,1704
60498,2269309,2267605,1704
60499,2315159,2314695,464
60500,2315159,2314695,464
60501,2793590,2792375,1215
60502,2793590,2792375,1215
60503,2789766,2789765,1
60504,2793590,2792375,1215
60505,2793590,2792375,1215
60506,2812696,2812400,296
60507,2816462,2815532,930
60508,2821649,2821305,344
60509,2821649,2821305,344
60510,2860830,2860294,536
60511,2864920,2864912,8
60512,2864920,2864912,8
60513,2871404,2871171,233
60514,2871404,2871171,233
60515,2871404,2871080,324
60516,2871404,2871171,233
60517,2871404,2871080,324
60518,2871404,2871171,233
60519,2871404,2871235,169
60520,2875480,2875216,264
60521,2875480,2875216,264
60522,2875480,2875216,264
60523,3045696,3045059,637
60524,3045696,3045059,637
60525,3045696,3045059,637
60526,3059858,3059306,552
60527,3059858,3055592,4266
60528,3062695,3062233,462
60529,3078462,3077744,718
60530,3089512,3089285,227
60531,3097596,3094510,3086
60532,3098262,3094510,3752
60533,3100480,3100220,260
60534,3100121,3100121,0
60535,3100478,3100220,258
60536,3112789,3112417,372
60537,3112425,3112417,8
60538,3122295,3122194,101
60539,3122295,3122194,101
60540,3145464,3145308,156
60541,3160202,3158396,1806
60542,3161577,3161511,66
60543,3161577,3161511,66
60544,3167773,3167484,289
60545,3179362,3175400,3962
60546,3179744,3179740,4
60547,3180225,3180215,10
60548,3180225,3180215,10
60549,3180225,3180215,10
60550,3363941,3361613,2328
60551,3368637,3368431,206
60552,3434437,3433562,875
60553,3434457,3434341,116
60554,3435598,3434341,1257
60555,3446198,3445467,731
60556,3446198,3445467,731
60557,3446198,3445467,731
60558,3448750,3448700,50
60559,3449138,3448717,421
60560,3451054,3450474,580
60561,3451054,3450474,580
60562,3458657,3454014,4643
60563,3458657,3453994,4663
60564,3459860,3453994,5866
60565,3460629,3454014,6615
60566,3458610,3454014,4596
60567,3458657,3453116,5541
60568,3463311,3462844,467
60569,3466671,3465910,761
60570,3466762,3466114,648
60571,3466762,3466124,638
60572,3466840,3466740,100
60573,3466840,3466740,100
60574,3466840,3466114,726
60575,3466840,3466114,726
60576,3466840,3465473,1367
60577,3466840,3466124,716
60578,3466840,3466124,716
60579,3466840,3466124,716
60580,3466840,3466740,100
60581,3466840,3466740,100
60582,3466840,3466740,100
60583,3466840,3466740,100
60584,3466840,3466740,100
60585,3466840,3466740,100
60586,3466840,3466124,716
60587,3466840,3466740,100
60588,3466840,3466833,7
60589,3466840,3466833,7
60590,3466840,3466833,7
60591,3466840,3466833,7
60592,3472701,3472430,271
60593,3472701,3472430,271
60594,3475430,3475028,402
60595,3478038,3475028,3010
60596,3480109,3480092,17
60597,3486259,3483771,2488
60598,3486922,3483771,3151
60599,3486922,3486357,565
60600,3480109,3480092,17
60601,3654041,3653868,173
60602,3654041,3653868,173
60603,3654041,3653868,173
60604,3689268,3689268,0
60605,3689268,3689268,0
60606,3787546,3787451,95
60607,4002942,4002449,493
60608,4019609,4019526,83
60609,4019609,4019526,83
60610,4071988,4071891,97
60611,4093549,4093015,534
60612,4071988,4071891,97
60613,4093549,4093015,534
60614,4093549,4093015,534
60615,4093046,4093015,31
60616,4098820,4098777,43
60617,4099716,4099194,522
60618,4098820,4098777,43
60619,4107539,4107278,261
60620,4108752,4108597,155
60621,4113903,4113351,552
60622,4114629,4114313,316
60623,4192217,4192161,56
60624,4192217,4192161,56
60625,4192217,4192161,56
60626,4195831,4195568,263
60627,4195831,4195568,263
60628,4195831,4195568,263
60629,4207888,4207802,86
60630,4207888,4207802,86
60631,4328255,4328148,107
60632,4335362,4328148,7214
60633,4335362,4328148,7214
60634,4328171,4328148,23
60635,4344264,4340806,3458
60636,4373689,4373040,649
60637,4340472,4340471,1
60638,4373689,4373040,649
60639,5768,5724,44
60640,24932,24148,784
60641,24932,22363,2569
60642,77316,76698,618
60643,414796,414437,359
60644,414796,414437,359
60645,414796,414437,359
60646,490790,486096,4694
60647,491844,490530,1314
60648,491902,486096,5806
60649,563332,563116,216
60650,531769,531769,0
60651,573963,573898,65
60652,599480,599480,0
60653,661223,661223,0
60654,794351,794351,0
60655,842973,842891,82
60656,862002,861998,4
60657,884238,884190,48
60658,914287,914196,91
60659,927532,927509,23
60660,950880,949278,1602
60661,950763,949278,1485
60662,949278,949278,0
60663,949278,949278,0
60664,974460,974460,0
60665,1046512,1046288,224
60666,1114815,1114378,437
60667,1075554,1075469,85
60668,1114815,1114378,437
60669,1119772,1118972,800
60670,1119772,1118972,800
60671,1119772,1114198,5574
60672,1118972,1118972,0
60673,1151306,1151306,0
60674,1157450,1157450,0
60675,1158862,1157756,1106
60676,1158862,1157756,1106
60677,1158951,1157756,1195
60678,1158951,1157756,1195
60679,1158951,1158021,930
60680,1158951,1157756,1195
60681,1158951,1158021,930
60682,1158951,1157756,1195
60683,1158951,1158021,930
60684,1158951,1157756,1195
60685,1158951,1158021,930
60686,1163760,1163609,151
60687,1210097,1209543,554
60688,1210492,1210373,119
60689,1210492,1210373,119
60690,1211258,1211137,121
60691,1213290,1212067,1223
60692,1276572,1276567,5
60693,1281464,1280851,613
60694,1280660,1277335,3325
60695,1314409,1314050,359
60696,1314472,1314050,422
60697,1314804,1314050,754
60698,1314472,1314050,422
60699,1314472,1314050,422
60700,1371115,1370491,624
60701,1424620,1424174,446
60702,1424620,1424174,446
60703,1424810,1424809,1
60704,1424810,1424809,1
60705,1425413,1424984,429
60706,1423089,1422504,585
60707,1425413,1424984,429
60708,1425299,1424174,1125
60709,1541523,1537411,4112
60710,1541067,1537411,3656
60711,1544786,1544574,212
60712,1544786,1544574,212
60713,1550208,1549183,1025
60714,1555728,1555666,62
60715,1555728,1555666,62
60716,1592995,1592714,281
60717,1628649,1627726,923
60718,1628649,1627726,923
60719,1640846,1640770,76
60720,1640846,1640770,76
60721,1652600,1652253,347
60722,1684639,1678981,5658
60723,1693371,1678981,14390
60724,1693371,1678981,14390
60725,1693371,1669183,24188
60726,1684639,1678981,5658
60727,1746752,1743228,3524
60728,1823516,1822046,1470
60729,1823516,1822046,1470
60730,1823516,1822046,1470
60731,1823516,1822046,1470
60732,1826645,1826597,48
60733,1826645,1826597,48
60734,1826645,1826560,85
60735,1826645,1826597,48
60736,1826645,1826597,48
60737,1974046,1972422,1624
60738,1974046,1972422,1624
60739,1974046,1972422,1624
60740,2035546,2034703,843
60741,2035738,2035613,125
60742,2036351,2032356,3995
60743,2037420,2036029,1391
60744,2044522,2042321,2201
60745,2044522,2042321,2201
60746,2065821,2065821,0
60747,2071356,2070524,832
60748,2071356,2070524,832
60749,2097137,2084481,12656
60750,2097137,2089774,7363
60751,2106227,2105627,600
60752,2106227,2104724,1503
60753,2124499,2123390,1109
60754,2124499,2123390,1109
60755,2124499,2122843,1656
60756,2124499,2122843,1656
60757,2124499,2122843,1656
60758,2126649,2126471,178
60759,2133030,2132735,295
60760,2133030,2132735,295
60761,2133030,2132735,295
60762,2141833,2141706,127
60763,2152903,2152832,71
60764,2152903,2152691,212
60765,2167166,2165868,1298
60766,2167745,2165868,1877
60767,2170573,2169989,584
60768,2171131,2170824,307
60769,2171131,2170824,307
60770,2171131,2170824,307
60771,2171131,2170824,307
60772,2171131,2169296,1835
60773,2171270,2170824,446
60774,2193200,2192749,451
60775,2197527,2195021,2506
60776,2197070,2193879,3191
60777,2196921,2193879,3042
60778,2197070,2195021,2049
60779,2205263,2204242,1021
60780,2205263,2204242,1021
60781,2222522,2222035,487
60782,2222522,2222035,487
60783,2224396,2224364,32
60784,2310496,2294527,15969
60785,2380033,2379173,860
60786,2380033,2379173,860
60787,2380033,2379173,860
60788,2380033,2379173,860
60789,2380033,2379173,860
60790,2380033,2379173,860
60791,2371209,2371108,101
60792,2380033,2379173,860
60793,2372065,2372045,20
60794,2380033,2379173,860
60795,2380033,2379173,860
60796,2380033,2376904,3129
60797,2378184,2378184,0
60798,2391966,2391625,341
60799,2391966,2391625,341
60800,2394889,2393835,1054
60801,2406162,2405914,248
60802,2397650,2397649,1
60803,2406162,2405914,248
60804,2406162,2405914,248
60805,2406162,2405914,248
60806,2406162,2405914,248
60807,2406162,2405914,248
60808,2406162,2405914,248
60809,2406162,2405914,248
60810,2411875,2411796,79
60811,2433901,2432798,1103
60812,2469585,2467881,1704
60813,2515202,2514738,464
60814,2515202,2514738,464
60815,2595036,2595036,0
60816,2622591,2622431,160
60817,2622591,2622431,160
60818,2602957,2602901,56
60819,2621849,2621525,324
60820,2639685,2639568,117
60821,2640323,2639568,755
60822,2640323,2639568,755
60823,2640772,2639568,1204
60824,2640728,2639568,1160
60825,2646745,2645246,1499
60826,2646745,2645246,1499
60827,2648335,2648171,164
60828,2649380,2648479,901
60829,2649380,2648479,901
60830,2653222,2653168,54
60831,2686515,2685364,1151
60832,2752380,2752360,20
60833,2752960,2752889,71
60834,2753168,2753103,65
60835,2753168,2752360,808
60836,2837677,2837623,54
60837,2837677,2837623,54
60838,2837138,2836886,252
60839,2837677,2837623,54
60840,2837422,2837390,32
60841,2837644,2837528,116
60842,2892937,2892908,29
60843,2895790,2892908,2882
60844,2895790,2892908,2882
60845,2895790,2892908,2882
60846,2984748,2984747,1
60847,2988570,2987357,1213
60848,2988570,2987357,1213
60849,2984748,2984747,1
60850,2988570,2987357,1213
60851,2988570,2987357,1213
60852,3007670,3007374,296
60853,3011436,3010506,930
60854,3019911,3017969,1942
60855,3019911,3017969,1942
60856,3019911,3017956,1955
60857,3024280,3017969,6311
60858,3019439,3017969,1470
60859,3019584,3017969,1615
60860,3019584,3017956,1628
60861,3019584,3017956,1628
60862,3024280,3023604,676
60863,3024280,3023991,289
60864,3024280,3023991,289
60865,3036248,3036030,218
60866,3036248,3036030,218
60867,3036248,3036030,218
60868,3036248,3036030,218
60869,3051716,3051086,630
60870,3051716,3051086,630
60871,3051245,3051243,2
60872,3051245,3051055,190
60873,3055728,3054930,798
60874,3055728,3055192,536
60875,3059818,3059810,8
60876,3059818,3059810,8
60877,3066298,3066065,233
60878,3066298,3066065,233
60879,3066298,3065974,324
60880,3066298,3066065,233
60881,3066298,3065974,324
60882,3066298,3066065,233
60883,3066298,3066129,169
60884,3070374,3070110,264
60885,3070374,3070110,264
60886,3070374,3070110,264
60887,3094416,3093905,511
60888,3094416,3094295,121
60889,3094416,3094295,121
60890,3094416,3094295,121
60891,3115170,3114979,191
60892,3115170,3114979,191
60893,3129789,3129159,630
60894,3130096,3129159,937
60895,3130096,3129159,937
60896,3130096,3129159,937
60897,3130096,3129159,937
60898,3130096,3129159,937
60899,3135605,3135484,121
60900,3135605,3135484,121
60901,3138168,3137343,825
60902,3142799,3141875,924
60903,3143027,3141875,1152
60904,3143259,3141875,1384
60905,3143259,3141875,1384
60906,3143680,3141875,1805
60907,3145227,3144585,642
60908,3146212,3145525,687
60909,3146497,3146093,404
60910,3147463,3147323,140
60911,3147463,3147409,54
60912,3147463,3147409,54
60913,3149847,3149261,586
60914,3149847,3149679,168
60915,3149847,3149679,168
60916,3149847,3149679,168
60917,3149847,3149679,168
60918,3157770,3157770,0
60919,3180468,3169283,11185
60920,3180468,3180163,305
60921,3180755,3180676,79
60922,3180755,3169283,11472
60923,3191455,3169283,22172
60924,3180755,3178386,2369
60925,3187991,3187987,4
60926,3195198,3195198,0
60927,3191455,3191277,178
60928,3191455,3191277,178
60929,3195198,3195198,0
60930,3195198,3195198,0
60931,3199128,3199073,55
60932,3202367,3202280,87
60933,3204102,3202468,1634
60934,3204102,3202437,1665
60935,3204102,3202468,1634
60936,3204102,3202468,1634
60937,3204102,3202437,1665
60938,3204102,3202267,1835
60939,3207186,3206555,631
60940,3207656,3206555,1101
60941,3213962,3213698,264
60942,3214716,3213698,1018
60943,3240531,3239894,637
60944,3240531,3239894,637
60945,3240531,3239894,637
60946,3240531,3239894,637
60947,3240531,3239894,637
60948,3240531,3239894,637
60949,3254679,3254127,552
60950,3254679,3250414,4265
60951,3257516,3257054,462
60952,3273281,3272563,718
60953,3284332,3284105,227
60954,3292415,3289330,3085
60955,3293081,3289330,3751
60956,3295299,3295039,260
60957,3294940,3294940,0
60958,3295297,3295039,258
60959,3307616,3307235,381
60960,3307243,3307235,8
60961,3317112,3317013,99
60962,3317112,3317013,99
60963,3340456,3340300,156
60964,3355202,3353396,1806
60965,3356577,3356511,66
60966,3356577,3356511,66
60967,3362773,3362484,289
60968,3374355,3370396,3959
60969,3374737,3374733,4
60970,3375218,3375208,10
60971,3375218,3375208,10
60972,3375218,3375208,10
60973,3422386,3422385,1
60974,3423205,3422890,315
60975,3379523,3378836,687
60976,3423205,3422890,315
60977,3412591,3411970,621
60978,3423205,3422890,315
60979,3423205,3422890,315
60980,3423205,3422890,315
60981,3429617,3429563,54
60982,3423205,3422760,445
60983,3424653,3424210,443
60984,3428178,3428178,0
60985,3429617,3429563,54
60986,3436620,3435979,641
60987,3436620,3435979,641
60988,3447288,3447248,40
60989,3447288,3447248,40
60990,3447288,3447248,40
60991,3449788,3449208,580
60992,3449788,3448173,1615
60993,3449788,3449208,580
60994,3458979,3458582,397
60995,3449788,3449208,580
60996,3450908,3450569,339
60997,3458721,3458582,139
60998,3458979,3458582,397
60999,3458979,3458582,397
61000,3473846,3473705,141
61001,3473846,3473705,141
61002,3462246,3461949,297
61003,3480098,3479562,536
61004,3480098,3479562,536
61005,3480098,3479562,536
61006,3484556,3483647,909
61007,3485035,3484609,426
61008,3547813,3536637,11176
61009,3556133,3536634,19499
61010,3556477,3556440,37
61011,3566677,3566644,33
61012,3566677,3566644,33
61013,3558859,3558295,564
61014,3566195,3565930,265
61015,3566677,3566644,33
61016,3568727,3568217,510
61017,3590366,3589491,875
61018,3590386,3590270,116
61019,3591528,3590270,1258
61020,3602139,3601408,731
61021,3602139,3601408,731
61022,3602139,3601408,731
61023,3604690,3604640,50
61024,3605078,3604657,421
61025,3606994,3606414,580
61026,3606994,3606414,580
61027,3614597,3609954,4643
61028,3614597,3609934,4663
61029,3615800,3609934,5866
61030,3616569,3609954,6615
61031,3614550,3609954,4596
61032,3614597,3609056,5541
61033,3619251,3618784,467
61034,3622611,3621850,761
61035,3622702,3622054,648
61036,3622702,3622064,638
61037,3622780,3622680,100
61038,3622780,3622680,100
61039,3622780,3622054,726
61040,3622780,3622054,726
61041,3622780,3621413,1367
61042,3622780,3622064,716
61043,3622780,3622064,716
61044,3622780,3622064,716
61045,3622780,3622680,100
61046,3622780,3622680,100
61047,3622780,3622680,100
61048,3622780,3622680,100
61049,3622780,3622680,100
61050,3622780,3622680,100
61051,3622780,3622064,716
61052,3622780,3622680,100
61053,3622780,3622773,7
61054,3622780,3622773,7
61055,3622780,3622773,7
61056,3622780,3622773,7
61057,3628641,3628370,271
61058,3628641,3628370,271
61059,3631370,3630968,402
61060,3633978,3630968,3010
61061,3636049,3636032,17
61062,3642199,3639710,2489
61063,3662520,3662381,139
61064,3636049,3636032,17
61065,3662330,3660973,1357
61066,3704354,3701382,2972
61067,3810116,3809943,173
61068,3769192,3761707,7485
61069,3769192,3761707,7485
61070,3769192,3761707,7485
61071,3810116,3809943,173
61072,3810116,3809943,173
61073,3845307,3845307,0
61074,3845307,3845307,0
61075,3883242,3882139,1103
61076,3883242,3882139,1103
61077,4011553,4011459,94
61078,3947195,3947155,40
61079,4011553,4011459,94
61080,3974855,3974836,19
61081,4061797,4060982,815
61082,4080111,4080032,79
61083,4080111,4080032,79
61084,4080111,4080032,79
61085,4160566,4160073,493
61086,4177233,4177150,83
61087,4177233,4177150,83
61088,4229355,4229258,97
61089,4251075,4250538,537
61090,4229355,4229258,97
61091,4251075,4250538,537
61092,4250569,4250538,31
61093,4251075,4250538,537
61094,4256344,4256301,43
61095,4257240,4256718,522
61096,4256344,4256301,43
61097,4265063,4264802,261
61098,4266276,4266121,155
61099,4271427,4270875,552
61100,4272158,4271837,321
61101,4349757,4349701,56
61102,4349757,4349701,56
61103,4349757,4349701,56
61104,4353371,4353108,263
61105,4353371,4353108,263
61106,4353371,4353108,263
61107,4365428,4365342,86
61108,4365428,4365342,86
61109,4393826,4393039,787
61110,4385242,4384544,698
61111,4393826,4393039,787
61112,4393826,4393039,787
61113,4393826,4393039,787
61114,4393826,4393039,787
61115,4421886,4421810,76
61116,4421886,4420527,1359
61117,4421886,4421810,76
61118,4492734,4485527,7207
61119,4485634,4485527,107
61120,4501576,4498130,3446
61121,4531036,4530386,650
61122,4531036,4530386,650
61123,4589506,4589426,80
61124,4604081,4603853,228
61125,4604081,4603853,228
61126,4604081,4603853,228
61127,4604081,4603853,228
61128,4612307,4612087,220
61129,4612307,4612087,220
61130,4612464,4612393,71
61131,4612307,4612087,220
61132,4610182,4610152,30
61133,4612307,4612087,220
61134,4612307,4612047,260
61135,4616048,4615424,624
61136,4616048,4615424,624
61137,4616048,4615424,624
61138,4618438,4618261,177
61139,4621297,4620792,505
61140,4623215,4623158,57
61141,4624329,4624006,323
61142,4624329,4624006,323
61143,4683472,4683262,210
61144,4683549,4680773,2776
61145,4683463,4681788,1675
61146,4683549,4680773,2776
61147,4683472,4680773,2699
61148,4688091,4688053,38
61149,4690412,4690143,269
61150,4701118,4700761,357
61151,4701118,4700761,357
61152,4702525,4702436,89
61153,4702525,4702436,89
61154,4702525,4702436,89
61155,4702525,4702436,89
61156,4707916,4706311,1605
61157,4708706,4706311,2395
61158,4710979,4710201,778
61159,4710979,4708361,2618
61160,4710979,4708361,2618
61161,4725976,4725630,346
61162,4725976,4725630,346
61163,4725976,4725630,346
61164,4725976,4725630,346
61165,4725976,4725630,346
61166,4729327,4728505,822
61167,4729534,4728505,1029
61168,4733567,4733518,49
61169,4733567,4733518,49
61170,4734611,4733142,1469
61171,4734611,4733518,1093
61172,4734611,4734509,102
61173,4734611,4733518,1093
61174,4734611,4733142,1469
61175,275402,270708,4694
61176,276446,275142,1304
61177,276504,270708,5796
61178,316363,316363,0
61179,347926,347710,216
61180,358499,358434,65
61181,384013,384013,0
61182,445766,445766,0
61183,578883,578883,0
61184,646524,646520,4
61185,668765,668717,48
61186,698845,698754,91
61187,712084,712061,23
61188,733828,733828,0
61189,735313,733828,1485
61190,735430,733828,1602
61191,759010,759010,0
61192,831053,830829,224
61193,860102,860017,85
61194,899363,898926,437
61195,899363,898926,437
61196,903520,903520,0
61197,904320,903520,800
61198,904320,903520,800
61199,904320,898746,5574
61200,935861,935861,0
61201,942006,942006,0
61202,943503,942312,1191
61203,943503,942312,1191
61204,943503,942312,1191
61205,943503,942312,1191
61206,943503,942577,926
61207,943503,942312,1191
61208,943503,942577,926
61209,943503,942312,1191
61210,943503,942577,926
61211,943503,942312,1191
61212,943503,942577,926
61213,948287,948136,151
61214,994790,994236,554
61215,995185,995066,119
61216,995185,995066,119
61217,995957,995836,121
61218,997990,996767,1223
61219,1061276,1061271,5
61220,1066207,1065594,613
61221,1099153,1098780,373
61222,1099520,1098780,740
61223,1099520,1098780,740
61224,1099520,1098780,740
61225,1099520,1098780,740
61226,1152389,1152383,6
61227,1152389,1151765,624
61228,1204699,1204168,531
61229,1206434,1206433,1
61230,1206923,1205931,992
61231,1207037,1206608,429
61232,1207037,1206608,429
61233,1271076,1098780,172296
61234,1322691,1319035,3656
61235,1323147,1319035,4112
61236,1326410,1326198,212
61237,1326410,1326198,212
61238,1331832,1330807,1025
61239,1337352,1337290,62
61240,1337352,1337290,62
61241,1374585,1374300,285
61242,1410237,1409314,923
61243,1410237,1409314,923
61244,1422435,1422359,76
61245,1422435,1422359,76
61246,1434182,1433835,347
61247,1466232,1460570,5662
61248,1466232,1460570,5662
61249,1474955,1460570,14385
61250,1474955,1460570,14385
61251,1474955,1450757,24198
61252,1528405,1524881,3524
61253,1605160,1603690,1470
61254,1605160,1603690,1470
61255,1605160,1603690,1470
61256,1605160,1603690,1470
61257,1608289,1608241,48
61258,1608289,1608241,48
61259,1608289,1608204,85
61260,1608289,1608241,48
61261,1608289,1608241,48
61262,1755622,1753998,1624
61263,1755622,1753998,1624
61264,1755622,1753998,1624
61265,1817129,1816286,843
61266,1817321,1817196,125
61267,1817934,1813939,3995
61268,1819003,1817612,1391
61269,1826105,1823904,2201
61270,1826105,1823904,2201
61271,1847409,1847409,0
61272,1852944,1852112,832
61273,1852944,1852112,832
61274,1878722,1866066,12656
61275,1878722,1871359,7363
61276,1887812,1887212,600
61277,1887812,1886309,1503
61278,1906085,1904976,1109
61279,1906085,1904976,1109
61280,1906085,1904429,1656
61281,1906085,1904429,1656
61282,1906085,1904429,1656
61283,1908235,1908057,178
61284,1914618,1914323,295
61285,1914618,1914323,295
61286,1914618,1914323,295
61287,1923422,1923295,127
61288,1934492,1934421,71
61289,1934492,1934280,212
61290,1948755,1947457,1298
61291,1949334,1947457,1877
61292,1952162,1951578,584
61293,1952720,1952413,307
61294,1952720,1952413,307
61295,1952720,1952413,307
61296,1952720,1952413,307
61297,1952720,1950885,1835
61298,1952859,1952413,446
61299,1974790,1974339,451
61300,1978511,1975469,3042
61301,1978660,1975469,3191
61302,1978660,1976611,2049
61303,1979117,1976611,2506
61304,1986853,1985832,1021
61305,1986853,1985832,1021
61306,2004112,2003625,487
61307,2004112,2003625,487
61308,2005986,2005954,32
61309,2153213,2153112,101
61310,2154083,2154063,20
61311,2160202,2160202,0
61312,2162051,2161191,860
61313,2162051,2161191,860
61314,2162051,2161191,860
61315,2162051,2161191,860
61316,2162051,2161191,860
61317,2162051,2161191,860
61318,2162051,2161191,860
61319,2162051,2161191,860
61320,2162051,2161191,860
61321,2162051,2158922,3129
61322,2174003,2173662,341
61323,2174003,2173662,341
61324,2176926,2175872,1054
61325,2179693,2179692,1
61326,2188360,2188112,248
61327,2188360,2188112,248
61328,2188360,2188112,248
61329,2188360,2188112,248
61330,2188360,2188112,248
61331,2188360,2188112,248
61332,2188360,2188112,248
61333,2188360,2188112,248
61334,2194062,2193983,79
61335,2216112,2215009,1103
61336,2251781,2250077,1704
61337,2251781,2250077,1704
61338,2297633,2297169,464
61339,2297633,2297169,464
61340,2377504,2377504,0
61341,2385420,2385364,56
61342,2404265,2403941,324
61343,2405007,2404847,160
61344,2405007,2404847,160
61345,2422056,2421939,117
61346,2422694,2421939,755
61347,2422694,2421939,755
61348,2423099,2421939,1160
61349,2423143,2421939,1204
61350,2429116,2427617,1499
61351,2429116,2427617,1499
61352,2430706,2430542,164
61353,2431751,2430850,901
61354,2431751,2430850,901
61355,2435593,2435539,54
61356,2468882,2467731,1151
61357,2534727,2534707,20
61358,2535303,2535232,71
61359,2535511,2535446,65
61360,2535511,2534707,804
61361,2760673,2760672,1
61362,2764495,2763280,1215
61363,2764495,2763280,1215
61364,2764495,2763280,1215
61365,2764495,2763280,1215
61366,2783589,2783293,296
61367,2787354,2786424,930
61368,2795356,2793887,1469
61369,2795503,2793887,1616
61370,2795503,2793874,1629
61371,2795503,2793874,1629
61372,2795830,2793887,1943
61373,2795830,2793887,1943
61374,2795830,2793874,1956
61375,2800199,2793887,6312
61376,2800199,2799523,676
61377,2800199,2799910,289
61378,2800199,2799910,289
61379,2812171,2811953,218
61380,2812171,2811953,218
61381,2812171,2811953,218
61382,2812171,2811953,218
61383,2827170,2827168,2
61384,2827170,2826980,190
61385,2827641,2827011,630
61386,2827641,2827011,630
61387,2831653,2830855,798
61388,2831653,2831117,536
61389,2835743,2835735,8
61390,2835743,2835735,8
61391,2842231,2841998,233
61392,2842231,2841998,233
61393,2842231,2841907,324
61394,2842231,2841998,233
61395,2842231,2841907,324
61396,2842231,2841998,233
61397,2842231,2842062,169
61398,2846307,2846043,264
61399,2846307,2846043,264
61400,2846307,2846043,264
61401,2870373,2869862,511
61402,2870373,2870252,121
61403,2870373,2870252,121
61404,2870373,2870252,121
61405,2891126,2890935,191
61406,2891126,2890935,191
61407,2905749,2905115,634
61408,2906056,2905115,941
61409,2906056,2905115,941
61410,2906056,2905115,941
61411,2906056,2905115,941
61412,2906056,2905115,941
61413,2911566,2911445,121
61414,2911566,2911445,121
61415,2914128,2913303,825
61416,2918758,2917834,924
61417,2918986,2917834,1152
61418,2919218,2917834,1384
61419,2919218,2917834,1384
61420,2919640,2917834,1806
61421,2921187,2920545,642
61422,2922172,2921485,687
61423,2922457,2922053,404
61424,2923423,2923283,140
61425,2923423,2923369,54
61426,2923423,2923369,54
61427,2925807,2925221,586
61428,2925807,2925639,168
61429,2925807,2925639,168
61430,2925807,2925639,168
61431,2925807,2925639,168
61432,2933731,2933731,0
61433,2956422,2945236,11186
61434,2956422,2956117,305
61435,2956709,2956630,79
61436,2956709,2945236,11473
61437,2956709,2954338,2371
61438,2963944,2963940,4
61439,2967412,2945236,22176
61440,2967412,2967234,178
61441,2967412,2967234,178
61442,2971151,2971151,0
61443,2971151,2971151,0
61444,2971151,2971151,0
61445,2975081,2975026,55
61446,2978320,2978233,87
61447,2980055,2978421,1634
61448,2980055,2978390,1665
61449,2980055,2978421,1634
61450,2980055,2978421,1634
61451,2980055,2978390,1665
61452,2980055,2978220,1835
61453,2983138,2982507,631
61454,2983608,2982507,1101
61455,2989912,2989648,264
61456,2990666,2989648,1018
61457,3016527,3015890,637
61458,3016527,3015890,637
61459,3016527,3015890,637
61460,3016527,3015890,637
61461,3016527,3015890,637
61462,3016527,3015890,637
61463,3030690,3030138,552
61464,3030690,3026424,4266
61465,3033527,3033065,462
61466,3049294,3048576,718
61467,3060344,3060117,227
61468,3068422,3065336,3086
61469,3069088,3065336,3752
61470,3070947,3070947,0
61471,3071304,3071046,258
61472,3071306,3071046,260
61473,3083248,3083240,8
61474,3083618,3083240,378
61475,3093127,3093026,101
61476,3093127,3093026,101
61477,3116295,3116139,156
61478,3131030,3129224,1806
61479,3132405,3132339,66
61480,3132405,3132339,66
61481,3138601,3138312,289
61482,3150183,3146224,3959
61483,3150565,3150561,4
61484,3151046,3151036,10
61485,3151046,3151036,10
61486,3151046,3151036,10
61487,3155351,3154664,687
61488,3188422,3187801,621
61489,3198218,3198217,1
61490,3199037,3198722,315
61491,3199037,3198722,315
61492,3199037,3198722,315
61493,3199037,3198722,315
61494,3199037,3198722,315
61495,3199037,3198592,445
61496,3200485,3200042,443
61497,3204010,3204010,0
61498,3205449,3205395,54
61499,3205449,3205395,54
61500,3212447,3211806,641
61501,3212447,3211806,641
61502,3223115,3223075,40
61503,3223115,3223075,40
61504,3223115,3223075,40
61505,3225615,3225035,580
61506,3225615,3224000,1615
61507,3225615,3225035,580
61508,3225615,3225035,580
61509,3226735,3226396,339
61510,3234546,3234407,139
61511,3234804,3234407,397
61512,3234804,3234407,397
61513,3234804,3234407,397
61514,3237831,3237774,57
61515,3256040,3255899,141
61516,3256040,3255899,141
61517,3259763,3259763,0
61518,3262295,3260829,1466
61519,3266633,3265725,908
61520,3270811,3270514,297
61521,3282411,3282270,141
61522,3282411,3282270,141
61523,3288663,3288127,536
61524,3288663,3288127,536
61525,3293122,3292213,909
61526,3293601,3293175,426
61527,3356325,3345170,11155
61528,3364645,3345167,19478
61529,3364989,3364952,37
61530,3367371,3366807,564
61531,3374707,3374442,265
61532,3375189,3375156,33
61533,3375189,3375156,33
61534,3375189,3375156,33
61535,3377239,3376729,510
61536,3398871,3397996,875
61537,3398891,3398775,116
61538,3400033,3398775,1258
61539,3404884,3404882,2
61540,3404884,3404882,2
61541,3404884,3404882,2
61542,3404884,3404882,2
61543,3512844,3509872,2972
61544,3577661,3570175,7486
61545,3577661,3570175,7486
61546,3577661,3570175,7486
61547,3618578,3618405,173
61548,3618578,3618405,173
61549,3618578,3618405,173
61550,3653786,3653786,0
61551,3653786,3653786,0
61552,3690942,3689798,1144
61553,3690942,3689798,1144
61554,3835660,3835637,23
61555,3893069,3892185,884
61556,3911494,3911461,33
61557,3913040,3913040,0
61558,3913040,3913040,0
61559,3997229,3996737,492
61560,4013897,4013814,83
61561,4013897,4013814,83
61562,4066351,4066254,97
61563,4066351,4066254,97
61564,4087420,4087389,31
61565,4087923,4087389,534
61566,4087923,4087389,534
61567,4087923,4087389,534
61568,4092244,4092187,57
61569,4093057,4093010,47
61570,4093194,4093151,43
61571,4094090,4093568,522
61572,4101913,4101652,261
61573,4103126,4102971,155
61574,4108277,4107725,552
61575,4109006,4108687,319
61576,4186570,4186514,56
61577,4186570,4186514,56
61578,4186570,4186514,56
61579,4190184,4189921,263
61580,4190184,4189921,263
61581,4190184,4189921,263
61582,4202240,4202154,86
61583,4202240,4202154,86
61584,4230624,4229836,788
61585,4230624,4229836,788
61586,4258737,4258661,76
61587,4258737,4257378,1359
61588,4258737,4258661,76
61589,4322709,4322686,23
61590,4322793,4322686,107
61591,4329894,4322686,7208
61592,4329894,4322686,7208
61593,4335012,4335011,1
61594,4338804,4335346,3458
61595,4426977,4426897,80
61596,4441552,4441324,228
61597,4441552,4441324,228
61598,4441552,4441324,228
61599,4441552,4441324,228
61600,4447653,4447623,30
61601,4449780,4449560,220
61602,4449780,4449560,220
61603,4449780,4449560,220
61604,4449780,4449560,220
61605,4449780,4449520,260
61606,4449937,4449866,71
61607,4453521,4452897,624
61608,4453521,4452897,624
61609,4453521,4452897,624
61610,4455915,4455738,177
61611,4458774,4458269,505
61612,4460692,4460635,57
61613,4461806,4461483,323
61614,4461806,4461483,323
61615,4520975,4519300,1675
61616,4520984,4520774,210
61617,4520984,4518285,2699
61618,4521061,4518285,2776
61619,4521061,4518285,2776
61620,4525603,4525565,38
61621,4527924,4527655,269
61622,4538630,4538273,357
61623,4538630,4538273,357
61624,4540037,4539948,89
61625,4540037,4539948,89
61626,4540037,4539948,89
61627,4540037,4539948,89
61628,4545428,4543823,1605
61629,4546218,4543823,2395
61630,4548491,4547713,778
61631,4548491,4545873,2618
61632,4548491,4545873,2618
61633,4563487,4563141,346
61634,4563487,4563141,346
61635,4563487,4563141,346
61636,4563487,4563141,346
61637,4563487,4563141,346
61638,4566836,4566016,820
61639,4567043,4566016,1027
61640,4571076,4571027,49
61641,4571076,4571027,49
61642,4572120,4570651,1469
61643,4572120,4571027,1093
61644,4572120,4572018,102
61645,4572120,4571027,1093
61646,4572120,4570651,1469
61647,195331,194972,359
61648,348067,347851,216
61649,316502,316502,0
61650,358628,358563,65
61651,445896,444968,928
61652,579063,579063,0
61653,627688,627606,82
61654,646389,646385,4
61655,668630,668582,48
61656,698685,698594,91
61657,711931,711908,23
61658,735281,733679,1602
61659,735164,733679,1485
61660,733679,733679,0
61661,758861,758861,0
61662,830914,830690,224
61663,899207,898770,437
61664,859948,859863,85
61665,899207,898770,437
61666,904163,903363,800
61667,904163,903363,800
61668,904163,898590,5573
61669,903363,903363,0
61670,935698,935698,0
61671,941842,941842,0
61672,943331,942148,1183
61673,943331,942148,1183
61674,943331,942148,1183
61675,943331,942148,1183
61676,943331,942413,918
61677,943331,942148,1183
61678,943331,942413,918
61679,943331,942148,1183
61680,943331,942413,918
61681,943331,942148,1183
61682,943331,942413,918
61683,948108,947957,151
61684,1152718,1152717,1
61685,1152718,1152717,1
61686,1359597,1359308,289
61687,1359597,1359308,289
61688,994247,993888,359
61689,993874,993873,1
61690,1060942,1060937,5
61691,1065864,1065251,613
61692,1098811,1098438,373
61693,1099178,1098438,740
61694,1099178,1098438,740
61695,1099178,1098438,740
61696,1099178,1098438,740
61697,1359597,1098438,261159
61698,1295564,1295135,429
61699,1293208,1292695,513
61700,1152026,1151402,624
61701,1294961,1294960,1
61702,1295450,1294458,992
61703,1359597,1359277,320
61704,1411318,1407206,4112
61705,1410862,1407206,3656
61706,1414584,1414372,212
61707,1414584,1414372,212
61708,1420006,1418981,1025
61709,1425526,1425464,62
61710,1425526,1425464,62
61711,1462748,1462463,285
61712,1462546,1462463,83
61713,1498402,1497479,923
61714,1498402,1497479,923
61715,1510596,1510520,76
61716,1510596,1510520,76
61717,1522354,1522007,347
61718,1554378,1548715,5663
61719,1562952,1548715,14237
61720,1562952,1548715,14237
61721,1562952,1538902,24050
61722,1554378,1548715,5663
61723,1843846,1842222,1624
61724,1843846,1842222,1624
61725,1905351,1904508,843
61726,1905543,1905418,125
61727,1906156,1902161,3995
61728,1907225,1905834,1391
61729,1914327,1912126,2201
61730,1914327,1912126,2201
61731,1935622,1935622,0
61732,1941163,1940332,831
61733,1941163,1940332,831
61734,1966940,1954283,12657
61735,1966940,1959576,7364
61736,1976030,1975430,600
61737,1976030,1974527,1503
61738,1994306,1993197,1109
61739,1994306,1993197,1109
61740,1994306,1992650,1656
61741,1994306,1992650,1656
61742,1994306,1992650,1656
61743,1996456,1996278,178
61744,2002845,2002550,295
61745,2002845,2002550,295
61746,2002845,2002550,295
61747,2011646,2011519,127
61748,2022715,2022644,71
61749,2022715,2022503,212
61750,2036978,2035680,1298
61751,2037557,2035680,1877
61752,2040385,2039801,584
61753,2040943,2040636,307
61754,2040943,2040636,307
61755,2040943,2040636,307
61756,2040943,2040636,307
61757,2040943,2039108,1835
61758,2041082,2040636,446
61759,2063014,2062563,451
61760,2067341,2064835,2506
61761,2066884,2063693,3191
61762,2066735,2063693,3042
61763,2066884,2064835,2049
61764,2075078,2074057,1021
61765,2075078,2074057,1021
61766,2090996,2090966,30
61767,2241824,2241822,2
61768,2241824,2241822,2
61769,2241824,2241822,2
61770,2241824,2241822,2
61771,2241068,2240967,101
61772,2241824,2241822,2
61773,2241824,2241823,1
61774,2261846,2261505,341
61775,2261846,2261505,341
61776,2264769,2263715,1054
61777,2272290,2272290,0
61778,2267529,2267528,1
61779,2276199,2275951,248
61780,2276199,2275951,248
61781,2276199,2275951,248
61782,2276199,2275951,248
61783,2276199,2275951,248
61784,2276199,2275951,248
61785,2281891,2281812,79
61786,2300850,2300850,0
61787,2339626,2337922,1704
61788,2339626,2337922,1704
61789,2385126,2384662,464
61790,2385126,2384662,464
61791,2462257,2462257,0
61792,2489814,2489654,160
61793,2489814,2489654,160
61794,2470173,2470117,56
61795,2489072,2488748,324
61796,2506885,2506768,117
61797,2507523,2506768,755
61798,2507523,2506768,755
61799,2507972,2506768,1204
61800,2507928,2506768,1160
61801,2513915,2512416,1499
61802,2513915,2512416,1499
61803,2515505,2515341,164
61804,2516550,2515649,901
61805,2516550,2515649,901
61806,2520393,2520339,54
61807,2553759,2552608,1151
61808,2620440,2620375,65
61809,2620440,2619637,803
61810,2620440,2620375,65
61811,2704782,2704728,54
61812,2620232,2620161,71
61813,2704526,2704494,32
61814,2704239,2703991,248
61815,2704782,2704728,54
61816,2704526,2704494,32
61817,2704745,2704728,17
61818,2858656,2857443,1213
61819,2858656,2857443,1213
61820,2854834,2854833,1
61821,2858656,2857443,1213
61822,2858656,2857443,1213
61823,2877759,2877463,296
61824,2881524,2880594,930
61825,2889999,2888057,1942
61826,2889999,2888057,1942
61827,2889999,2888044,1955
61828,2894368,2888057,6311
61829,2889525,2888057,1468
61830,2889672,2888057,1615
61831,2889672,2888044,1628
61832,2889672,2888044,1628
61833,2894368,2893692,676
61834,2894368,2894079,289
61835,2894368,2894079,289
61836,2906339,2906121,218
61837,2906339,2906121,218
61838,2906339,2906121,218
61839,2906339,2906121,218
61840,2921806,2921176,630
61841,2921806,2921176,630
61842,2921335,2921333,2
61843,2921335,2921145,190
61844,2925818,2925020,798
61845,2925818,2925282,536
61846,2929908,2929900,8
61847,2929908,2929900,8
61848,2936387,2936154,233
61849,2936387,2936154,233
61850,2936387,2936063,324
61851,2936387,2936154,233
61852,2936387,2936063,324
61853,2936387,2936154,233
61854,2936387,2936218,169
61855,2940463,2940199,264
61856,2940463,2940199,264
61857,2940463,2940199,264
61858,2964492,2963981,511
61859,2964492,2964371,121
61860,2964492,2964371,121
61861,2964492,2964371,121
61862,2985242,2985051,191
61863,2985242,2985051,191
61864,2999850,2999214,636
61865,3000157,2999214,943
61866,3000157,2999214,943
61867,3000157,2999214,943
61868,3000157,2999214,943
61869,3000157,2999214,943
61870,3005667,3005546,121
61871,3005667,3005546,121
61872,3008229,3007404,825
61873,3012859,3011935,924
61874,3013087,3011935,1152
61875,3013319,3011935,1384
61876,3013319,3011935,1384
61877,3013740,3011935,1805
61878,3015287,3014645,642
61879,3016272,3015585,687
61880,3016557,3016153,404
61881,3017523,3017383,140
61882,3017523,3017469,54
61883,3017523,3017469,54
61884,3019907,3019321,586
61885,3019907,3019739,168
61886,3019907,3019739,168
61887,3019907,3019739,168
61888,3019907,3019739,168
61889,3027830,3027830,0
61890,3050531,3039344,11187
61891,3050531,3050226,305
61892,3050818,3050739,79
61893,3050818,3039344,11474
61894,3061527,3039344,22183
61895,3050818,3048447,2371
61896,3058053,3058049,4
61897,3065264,3065264,0
61898,3061527,3061349,178
61899,3061527,3061349,178
61900,3065264,3065264,0
61901,3065264,3065264,0
61902,3069194,3069139,55
61903,3072433,3072346,87
61904,3074168,3072534,1634
61905,3074168,3072503,1665
61906,3074168,3072534,1634
61907,3074168,3072534,1634
61908,3074168,3072503,1665
61909,3074168,3072333,1835
61910,3077252,3076621,631
61911,3077722,3076621,1101
61912,3084028,3083764,264
61913,3084782,3083764,1018
61914,3110642,3110005,637
61915,3110642,3110005,637
61916,3110642,3110005,637
61917,3110642,3110005,637
61918,3110642,3110005,637
61919,3110642,3110005,637
61920,3124805,3124253,552
61921,3124805,3120539,4266
61922,3127642,3127180,462
61923,3143409,3142691,718
61924,3154459,3154232,227
61925,3210587,3210431,156
61926,3225321,3223515,1806
61927,3226696,3226630,66
61928,3226696,3226630,66
61929,3232892,3232603,289
61930,3244481,3240519,3962
61931,3244863,3244859,4
61932,3245344,3245334,10
61933,3245344,3245334,10
61934,3245344,3245334,10
61935,3292474,3292473,1
61936,3293293,3292978,315
61937,3249652,3248965,687
61938,3293293,3292978,315
61939,3282679,3282058,621
61940,3293293,3292978,315
61941,3293293,3292978,315
61942,3293293,3292978,315
61943,3299705,3299651,54
61944,3293293,3292848,445
61945,3294741,3294298,443
61946,3298266,3298266,0
61947,3299705,3299651,54
61948,3306708,3306067,641
61949,3306708,3306067,641
61950,3317376,3317336,40
61951,3317376,3317336,40
61952,3317376,3317336,40
61953,3319876,3319296,580
61954,3319876,3318261,1615
61955,3319876,3319296,580
61956,3329068,3328671,397
61957,3319876,3319296,580
61958,3320996,3320657,339
61959,3328810,3328671,139
61960,3329068,3328671,397
61961,3329068,3328671,397
61962,3360894,3359986,908
61963,3406008,3405739,269
61964,3383040,3382899,141
61965,3383040,3382899,141
61966,3365050,3364775,275
61967,3389288,3388752,536
61968,3389288,3388752,536
61969,3389288,3388752,536
61970,3393746,3392837,909
61971,3394225,3393799,426
61972,3456979,3445809,11170
61973,3465299,3445806,19493
61974,3465643,3465606,37
61975,3475845,3475812,33
61976,3475845,3475812,33
61977,3468025,3467461,564
61978,3475845,3475812,33
61979,3477895,3477385,510
61980,3499523,3498648,875
61981,3499543,3499427,116
61982,3500683,3499427,1256
61983,3511287,3510556,731
61984,3511287,3510556,731
61985,3511287,3510556,731
61986,3513838,3513788,50
61987,3514226,3513805,421
61988,3516142,3515562,580
61989,3516142,3515562,580
61990,3523745,3519102,4643
61991,3523745,3519082,4663
61992,3524948,3519082,5866
61993,3525717,3519102,6615
61994,3523698,3519102,4596
61995,3523745,3518204,5541
61996,3528397,3527930,467
61997,3531757,3530996,761
61998,3531848,3531200,648
61999,3531848,3531210,638
62000,3531926,3531826,100
62001,3531926,3531826,100
62002,3531926,3531200,726
62003,3531926,3531200,726
62004,3531926,3530559,1367
62005,3531926,3531210,716
62006,3531926,3531210,716
62007,3531926,3531210,716
62008,3531926,3531826,100
62009,3531926,3531826,100
62010,3531926,3531826,100
62011,3531926,3531826,100
62012,3531926,3531826,100
62013,3531926,3531826,100
62014,3531926,3531210,716
62015,3531926,3531826,100
62016,3531926,3531919,7
62017,3531926,3531919,7
62018,3531926,3531919,7
62019,3531926,3531919,7
62020,3537787,3537516,271
62021,3537787,3537516,271
62022,3540516,3540114,402
62023,3543124,3540114,3010
62024,3545195,3545178,17
62025,3551344,3548855,2489
62026,3571691,3571552,139
62027,3545195,3545178,17
62028,3571691,3571552,139
62029,3719241,3719068,173
62030,3719241,3719068,173
62031,3719241,3719068,173
62032,3754463,3754463,0
62033,3754463,3754463,0
62034,3791603,3790459,1144
62035,3897292,3897221,71
62036,3949896,3949362,534
62037,3949896,3949362,534
62038,3968732,3968687,45
62039,3968732,3968687,45
62040,4051847,4051355,492
62041,4068516,4068433,83
62042,4068516,4068433,83
62043,4121726,4121629,97
62044,4143422,4142888,534
62045,4121726,4121629,97
62046,4143422,4142888,534
62047,4142919,4142888,31
62048,4143422,4142888,534
62049,4148693,4148650,43
62050,4149579,4149067,512
62051,4148693,4148650,43
62052,4157412,4157151,261
62053,4158625,4158470,155
62054,4163776,4163224,552
62055,4164502,4164186,316
62056,4242084,4242028,56
62057,4242084,4242028,56
62058,4242084,4242028,56
62059,4245698,4245435,263
62060,4245698,4245435,263
62061,4245698,4245435,263
62062,4257755,4257669,86
62063,4257755,4257669,86
62064,4283032,4283030,2
62065,4277569,4276871,698
62066,4283032,4283030,2
62067,4283032,4283030,2
62068,4283842,4283841,1
62069,4283032,4283030,2
62070,4314252,4314176,76
62071,4314252,4312893,1359
62072,4314252,4314176,76
62073,4378309,4378202,107
62074,4385416,4378202,7214
62075,4385416,4378202,7214
62076,4378225,4378202,23
62077,4394318,4390860,3458
62078,4390526,4390525,1
62079,4619435,4619355,80
62080,4634009,4633781,228
62081,4634009,4633781,228
62082,4634009,4633781,228
62083,4634009,4633781,228
62084,4642234,4642014,220
62085,4642234,4642014,220
62086,4642391,4642320,71
62087,4642234,4642014,220
62088,4640108,4640078,30
62089,4642234,4642014,220
62090,4642234,4641974,260
62091,4645975,4645351,624
62092,4645975,4645351,624
62093,4645975,4645351,624
62094,4648369,4648192,177
62095,4651228,4650723,505
62096,4653146,4653089,57
62097,4654260,4653937,323
62098,4654260,4653937,323
62099,4713432,4713222,210
62100,4713509,4710736,2773
62101,4713423,4711751,1672
62102,4713509,4710736,2773
62103,4713432,4710736,2696
62104,4718055,4718017,38
62105,4720376,4720107,269
62106,4731048,4730691,357
62107,4731048,4730691,357
62108,4732455,4732366,89
62109,4732455,4732366,89
62110,4732455,4732366,89
62111,4732455,4732366,89
62112,4737846,4736241,1605
62113,4738636,4736241,2395
62114,4740909,4740131,778
62115,4740909,4738291,2618
62116,4740909,4738291,2618
62117,4755906,4755560,346
62118,4755906,4755560,346
62119,4755906,4755560,346
62120,4755906,4755560,346
62121,4755906,4755560,346
62122,4759255,4758435,820
62123,4759462,4758435,1027
62124,4763493,4763444,49
62125,4763493,4763444,49
62126,4764535,4763068,1467
62127,4764535,4763444,1091
62128,4764535,4764433,102
62129,4764535,4763444,1091
62130,4764535,4763068,1467
62131,195169,194810,359
62132,195169,194810,359
62133,195169,194810,359
62134,275388,270694,4694
62135,276432,275128,1304
62136,276490,270694,5796
62137,347916,347700,216
62138,316349,316349,0
62139,358489,358424,65
62140,384007,384007,0
62141,445760,445760,0
62142,698798,698707,91
62143,712042,712019,23
62144,735384,733782,1602
62145,735267,733782,1485
62146,733782,733782,0
62147,733782,733782,0
62148,758964,758964,0
62149,831021,830797,224
62150,899337,898900,437
62151,860076,859991,85
62152,899337,898900,437
62153,904294,903494,800
62154,904294,903494,800
62155,904294,898720,5574
62156,903494,903494,0
62157,935827,935827,0
62158,941972,941972,0
62159,943469,942278,1191
62160,943469,942278,1191
62161,943469,942278,1191
62162,943469,942278,1191
62163,943469,942543,926
62164,943469,942278,1191
62165,943469,942543,926
62166,943469,942278,1191
62167,943469,942543,926
62168,943469,942278,1191
62169,943469,942543,926
62170,948253,948102,151
62171,994767,994213,554
62172,995162,995043,119
62173,995162,995043,119
62174,995934,995813,121
62175,997967,996744,1223
62176,1061264,1061259,5
62177,1066156,1065543,613
62178,1065352,1062027,3325
62179,1099103,1098744,359
62180,1099166,1098744,422
62181,1099498,1098744,754
62182,1099166,1098744,422
62183,1099166,1098744,422
62184,1152065,1152059,6
62185,1152065,1151441,624
62186,1203581,1203580,1
62187,1206454,1206025,429
62188,1204098,1203589,509
62189,1205851,1205850,1
62190,1206454,1206025,429
62191,1204116,1203531,585
62192,1206340,1205348,992
62193,1270636,1270316,320
62194,1270636,1270316,320
62195,1322419,1318302,4117
62196,1321962,1318302,3660
62197,1325666,1325454,212
62198,1325666,1325454,212
62199,1331087,1330062,1025
62200,1336602,1336540,62
62201,1336602,1336540,62
62202,1373827,1373542,285
62203,1409460,1408537,923
62204,1409460,1408537,923
62205,1421658,1421582,76
62206,1421658,1421582,76
62207,1433420,1433073,347
62208,1465469,1459807,5662
62209,1474192,1459807,14385
62210,1474192,1459807,14385
62211,1474192,1449993,24199
62212,1465469,1459807,5662
62213,1527642,1524118,3524
62214,1604407,1602937,1470
62215,1604407,1602937,1470
62216,1604407,1602937,1470
62217,1604407,1602937,1470
62218,1607536,1607488,48
62219,1607536,1607488,48
62220,1607536,1607451,85
62221,1607536,1607488,48
62222,1607536,1607488,48
62223,1754897,1753273,1624
62224,1754897,1753273,1624
62225,1754897,1753273,1624
62226,1816401,1815558,843
62227,1816593,1816468,125
62228,1817206,1813211,3995
62229,1818275,1816884,1391
62230,1825377,1823176,2201
62231,1825377,1823176,2201
62232,1846676,1846676,0
62233,1852211,1851379,832
62234,1852211,1851379,832
62235,1877991,1865336,12655
62236,1877991,1870628,7363
62237,1887081,1886481,600
62238,1887081,1885578,1503
62239,1905355,1904246,1109
62240,1905355,1904246,1109
62241,1905355,1903699,1656
62242,1905355,1903699,1656
62243,1905355,1903699,1656
62244,1907505,1907327,178
62245,1913888,1913593,295
62246,1913888,1913593,295
62247,1913888,1913593,295
62248,1922692,1922565,127
62249,1933762,1933691,71
62250,1933762,1933550,212
62251,1948026,1946728,1298
62252,1948605,1946728,1877
62253,1951433,1950849,584
62254,1951991,1951684,307
62255,1951991,1951684,307
62256,1951991,1951684,307
62257,1951991,1951684,307
62258,1951991,1950156,1835
62259,1952130,1951684,446
62260,1974062,1973611,451
62261,1978389,1975883,2506
62262,1977932,1974741,3191
62263,1977783,1974741,3042
62264,1977932,1975883,2049
62265,1986127,1985105,1022
62266,1986127,1985105,1022
62267,2003382,2002895,487
62268,2003382,2002895,487
62269,2005256,2005224,32
62270,2160922,2160062,860
62271,2160922,2160062,860
62272,2160922,2160062,860
62273,2160922,2160062,860
62274,2160922,2160062,860
62275,2160922,2160062,860
62276,2152098,2151997,101
62277,2160922,2160062,860
62278,2152954,2152934,20
62279,2160922,2160062,860
62280,2160922,2160062,860
62281,2160922,2157793,3129
62282,2159073,2159073,0
62283,2172876,2172535,341
62284,2172876,2172535,341
62285,2175799,2174745,1054
62286,2183322,2183322,0
62287,2178561,2178560,1
62288,2187231,2186983,248
62289,2187231,2186983,248
62290,2187231,2186983,248
62291,2187231,2186983,248
62292,2187231,2186983,248
62293,2187231,2186983,248
62294,2192923,2192844,79
62295,2214969,2213866,1103
62296,2250860,2249156,1704
62297,2248643,2248464,179
62298,2296635,2296171,464
62299,2296635,2296171,464
62300,2376150,2376150,0
62301,2403713,2403554,159
62302,2384073,2384017,56
62303,2402972,2402648,324
62304,2420779,2420662,117
62305,2421417,2421228,189
62306,2421417,2421228,189
62307,2421866,2420662,1204
62308,2421822,2420662,1160
62309,2427844,2426345,1499
62310,2427844,2426345,1499
62311,2429434,2429270,164
62312,2430479,2429578,901
62313,2430479,2429578,901
62314,2434320,2434266,54
62315,2467592,2466441,1151
62316,2772010,2771391,619
62317,2772010,2771391,619
62318,2533154,2533089,65
62319,2533154,2533089,65
62320,2533154,2532350,804
62321,2532946,2532875,71
62322,2617966,2617714,252
62323,2618505,2618451,54
62324,2618250,2618239,11
62325,2673781,2673780,1
62326,2676634,2676460,174
62327,2768782,2768781,1
62328,2676634,2676460,174
62329,2676634,2676460,174
62330,2772010,2771391,619
62331,2772010,2771391,619
62332,2772598,2771391,1207
62333,2791689,2791393,296
62334,2795454,2794524,930
62335,2803927,2801985,1942
62336,2803927,2801985,1942
62337,2803927,2801972,1955
62338,2808296,2801985,6311
62339,2803453,2801985,1468
62340,2803600,2801985,1615
62341,2803600,2801972,1628
62342,2803600,2801972,1628
62343,2808296,2807620,676
62344,2808296,2808007,289
62345,2808296,2808007,289
62346,2820269,2820051,218
62347,2820269,2820051,218
62348,2820269,2820051,218
62349,2820269,2820051,218
62350,2835738,2835108,630
62351,2835738,2835108,630
62352,2835267,2835265,2
62353,2835267,2835077,190
62354,2839752,2838954,798
62355,2839752,2839216,536
62356,2843842,2843834,8
62357,2843842,2843834,8
62358,2850328,2850095,233
62359,2850328,2850095,233
62360,2850328,2850004,324
62361,2850328,2850095,233
62362,2850328,2850004,324
62363,2850328,2850095,233
62364,2850328,2850159,169
62365,2854402,2854138,264
62366,2854402,2854138,264
62367,2854402,2854138,264
62368,2878439,2877928,511
62369,2878439,2878318,121
62370,2878439,2878318,121
62371,2878439,2878318,121
62372,2899191,2899000,191
62373,2899191,2899000,191
62374,2913808,2913170,638
62375,2914115,2913170,945
62376,2914115,2913170,945
62377,2914115,2913170,945
62378,2914115,2913170,945
62379,2914115,2913170,945
62380,2919624,2919503,121
62381,2919624,2919503,121
62382,2922186,2921361,825
62383,2926822,2925898,924
62384,2927050,2925898,1152
62385,2927282,2925898,1384
62386,2927282,2925898,1384
62387,2927703,2925898,1805
62388,2929250,2928608,642
62389,2930235,2929548,687
62390,2930520,2930116,404
62391,2931486,2931346,140
62392,2931486,2931432,54
62393,2931486,2931432,54
62394,2933870,2933284,586
62395,2933870,2933702,168
62396,2933870,2933702,168
62397,2933870,2933702,168
62398,2933870,2933702,168
62399,2941794,2941794,0
62400,2964501,2953307,11194
62401,2964501,2964196,305
62402,2964788,2964709,79
62403,2964788,2953307,11481
62404,2975481,2953307,22174
62405,2964788,2962419,2369
62406,2972009,2972005,4
62407,2979214,2979214,0
62408,2975481,2975303,178
62409,2975481,2975303,178
62410,2979214,2979214,0
62411,2979214,2979214,0
62412,2983144,2983089,55
62413,2986380,2986293,87
62414,2988115,2986481,1634
62415,2988115,2986450,1665
62416,2988115,2986481,1634
62417,2988115,2986481,1634
62418,2988115,2986450,1665
62419,2988115,2986280,1835
62420,2991199,2990568,631
62421,2991669,2990568,1101
62422,2997979,2997715,264
62423,2998733,2997715,1018
62424,3023034,3023034,0
62425,3023034,3023034,0
62426,3023034,3023034,0
62427,3023034,3023034,0
62428,3023034,3023034,0
62429,3023034,3023034,0
62430,3023034,3023034,0
62431,3057358,3056640,718
62432,3068398,3068171,227
62433,3076482,3073397,3085
62434,3077148,3073397,3751
62435,3079366,3079106,260
62436,3079007,3079007,0
62437,3079364,3079106,258
62438,3091686,3091304,382
62439,3091312,3091304,8
62440,3101196,3101095,101
62441,3101196,3101095,101
62442,3124500,3124344,156
62443,3139240,3137434,1806
62444,3140615,3140549,66
62445,3140615,3140549,66
62446,3146810,3146521,289
62447,3158392,3154433,3959
62448,3158774,3158770,4
62449,3159255,3159245,10
62450,3159255,3159245,10
62451,3159255,3159245,10
62452,3206424,3206423,1
62453,3207243,3206928,315
62454,3163563,3162874,689
62455,3207243,3206928,315
62456,3196628,3196007,621
62457,3207243,3206928,315
62458,3207243,3206928,315
62459,3207243,3206928,315
62460,3213655,3213601,54
62461,3207243,3206798,445
62462,3208691,3208248,443
62463,3212216,3212216,0
62464,3213655,3213601,54
62465,3220653,3220012,641
62466,3220653,3220012,641
62467,3231321,3231281,40
62468,3231321,3231281,40
62469,3231321,3231281,40
62470,3233821,3233241,580
62471,3233821,3232206,1615
62472,3233821,3233241,580
62473,3243013,3242616,397
62474,3233821,3233241,580
62475,3234941,3234602,339
62476,3242755,3242616,139
62477,3243013,3242616,397
62478,3243013,3242616,397
62479,3264249,3264108,141
62480,3264249,3264108,141
62481,3246258,3245983,275
62482,3270501,3269965,536
62483,3270501,3269965,536
62484,3270501,3269965,536
62485,3274959,3274050,909
62486,3275438,3275012,426
62487,3314921,3314919,2
62488,3380716,3379841,875
62489,3380736,3380620,116
62490,3381873,3380620,1253
62491,3392478,3391747,731
62492,3392478,3391747,731
62493,3392478,3391747,731
62494,3395029,3394979,50
62495,3395417,3394996,421
62496,3397333,3396753,580
62497,3397333,3396753,580
62498,3404936,3400293,4643
62499,3404936,3400273,4663
62500,3406139,3400273,5866
62501,3406908,3400293,6615
62502,3404889,3400293,4596
62503,3404936,3399395,5541
62504,3409590,3409123,467
62505,3412950,3412189,761
62506,3413041,3412393,648
62507,3413041,3412403,638
62508,3413119,3413019,100
62509,3413119,3413019,100
62510,3413119,3412393,726
62511,3413119,3412393,726
62512,3413119,3411752,1367
62513,3413119,3412403,716
62514,3413119,3412403,716
62515,3413119,3412403,716
62516,3413119,3413019,100
62517,3413119,3413019,100
62518,3413119,3413019,100
62519,3413119,3413019,100
62520,3413119,3413019,100
62521,3413119,3413019,100
62522,3413119,3412403,716
62523,3413119,3413019,100
62524,3413119,3413112,7
62525,3413119,3413112,7
62526,3413119,3413112,7
62527,3413119,3413112,7
62528,3418981,3418710,271
62529,3418981,3418710,271
62530,3421710,3421308,402
62531,3424318,3421308,3010
62532,3426388,3426371,17
62533,3432537,3430048,2489
62534,3452865,3452726,139
62535,3426388,3426371,17
62536,3452865,3452726,139
62537,3494800,3491828,2972
62538,3559588,3552103,7485
62539,3559588,3552103,7485
62540,3600524,3600351,173
62541,3600524,3600351,173
62542,3600524,3600351,173
62543,3635765,3635765,0
62544,3635765,3635765,0
62545,3673697,3672553,1144
62546,3798012,3797918,94
62547,3734013,3733978,35
62548,3798012,3797918,94
62549,3798012,3797918,94
62550,3848256,3847441,815
62551,3866565,3866486,79
62552,3866565,3866486,79
62553,3866565,3866486,79
62554,3946758,3946265,493
62555,3963453,3963370,83
62556,3963453,3963370,83
62557,4038655,4038116,539
62558,4038147,4038116,31
62559,4038655,4038116,539
62560,4043923,4043880,43
62561,4044819,4044297,522
62562,4043923,4043880,43
62563,4052642,4052381,261
62564,4053855,4053700,155
62565,4059007,4058455,552
62566,4059736,4059417,319
62567,4137360,4137304,56
62568,4137360,4137304,56
62569,4137360,4137304,56
62570,4140973,4140710,263
62571,4140973,4140710,263
62572,4140973,4140710,263
62573,4153028,4152942,86
62574,4153028,4152942,86
62575,4181419,4180632,787
62576,4172848,4172150,698
62577,4181419,4180632,787
62578,4181419,4180632,787
62579,4181419,4180632,787
62580,4181419,4180632,787
62581,4209482,4209406,76
62582,4209482,4208123,1359
62583,4209482,4209406,76
62584,4273905,4273798,107
62585,4281012,4273798,7214
62586,4281012,4273798,7214
62587,4273821,4273798,23
62588,4289926,4286468,3458
62589,4319419,4318769,650
62590,4286134,4286133,1
62591,4319419,4318769,650
62592,4377893,4377813,80
62593,4392467,4392239,228
62594,4392467,4392239,228
62595,4392467,4392239,228
62596,4392467,4392239,228
62597,4400696,4400476,220
62598,4400696,4400476,220
62599,4400853,4400782,71
62600,4400696,4400476,220
62601,4398569,4398539,30
62602,4400696,4400476,220
62603,4400696,4400436,260
62604,4404437,4403813,624
62605,4404437,4403813,624
62606,4404437,4403813,624
62607,4406835,4406658,177
62608,4409694,4409189,505
62609,4411612,4411555,57
62610,4412726,4412403,323
62611,4412726,4412403,323
62612,4471898,4471688,210
62613,4471975,4469212,2763
62614,4471889,4470227,1662
62615,4471975,4469212,2763
62616,4471898,4469212,2686
62617,4476520,4476482,38
62618,4478841,4478572,269
62619,4489547,4489190,357
62620,4489547,4489190,357
62621,4490954,4490865,89
62622,4490954,4490865,89
62623,4490954,4490865,89
62624,4490954,4490865,89
62625,4496342,4494737,1605
62626,4497132,4494737,2395
62627,4499405,4498627,778
62628,4499405,4496787,2618
62629,4499405,4496787,2618
62630,4514410,4514064,346
62631,4514410,4514064,346
62632,4514410,4514064,346
62633,4514410,4514064,346
62634,4514410,4514064,346
62635,4517759,4516939,820
62636,4517966,4516939,1027
62637,4522000,4521951,49
62638,4522000,4521951,49
62639,4523042,4521575,1467
62640,4523042,4521951,1091
62641,4523042,4522940,102
62642,4523042,4521951,1091
62643,4523042,4521575,1467
62644,4609700,4609684,16
62645,4609700,4609684,16
62646,45746,45393,353
62647,45746,45393,353
62648,193241,192441,800
62649,249081,248923,158
62650,409992,408848,1144
62651,409992,408848,1144
62652,529760,529729,31
62653,587974,586968,1006
62654,195170,194811,359
62655,275392,270698,4694
62656,276436,275132,1304
62657,276494,270698,5796
62658,347917,347701,216
62659,316353,316353,0
62660,358491,358426,65
62661,384005,384005,0
62662,445757,445757,0
62663,578877,578877,0
62664,627501,627419,82
62665,646201,646197,4
62666,668436,668388,48
62667,698488,698397,91
62668,711732,711709,23
62669,735067,733465,1602
62670,734950,733465,1485
62671,733465,733465,0
62672,758647,758647,0
62673,830705,830481,224
62674,898992,898555,437
62675,859772,859687,85
62676,898992,898555,437
62677,903954,903154,800
62678,903954,903154,800
62679,903954,898375,5579
62680,903154,903154,0
62681,935468,935468,0
62682,941613,941613,0
62683,943106,941919,1187
62684,943106,941919,1187
62685,943106,941919,1187
62686,943106,941919,1187
62687,943106,942184,922
62688,943106,941919,1187
62689,943106,942184,922
62690,943106,941919,1187
62691,943106,942184,922
62692,943106,941919,1187
62693,943106,942184,922
62694,947889,947738,151
62695,994413,993859,554
62696,994808,994689,119
62697,994808,994689,119
62698,995580,995459,121
62699,997613,996390,1223
62700,1060902,1060897,5
62701,1065926,1065313,613
62702,1098861,1098488,373
62703,1099228,1098488,740
62704,1099228,1098488,740
62705,1099228,1098488,740
62706,1099228,1098488,740
62707,1276307,1098488,177819
62708,1151662,1151038,624
62709,1205459,1205458,1
62710,1206062,1205633,429
62711,1205948,1204813,1135
62712,1276307,1275987,320
62713,1328014,1323905,4109
62714,1327558,1323905,3653
62715,1331278,1331066,212
62716,1331278,1331066,212
62717,1336701,1335676,1025
62718,1342221,1342159,62
62719,1342221,1342159,62
62720,1379420,1379135,285
62721,1465077,1464154,923
62722,1465077,1464154,923
62723,1477275,1477199,76
62724,1477275,1477199,76
62725,1489018,1488671,347
62726,1521040,1515379,5661
62727,1529767,1515379,14388
62728,1529767,1515379,14388
62729,1529767,1505576,24191
62730,1521040,1515379,5661
62731,1659580,1658110,1470
62732,1659580,1658110,1470
62733,1659580,1658110,1470
62734,1659580,1658110,1470
62735,1662712,1662664,48
62736,1662712,1662664,48
62737,1662712,1662627,85
62738,1662712,1662664,48
62739,1662712,1662664,48
62740,1810060,1808436,1624
62741,1810060,1808436,1624
62742,1871569,1870726,843
62743,1871761,1871636,125
62744,1872374,1868379,3995
62745,1873443,1872052,1391
62746,1880545,1878344,2201
62747,1880545,1878344,2201
62748,1901840,1901840,0
62749,1907381,1906550,831
62750,1907381,1906550,831
62751,1933156,1920500,12656
62752,1933156,1925793,7363
62753,1942246,1941646,600
62754,1942246,1940743,1503
62755,1960520,1959411,1109
62756,1960520,1959411,1109
62757,1960520,1958864,1656
62758,1960520,1958864,1656
62759,1960520,1958864,1656
62760,1962670,1962492,178
62761,1969054,1968759,295
62762,1969054,1968759,295
62763,1969054,1968759,295
62764,1977856,1977729,127
62765,1988926,1988855,71
62766,1988926,1988714,212
62767,2003189,2001891,1298
62768,2003768,2001891,1877
62769,2006596,2006012,584
62770,2007154,2006847,307
62771,2007154,2006847,307
62772,2007154,2006847,307
62773,2007154,2006847,307
62774,2007154,2005319,1835
62775,2007293,2006847,446
62776,2029225,2028774,451
62777,2033552,2031046,2506
62778,2033095,2029904,3191
62779,2032946,2029904,3042
62780,2033095,2031046,2049
62781,2041289,2040268,1021
62782,2041289,2040268,1021
62783,2058547,2058060,487
62784,2058547,2058060,487
62785,2060421,2060389,32
62786,2216014,2215154,860
62787,2216014,2215154,860
62788,2216014,2215154,860
62789,2216014,2215154,860
62790,2216014,2215154,860
62791,2216014,2215154,860
62792,2207196,2207095,101
62793,2216014,2215154,860
62794,2208046,2208026,20
62795,2216014,2215154,860
62796,2216014,2215154,860
62797,2216014,2212885,3129
62798,2214165,2214165,0
62799,2227970,2227629,341
62800,2227970,2227629,341
62801,2230893,2229839,1054
62802,2242316,2242068,248
62803,2233664,2233663,1
62804,2242316,2242068,248
62805,2242316,2242068,248
62806,2242316,2242068,248
62807,2242316,2242068,248
62808,2242316,2242068,248
62809,2242316,2242068,248
62810,2242316,2242068,248
62811,2248033,2247954,79
62812,2351537,2351073,464
62813,2351537,2351073,464
62814,2305856,2304152,1704
62815,2303639,2303460,179
62816,2428678,2428678,0
62817,2456237,2456077,160
62818,2456237,2456077,160
62819,2436605,2436549,56
62820,2455495,2455171,324
62821,2473306,2473189,117
62822,2473944,2473189,755
62823,2473944,2473189,755
62824,2474393,2473189,1204
62825,2474349,2473189,1160
62826,2480336,2478837,1499
62827,2480336,2478837,1499
62828,2481926,2481762,164
62829,2482971,2482070,901
62830,2482971,2482070,901
62831,2486814,2486760,54
62832,2821820,2820607,1213
62833,2821820,2820607,1213
62834,2586798,2586733,65
62835,2586798,2585994,804
62836,2586798,2586733,65
62837,2586590,2586519,71
62838,2671188,2671156,32
62839,2670904,2670655,249
62840,2671444,2671390,54
62841,2671188,2671156,32
62842,2671411,2671390,21
62843,2726667,2726666,1
62844,2817998,2817997,1
62845,2729520,2729346,174
62846,2729520,2729346,174
62847,2821820,2820607,1213
62848,2821820,2820607,1213
62849,2821820,2820607,1213
62850,2840924,2840628,296
62851,2844689,2843759,930
62852,2853148,2851221,1927
62853,2853148,2851221,1927
62854,2853148,2851208,1940
62855,2857517,2851221,6296
62856,2851384,2851221,163
62857,2852821,2851221,1600
62858,2852821,2851208,1613
62859,2852821,2851208,1613
62860,2857517,2856841,676
62861,2857517,2857228,289
62862,2857517,2857228,289
62863,2869496,2869278,218
62864,2869496,2869278,218
62865,2869496,2869278,218
62866,2869496,2869278,218
62867,2884984,2884354,630
62868,2884984,2884354,630
62869,2884513,2884511,2
62870,2884513,2884323,190
62871,2888996,2888198,798
62872,2888996,2888460,536
62873,2893086,2893078,8
62874,2893086,2893078,8
62875,2899570,2899337,233
62876,2899570,2899337,233
62877,2899570,2899246,324
62878,2899570,2899337,233
62879,2899570,2899246,324
62880,2899570,2899337,233
62881,2899570,2899401,169
62882,2903646,2903382,264
62883,2903646,2903382,264
62884,2903646,2903382,264
62885,2948438,2948247,191
62886,2948438,2948247,191
62887,2963059,2962429,630
62888,2963366,2962429,937
62889,2963366,2962429,937
62890,2963366,2962429,937
62891,2963366,2962429,937
62892,2963366,2962429,937
62893,2968876,2968755,121
62894,2968876,2968755,121
62895,2971439,2970614,825
62896,2976069,2975145,924
62897,2976297,2975145,1152
62898,2976529,2975145,1384
62899,2976529,2975145,1384
62900,2976950,2975145,1805
62901,2978497,2977855,642
62902,2979482,2978795,687
62903,2979767,2979363,404
62904,2980733,2980593,140
62905,2980733,2980679,54
62906,2980733,2980679,54
62907,2983117,2982531,586
62908,2983117,2982949,168
62909,2983117,2982949,168
62910,2983117,2982949,168
62911,2983117,2982949,168
62912,2991041,2991041,0
62913,3013741,3002554,11187
62914,3013741,3013436,305
62915,3014028,3013949,79
62916,3014028,3002554,11474
62917,3024735,3002554,22181
62918,3014028,3011657,2371
62919,3021267,3021263,4
62920,3028470,3028470,0
62921,3024735,3024557,178
62922,3024735,3024557,178
62923,3028470,3028470,0
62924,3028470,3028470,0
62925,3032400,3032345,55
62926,3035640,3035552,88
62927,3037375,3035741,1634
62928,3037375,3035710,1665
62929,3037375,3035741,1634
62930,3037375,3035741,1634
62931,3037375,3035710,1665
62932,3037375,3035539,1836
62933,3040459,3039828,631
62934,3040929,3039828,1101
62935,3047235,3046971,264
62936,3047989,3046971,1018
62937,3058094,3058094,0
62938,3058094,3058094,0
62939,3058094,3058094,0
62940,3173768,3173612,156
62941,3245644,3245023,621
62942,3256269,3255954,315
62943,3256269,3255954,315
62944,3256269,3255954,315
62945,3261361,3261360,1
62946,3255450,3255449,1
62947,3256269,3255954,315
62948,3256269,3255954,315
62949,3256269,3255824,445
62950,3257717,3257274,443
62951,3261244,3261244,0
62952,3261361,3261360,1
62953,3408829,3408818,11
62954,3462544,3461669,875
62955,3462564,3462448,116
62956,3463704,3462448,1256
62957,3474285,3473554,731
62958,3474285,3473554,731
62959,3474285,3473554,731
62960,3476836,3476786,50
62961,3477224,3476803,421
62962,3479137,3478560,577
62963,3479137,3478560,577
62964,3486740,3482097,4643
62965,3486740,3482077,4663
62966,3487943,3482077,5866
62967,3488712,3482097,6615
62968,3486693,3482097,4596
62969,3486740,3481199,5541
62970,3491394,3490927,467
62971,3494754,3493993,761
62972,3494845,3494197,648
62973,3494845,3494207,638
62974,3494923,3494823,100
62975,3494923,3494823,100
62976,3494923,3494197,726
62977,3494923,3494197,726
62978,3494923,3493556,1367
62979,3494923,3494207,716
62980,3494923,3494207,716
62981,3494923,3494207,716
62982,3494923,3494823,100
62983,3494923,3494823,100
62984,3494923,3494823,100
62985,3494923,3494823,100
62986,3494923,3494823,100
62987,3494923,3494823,100
62988,3494923,3494207,716
62989,3494923,3494823,100
62990,3494923,3494916,7
62991,3494923,3494916,7
62992,3494923,3494916,7
62993,3494923,3494916,7
62994,3500784,3500513,271
62995,3500784,3500513,271
62996,3503513,3503111,402
62997,3506121,3503111,3010
62998,3508192,3508175,17
62999,3514336,3511847,2489
63000,3534689,3534550,139
63001,3508192,3508175,17
63002,3534689,3534550,139
63003,3576469,3573496,2973
63004,3682495,3682322,173
63005,3682495,3682322,173
63006,3666293,3660448,5845
63007,3682495,3682322,173
63008,3682495,3682322,173
63009,3682495,3682322,173
63010,3717760,3717760,0
63011,3717760,3717760,0
63012,3754894,3753746,1148
63013,3860953,3860944,9
63014,4010093,4010070,23
63015,4067502,4066618,884
63016,4090096,4090052,44
63017,4090096,4090052,44
63018,4090096,4090052,44
63019,4171833,4171340,493
63020,4188528,4188445,83
63021,4188528,4188445,83
63022,4263744,4263205,539
63023,4263236,4263205,31
63024,4263744,4263205,539
63025,4269012,4268969,43
63026,4269908,4269386,522
63027,4269012,4268969,43
63028,4277731,4277470,261
63029,4278944,4278789,155
63030,4284096,4283544,552
63031,4284825,4284506,319
63032,4362444,4362388,56
63033,4362444,4362388,56
63034,4362444,4362388,56
63035,4366058,4365795,263
63036,4366058,4365795,263
63037,4366058,4365795,263
63038,4378111,4378025,86
63039,4378111,4378025,86
63040,4406503,4405716,787
63041,4397931,4397233,698
63042,4406503,4405716,787
63043,4406503,4405716,787
63044,4406503,4405716,787
63045,4406503,4405716,787
63046,4434580,4434504,76
63047,4434580,4433221,1359
63048,4434580,4434504,76
63049,4498994,4498887,107
63050,4506101,4498887,7214
63051,4506101,4498887,7214
63052,4498910,4498887,23
63053,4515019,4511561,3458
63054,4544512,4543862,650
63055,4554476,4511561,42915
63056,4511227,4511226,1
63057,4544512,4543862,650
63058,4602986,4602906,80
63059,4617560,4617332,228
63060,4617560,4617332,228
63061,4617560,4617332,228
63062,4617560,4617332,228
63063,4625789,4625569,220
63064,4625789,4625569,220
63065,4625946,4625875,71
63066,4625789,4625569,220
63067,4623662,4623632,30
63068,4625789,4625569,220
63069,4625789,4625529,260
63070,4629530,4628906,624
63071,4629530,4628906,624
63072,4629530,4628906,624
63073,4631928,4631751,177
63074,4634787,4634282,505
63075,4636705,4636648,57
63076,4637819,4637496,323
63077,4637819,4637496,323
63078,232682,232323,359
63079,232682,232323,359
63080,232682,232323,359
63081,312977,308283,4694
63082,313916,312717,1199
63083,313972,308283,5689
63084,385401,385185,216
63085,353830,353830,0
63086,395974,395909,65
63087,421488,421488,0
63088,483240,483240,0
63089,616386,616386,0
63090,665026,664944,82
63091,683714,683710,4
63092,705974,705926,48
63093,736041,735950,91
63094,749286,749263,23
63095,772633,771031,1602
63096,772516,771031,1485
63097,771031,771031,0
63098,771031,771031,0
63099,796211,796211,0
63100,973063,973063,0
63101,979209,979209,0
63102,980702,979515,1187
63103,980702,979515,1187
63104,980702,979515,1187
63105,980702,979515,1187
63106,980702,979780,922
63107,980702,979515,1187
63108,980702,979780,922
63109,980702,979515,1187
63110,980702,979780,922
63111,980702,979515,1187
63112,980702,979780,922
63113,985482,985331,151
63114,1031661,1031107,554
63115,1032057,1031938,119
63116,1032057,1031938,119
63117,1032823,1032702,121
63118,1034855,1033633,1222
63119,1098155,1098150,5
63120,1103140,1102527,613
63121,1136070,1135711,359
63122,1136133,1135711,422
63123,1136465,1135711,754
63124,1136133,1135711,422
63125,1136133,1135711,422
63126,1188724,1188100,624
63127,1242409,1242408,1
63128,1243012,1242583,429
63129,1240654,1240653,1
63130,1240672,1240671,1
63131,1242898,1241763,1135
63132,1307061,1306741,320
63133,1359860,1355748,4112
63134,1359404,1355748,3656
63135,1363126,1362914,212
63136,1363126,1362914,212
63137,1368548,1367523,1025
63138,1374068,1374006,62
63139,1374068,1374006,62
63140,1411311,1411026,285
63141,1411109,1411026,83
63142,1446965,1446042,923
63143,1446965,1446042,923
63144,1459159,1459083,76
63145,1459159,1459083,76
63146,1470925,1470578,347
63147,1502949,1497286,5663
63148,1511683,1497286,14397
63149,1511683,1497286,14397
63150,1511683,1487473,24210
63151,1502949,1497286,5663
63152,1564729,1561205,3524
63153,1641484,1640014,1470
63154,1641484,1640014,1470
63155,1641484,1640014,1470
63156,1641484,1640014,1470
63157,1644613,1644565,48
63158,1644613,1644565,48
63159,1644613,1644528,85
63160,1644613,1644565,48
63161,1644613,1644565,48
63162,1794272,1792648,1624
63163,1794272,1792648,1624
63164,1794272,1792648,1624
63165,1855773,1854930,843
63166,1855965,1855840,125
63167,1856578,1852585,3993
63168,1857647,1856256,1391
63169,1864749,1862548,2201
63170,1864749,1862548,2201
63171,1886050,1886050,0
63172,1891586,1890754,832
63173,1891586,1890754,832
63174,1917363,1904707,12656
63175,1917363,1910000,7363
63176,1926453,1925853,600
63177,1926453,1924950,1503
63178,1944728,1943619,1109
63179,1944728,1943619,1109
63180,1944728,1943072,1656
63181,1944728,1943072,1656
63182,1944728,1943072,1656
63183,1946878,1946700,178
63184,1953259,1952964,295
63185,1953259,1952964,295
63186,1953259,1952964,295
63187,1962064,1961937,127
63188,1973134,1973063,71
63189,1973134,1972922,212
63190,2013437,2012986,451
63191,2017765,2015258,2507
63192,2017308,2014116,3192
63193,2017159,2014116,3043
63194,2017308,2015258,2050
63195,2025502,2024481,1021
63196,2025502,2024481,1021
63197,2042770,2042283,487
63198,2042770,2042283,487
63199,2044644,2044612,32
63200,2130665,2114746,15919
63201,2335435,2334971,464
63202,2335435,2334971,464
63203,2466929,2465430,1499
63204,2466929,2465430,1499
63205,2468519,2468355,164
63206,2469564,2468663,901
63207,2469564,2468663,901
63208,2473404,2473350,54
63209,2506687,2505536,1151
63210,2573382,2573317,65
63211,2573382,2572578,804
63212,2573382,2573317,65
63213,2658492,2658460,32
63214,2573174,2573103,71
63215,2658748,2658694,54
63216,2658208,2657959,249
63217,2658748,2658694,54
63218,2658492,2658460,32
63219,2658715,2658694,21
63220,2714035,2714006,29
63221,2716888,2714006,2882
63222,2805880,2805879,1
63223,2716888,2714006,2882
63224,2809111,2808489,622
63225,2716888,2714006,2882
63226,2809111,2808489,622
63227,2809111,2808489,622
63228,2809111,2808489,622
63229,2809708,2808489,1219
63230,2828813,2828517,296
63231,2832579,2831490,1089
63232,2841057,2839114,1943
63233,2841057,2839114,1943
63234,2841057,2839101,1956
63235,2845430,2839114,6316
63236,2840583,2839114,1469
63237,2840730,2839114,1616
63238,2840730,2839101,1629
63239,2840730,2839101,1629
63240,2845430,2844750,680
63241,2845430,2845141,289
63242,2845430,2845141,289
63243,2857408,2857190,218
63244,2857408,2857190,218
63245,2857408,2857190,218
63246,2857408,2857190,218
63247,2872901,2872271,630
63248,2872901,2872271,630
63249,2872430,2872428,2
63250,2872430,2872240,190
63251,2876913,2876115,798
63252,2876913,2876377,536
63253,2881003,2880995,8
63254,2881003,2880995,8
63255,2887488,2887255,233
63256,2887488,2887255,233
63257,2887488,2887164,324
63258,2887488,2887255,233
63259,2887488,2887164,324
63260,2887488,2887255,233
63261,2887488,2887319,169
63262,2891563,2891299,264
63263,2891563,2891299,264
63264,2891563,2891299,264
63265,2915605,2915094,511
63266,2915605,2915484,121
63267,2915605,2915484,121
63268,2915605,2915484,121
63269,2936356,2936165,191
63270,2936356,2936165,191
63271,2950969,2950335,634
63272,2951276,2950335,941
63273,2951276,2950335,941
63274,2951276,2950335,941
63275,2951276,2950335,941
63276,2951276,2950335,941
63277,2956785,2956664,121
63278,2956785,2956664,121
63279,2959347,2958522,825
63280,2963984,2963060,924
63281,2964212,2963060,1152
63282,2964444,2963060,1384
63283,2964444,2963060,1384
63284,2964865,2963060,1805
63285,2966412,2965770,642
63286,2967397,2966710,687
63287,2967682,2967278,404
63288,2968648,2968508,140
63289,2968648,2968594,54
63290,2968648,2968594,54
63291,2971032,2970446,586
63292,2971032,2970864,168
63293,2971032,2970864,168
63294,2971032,2970864,168
63295,2971032,2970864,168
63296,2978956,2978956,0
63297,3001668,2990474,11194
63298,3001668,3001363,305
63299,3001955,3001876,79
63300,3001955,2990474,11481
63301,3012659,2990474,22185
63302,3001955,2999586,2369
63303,3009187,3009183,4
63304,3016398,3016398,0
63305,3012659,3012481,178
63306,3012659,3012481,178
63307,3016398,3016398,0
63308,3016398,3016398,0
63309,3020328,3020273,55
63310,3023567,3023480,87
63311,3025302,3023668,1634
63312,3025302,3023637,1665
63313,3025302,3023668,1634
63314,3025302,3023668,1634
63315,3025302,3023637,1665
63316,3025302,3023467,1835
63317,3028386,3027755,631
63318,3028856,3027755,1101
63319,3035164,3034900,264
63320,3035918,3034900,1018
63321,3061758,3061121,637
63322,3061758,3061121,637
63323,3061758,3061121,637
63324,3061758,3061121,637
63325,3075920,3075368,552
63326,3075920,3071654,4266
63327,3078757,3078295,462
63328,3093568,3090546,3022
63329,3163457,3163301,156
63330,3178191,3176385,1806
63331,3179566,3179500,66
63332,3179566,3179500,66
63333,3185762,3185473,289
63334,3190124,3189552,572
63335,3190124,3189196,928
63336,3190124,3189552,572
63337,3235545,3234924,621
63338,3246159,3245844,315
63339,3246159,3245844,315
63340,3246159,3245844,315
63341,3252571,3252517,54
63342,3245340,3245339,1
63343,3246159,3245844,315
63344,3246159,3245844,315
63345,3246159,3245714,445
63346,3247607,3247164,443
63347,3251132,3251132,0
63348,3252571,3252517,54
63349,3259574,3258933,641
63350,3259574,3258933,641
63351,3270242,3270202,40
63352,3270242,3270202,40
63353,3270242,3270202,40
63354,3272742,3272162,580
63355,3272742,3271127,1615
63356,3272742,3272162,580
63357,3281933,3281536,397
63358,3272742,3272162,580
63359,3273862,3273523,339
63360,3281675,3281536,139
63361,3281933,3281536,397
63362,3281933,3281536,397
63363,3303168,3303027,141
63364,3303168,3303027,141
63365,3285178,3284903,275
63366,3306890,3306890,0
63367,3342155,3341619,536
63368,3342155,3341619,536
63369,3309422,3307956,1466
63370,3313760,3312852,908
63371,3335906,3335765,141
63372,3335906,3335765,141
63373,3317916,3317641,275
63374,3342155,3341619,536
63375,3342155,3341619,536
63376,3346613,3345704,909
63377,3347092,3346666,426
63378,3368931,3368931,0
63379,3467425,3466550,875
63380,3467445,3467329,116
63381,3468585,3467329,1256
63382,3479185,3478454,731
63383,3479185,3478454,731
63384,3479185,3478454,731
63385,3481737,3481687,50
63386,3482125,3481704,421
63387,3484041,3483461,580
63388,3484041,3483461,580
63389,3491644,3487001,4643
63390,3491644,3486981,4663
63391,3492847,3486981,5866
63392,3493616,3487001,6615
63393,3491597,3487001,4596
63394,3491644,3486103,5541
63395,3496298,3495831,467
63396,3499658,3498897,761
63397,3499749,3499101,648
63398,3499749,3499111,638
63399,3499827,3499727,100
63400,3499827,3499727,100
63401,3499827,3499101,726
63402,3499827,3499101,726
63403,3499827,3498460,1367
63404,3499827,3499111,716
63405,3499827,3499111,716
63406,3499827,3499111,716
63407,3499827,3499727,100
63408,3499827,3499727,100
63409,3499827,3499727,100
63410,3499827,3499727,100
63411,3499827,3499727,100
63412,3499827,3499727,100
63413,3499827,3499111,716
63414,3499827,3499727,100
63415,3499827,3499820,7
63416,3499827,3499820,7
63417,3499827,3499820,7
63418,3499827,3499820,7
63419,3505689,3505418,271
63420,3505689,3505418,271
63421,3508418,3508016,402
63422,3511026,3508016,3010
63423,3513097,3513080,17
63424,3519247,3516759,2488
63425,3539573,3539434,139
63426,3513097,3513080,17
63427,3539573,3539434,139
63428,3581417,3578445,2972
63429,3687126,3686953,173
63430,3687126,3686953,173
63431,3640248,3638696,1552
63432,3670888,3658818,12070
63433,3687126,3686953,173
63434,3687126,3686953,173
63435,3687126,3686953,173
63436,3722348,3722348,0
63437,3722348,3722348,0
63438,3759493,3758349,1144
63439,3865402,3865331,71
63440,3993164,3993069,95
63441,3993164,3993069,95
63442,3993164,3993069,95
63443,4044478,4043944,534
63444,4044478,4043944,534
63445,4063156,4063156,0
63446,4146332,4145839,493
63447,4162996,4162913,83
63448,4162996,4162913,83
63449,4215758,4215661,97
63450,4237318,4236785,533
63451,4215758,4215661,97
63452,4237318,4236785,533
63453,4237318,4236785,533
63454,4236816,4236785,31
63455,4242589,4242546,43
63456,4243485,4242963,522
63457,4242589,4242546,43
63458,4251308,4251047,261
63459,4252521,4252366,155
63460,4257672,4257120,552
63461,4258398,4258082,316
63462,4335987,4335931,56
63463,4335987,4335931,56
63464,4335987,4335931,56
63465,4339601,4339338,263
63466,4339601,4339338,263
63467,4339601,4339338,263
63468,4351658,4351572,86
63469,4351658,4351572,86
63470,4430060,4429273,787
63471,4370561,4370517,44
63472,4430060,4429273,787
63473,4430060,4429273,787
63474,4430060,4429273,787
63475,4430060,4429273,787
63476,4458104,4458028,76
63477,4458104,4456745,1359
63478,4458104,4458028,76
63479,4521958,4521851,107
63480,4529059,4521851,7208
63481,4529059,4521851,7208
63482,4521874,4521851,23
63483,4537977,4534519,3458
63484,4534185,4534184,1
63485,4567414,4566764,650
63486,4625836,4625756,80
63487,4637414,4637412,2
63488,4637414,4628945,8469
63489,4637414,4637412,2
63490,4719864,4719654,210
63491,4719941,4717168,2773
63492,4719855,4718183,1672
63493,4719941,4717168,2773
63494,4719864,4717168,2696
63495,4857918,4857686,232
63496,4857918,4857686,232
63497,4864476,4864121,355
63498,4864476,4863897,579
63499,4864476,4864121,355
63500,4866311,4866023,288
63501,4866311,4865691,620
63502,4866311,4866208,103
63503,4866311,4865691,620
63504,4866311,4865691,620
63505,4887132,4886946,186
63506,4901710,4899927,1783
63507,4901710,4899927,1783
63508,4901710,4895914,5796
63509,4905564,4904543,1021
63510,66597,65919,678
63511,139339,139287,52
63512,97454,95230,2224
63513,97454,95230,2224
63514,99568,88330,11238
63515,89310,89260,50
63516,68231,64611,3620
63517,68685,64611,4074
63518,68787,64611,4176
63519,68787,64611,4176
63520,119730,119237,493
63521,119730,119237,493
63522,119730,119237,493
63523,32226,32173,53
63524,32226,32173,53
63525,74215,74207,8
63526,77521,77513,8
63527,80827,80819,8
63528,84133,84125,8
63529,90745,87431,3314
63530,97357,94043,3314
63531,100663,100655,8
63532,103969,103961,8
63533,107275,107267,8
63534,110581,110573,8
63535,113887,113879,8
63536,98585,98219,366
63537,102888,102790,98
63538,118136,98219,19917
63539,125407,122770,2637
63540,152863,146643,6220
63541,180292,180215,77
63542,183214,174918,8296
63543,183214,183208,6
63544,183214,150603,32611
63545,206136,205104,1032
63546,240669,240666,3
63547,240669,240666,3
63548,240669,240666,3
63549,240669,240666,3
63550,240669,240666,3
63551,240669,240666,3
63552,240669,240666,3
63553,240669,240666,3
63554,240669,240666,3
63555,240669,240666,3
63556,240669,240666,3
63557,240669,240666,3
63558,240669,240666,3
63559,240669,240666,3
63560,240669,240666,3
63561,240669,240666,3
63562,240669,240666,3
63563,240669,240666,3
63564,240669,240666,3
63565,240669,240666,3
63566,380618,380511,107
63567,380618,333514,47104
63568,400852,400563,289
63569,418517,413918,4599
63570,422969,422931,38
63571,424056,423024,1032
63572,430485,430467,18
63573,454595,454155,440
63574,454600,454187,413
63575,458604,458601,3
63576,458604,458601,3
63577,458604,458601,3
63578,458604,458601,3
63579,458604,458601,3
63580,458604,458601,3
63581,458604,458601,3
63582,458604,458601,3
63583,458604,458601,3
63584,458604,458601,3
63585,458604,458601,3
63586,458604,458601,3
63587,458604,458601,3
63588,458604,458601,3
63589,458604,458601,3
63590,458604,458601,3
63591,458604,458601,3
63592,458604,458601,3
63593,458604,458601,3
63594,458604,458601,3
63595,458604,458601,3
63596,759491,759135,356
63597,759491,759135,356
63598,760700,759135,1565
63599,760700,759135,1565
63600,760700,759135,1565
63601,791133,791103,30
63602,894424,894382,42
63603,895830,827995,67835
63604,895830,827995,67835
63605,895830,827995,67835
63606,895830,827995,67835
63607,895830,827995,67835
63608,895830,827995,67835
63609,895830,827995,67835
63610,895830,827995,67835
63611,945284,945267,17
63612,959899,959849,50
63613,960620,959996,624
63614,983147,964648,18499
63615,1005883,959996,45887
63616,1005883,1005618,265
63617,1005883,1005618,265
63618,1005883,1005618,265
63619,1005883,1005618,265
63620,1005883,959996,45887
63621,1005883,973618,32265
63622,1168888,973618,195270
63623,1170453,959996,210457
63624,1190693,1188972,1721
63625,1346670,1346670,0
63626,1484054,1484054,0
63627,1484054,1484054,0
63628,1484054,1484054,0
63629,1484054,1484054,0
63630,1484054,1484054,0
63631,1484054,1484054,0
63632,1484054,1484054,0
63633,1484054,1484054,0
63634,1484054,1484054,0
63635,1484054,1484054,0
63636,1484054,1484054,0
63637,1484054,1484054,0
63638,1484054,1484054,0
63639,1484054,1484054,0
63640,1484054,1484054,0
63641,1484765,1484765,0
63642,1489848,1489500,348
63643,1489863,1489795,68
63644,1489863,1489795,68
63645,1513884,1510484,3400
63646,1513884,1510484,3400
63647,1513884,1510484,3400
63648,1574883,1574882,1
63649,1577426,1577426,0
63650,1577426,1577426,0
63651,1577426,1577426,0
63652,33265,31709,1556
63653,211657,172867,38790
63654,212206,211600,606
63655,229882,229836,46
63656,115071,112848,2223
63657,115071,112848,2223
63658,86719,49117,37602
63659,22909,22256,653
63660,22909,22256,653
63661,49839,49831,8
63662,19472,19472,0
63663,113132,112480,652
63664,36449,35938,511
63665,129113,128940,173
63666,68123,67455,668
63667,84658,83979,679
63668,68123,67717,406
63669,68123,67455,668
63670,68123,67717,406
63671,68123,67717,406
63672,68123,67717,406
63673,68123,67455,668
63674,68123,67717,406
63675,68123,67717,406
63676,113132,112480,652
63677,129113,128940,173
63678,84658,83979,679
63679,84658,83979,679
63680,84658,83979,679
63681,96246,95742,504
63682,113132,112480,652
63683,129113,128940,173
63684,145371,145288,83
63685,145745,145120,625
63686,145745,145120,625
63687,145745,145120,625
63688,145745,145120,625
63689,145745,145120,625
63690,153112,153110,2
