,feature_classification,feature_end,feature_length,feature_start,feature_subtype_index,feature_type,feature_type_index
0,Exon in a ncRNA,233201407,201.0,233201206,1.0,Exon,1
0,Splice Junction Exon in a ncRNA to Intron in a ncRNA,233201407,,233201407,,Splice Junction ,1
1,Intron in a ncRNA,233270757,69350.0,233201407,1.0,Intron,1
1,Splice Junction Intron in a ncRNA to Exon in a ncRNA,233270758,,233270757,,Splice Junction ,2
2,Exon in a ncRNA,233270936,178.0,233270758,2.0,Exon,2
2,Splice Junction Exon in a ncRNA to Intron in a ncRNA,233270936,,233270936,,Splice Junction ,3
3,Intron in a ncRNA,233275458,4522.0,233270936,2.0,Intron,2
3,Splice Junction Intron in a ncRNA to Exon in a ncRNA,233275459,,233275458,,Splice Junction ,4
4,Exon in a ncRNA,233275601,142.0,233275459,3.0,Exon,3
4,Splice Junction Exon in a ncRNA to Intron in a ncRNA,233275601,,233275601,,Splice Junction ,5
5,Intron in a ncRNA,233296027,20426.0,233275601,3.0,Intron,3
5,Splice Junction Intron in a ncRNA to Exon in a ncRNA,233296028,,233296027,,Splice Junction ,6
6,Exon in a ncRNA,233296179,151.0,233296028,4.0,Exon,4
6,Splice Junction Exon in a ncRNA to Intron in a ncRNA,233296179,,233296179,,Splice Junction ,7
7,Intron in a ncRNA,233297015,836.0,233296179,4.0,Intron,4
7,Splice Junction Intron in a ncRNA to Exon in a ncRNA,233297016,,233297015,,Splice Junction ,8
8,Exon in a ncRNA,233297109,93.0,233297016,5.0,Exon,5
8,Splice Junction Exon in a ncRNA to Intron in a ncRNA,233297109,,233297109,,Splice Junction ,9
9,Intron in a ncRNA,233313546,16437.0,233297109,5.0,Intron,5
9,Splice Junction Intron in a ncRNA to Exon in a ncRNA,233313547,,233313546,,Splice Junction ,10
10,Exon in a ncRNA,233313644,97.0,233313547,6.0,Exon,6
10,Splice Junction Exon in a ncRNA to Intron in a ncRNA,233313644,,233313644,,Splice Junction ,11
11,Intron in a ncRNA,233314810,1166.0,233313644,6.0,Intron,6
11,Splice Junction Intron in a ncRNA to Exon in a ncRNA,233314811,,233314810,,Splice Junction ,12
12,Exon in a ncRNA,233314921,110.0,233314811,7.0,Exon,7
12,Splice Junction Exon in a ncRNA to Intron in a ncRNA,233314921,,233314921,,Splice Junction ,13
13,Intron in a ncRNA,233334683,19762.0,233314921,7.0,Intron,7
13,Splice Junction Intron in a ncRNA to Exon in a ncRNA,233334684,,233334683,,Splice Junction ,14
14,Exon in a ncRNA,233334776,92.0,233334684,8.0,Exon,8
14,Splice Junction Exon in a ncRNA to Intron in a ncRNA,233334776,,233334776,,Splice Junction ,15
15,Intron in a ncRNA,233335898,1122.0,233334776,8.0,Intron,8
15,Splice Junction Intron in a ncRNA to Exon in a ncRNA,233335899,,233335898,,Splice Junction ,16
16,Exon in a ncRNA,233336010,111.0,233335899,9.0,Exon,9
16,Splice Junction Exon in a ncRNA to Intron in a ncRNA,233336010,,233336010,,Splice Junction ,17
17,Intron in a ncRNA,233344262,8252.0,233336010,9.0,Intron,9
17,Splice Junction Intron in a ncRNA to Exon in a ncRNA,233344263,,233344262,,Splice Junction ,18
18,Exon in a ncRNA,233344435,172.0,233344263,10.0,Exon,10
18,Splice Junction Exon in a ncRNA to Intron in a ncRNA,233344435,,233344435,,Splice Junction ,19
19,Intron in a ncRNA,233353643,9208.0,233344435,10.0,Intron,10
19,Splice Junction Intron in a ncRNA to Exon in a ncRNA,233353644,,233353643,,Splice Junction ,20
20,Exon in a ncRNA,233353677,33.0,233353644,11.0,Exon,11
20,Splice Junction Exon in a ncRNA to Intron in a ncRNA,233353677,,233353677,,Splice Junction ,21
21,Intron in a ncRNA,233353775,98.0,233353677,11.0,Intron,11
21,Splice Junction Intron in a ncRNA to Exon in a ncRNA,233353776,,233353775,,Splice Junction ,22
22,Exon in a ncRNA,233353930,154.0,233353776,12.0,Exon,12
22,Splice Junction Exon in a ncRNA to Intron in a ncRNA,233353930,,233353930,,Splice Junction ,23
23,Intron in a ncRNA,233372589,18659.0,233353930,12.0,Intron,12
23,Splice Junction Intron in a ncRNA to Exon in a ncRNA,233372590,,233372589,,Splice Junction ,24
24,Exon in a ncRNA,233372726,136.0,233372590,13.0,Exon,13
24,Splice Junction Exon in a ncRNA to Intron in a ncRNA,233372726,,233372726,,Splice Junction ,25
25,Intron in a ncRNA,233386483,13757.0,233372726,13.0,Intron,13
25,Splice Junction Intron in a ncRNA to Exon in a ncRNA,233386484,,233386483,,Splice Junction ,26
26,Exon in a ncRNA,233386578,94.0,233386484,14.0,Exon,14
26,Splice Junction Exon in a ncRNA to Intron in a ncRNA,233386578,,233386578,,Splice Junction ,27
27,Intron in a ncRNA,233388098,1520.0,233386578,14.0,Intron,14
27,Splice Junction Intron in a ncRNA to Exon in a ncRNA,233388099,,233388098,,Splice Junction ,28
28,Exon in a ncRNA,233388245,146.0,233388099,15.0,Exon,15
28,Splice Junction Exon in a ncRNA to Intron in a ncRNA,233388245,,233388245,,Splice Junction ,29
29,Intron in a ncRNA,233388385,140.0,233388245,15.0,Intron,15
29,Splice Junction Intron in a ncRNA to Exon in a ncRNA,233388386,,233388385,,Splice Junction ,30
30,Exon in a ncRNA,233388534,148.0,233388386,16.0,Exon,16
30,Splice Junction Exon in a ncRNA to Intron in a ncRNA,233388534,,233388534,,Splice Junction ,31
31,Intron in a ncRNA,233393772,5238.0,233388534,16.0,Intron,16
31,Splice Junction Intron in a ncRNA to Exon in a ncRNA,233393773,,233393772,,Splice Junction ,32
32,Exon in a ncRNA,233395090,1317.0,233393773,17.0,Exon,17
