,ClusterEnd,ClusterID,ClusterStart,ConversionEventCount,Dataset
0,4420,G2155.1,4388,64,IonXpress_SFPQ_N
