,feature_classification,feature_end,feature_length,feature_start,feature_subtype_index,feature_type,feature_type_index
0,Exon in a ncRNA,28696336,244.0,28696092,1.0,Exon,1
0,Splice Junction Exon in a ncRNA to Intron in a ncRNA,28696336,,28696336,,Splice Junction ,1
1,Intron in a ncRNA,28733919,37583.0,28696336,1.0,Intron,1
1,Splice Junction Intron in a ncRNA to Exon in a ncRNA,28733920,,28733919,,Splice Junction ,2
2,Exon in a ncRNA,28733974,54.0,28733920,2.0,Exon,2
2,Splice Junction Exon in a ncRNA to Intron in a ncRNA,28733974,,28733974,,Splice Junction ,3
3,Intron in a ncRNA,28784341,50367.0,28733974,2.0,Intron,2
3,Splice Junction Intron in a ncRNA to Exon in a ncRNA,28784342,,28784341,,Splice Junction ,4
4,Exon in a ncRNA,28784370,28.0,28784342,3.0,Exon,3
4,Splice Junction Exon in a ncRNA to Intron in a ncRNA,28784370,,28784370,,Splice Junction ,5
5,Intron in a ncRNA,28785594,1224.0,28784370,3.0,Intron,3
5,Splice Junction Intron in a ncRNA to Exon in a ncRNA,28785595,,28785594,,Splice Junction ,6
6,Exon in a ncRNA,28785769,174.0,28785595,4.0,Exon,4
6,Splice Junction Exon in a ncRNA to Intron in a ncRNA,28785769,,28785769,,Splice Junction ,7
7,Intron in a ncRNA,28786721,952.0,28785769,4.0,Intron,4
7,Splice Junction Intron in a ncRNA to Exon in a ncRNA,28786722,,28786721,,Splice Junction ,8
8,Exon in a ncRNA,28786803,81.0,28786722,5.0,Exon,5
8,Splice Junction Exon in a ncRNA to Intron in a ncRNA,28786803,,28786803,,Splice Junction ,9
9,Intron in a ncRNA,28792194,5391.0,28786803,5.0,Intron,5
9,Splice Junction Intron in a ncRNA to Exon in a ncRNA,28792195,,28792194,,Splice Junction ,10
10,Exon in a ncRNA,28792360,165.0,28792195,6.0,Exon,6
10,Splice Junction Exon in a ncRNA to Intron in a ncRNA,28792360,,28792360,,Splice Junction ,11
11,Intron in a ncRNA,28792891,531.0,28792360,6.0,Intron,6
11,Splice Junction Intron in a ncRNA to Exon in a ncRNA,28792892,,28792891,,Splice Junction ,12
12,Exon in a ncRNA,28793279,387.0,28792892,7.0,Exon,7
12,Splice Junction Exon in a ncRNA to Intron in a ncRNA,28793279,,28793279,,Splice Junction ,13
13,Intron in a ncRNA,28800064,6785.0,28793279,7.0,Intron,7
13,Splice Junction Intron in a ncRNA to Exon in a ncRNA,28800065,,28800064,,Splice Junction ,14
14,Exon in a ncRNA,28800663,598.0,28800065,8.0,Exon,8
14,Splice Junction Exon in a ncRNA to Intron in a ncRNA,28800663,,28800663,,Splice Junction ,15
15,Intron in a ncRNA,28802617,1954.0,28800663,8.0,Intron,8
15,Splice Junction Intron in a ncRNA to Exon in a ncRNA,28802618,,28802617,,Splice Junction ,16
16,Exon in a ncRNA,28802803,185.0,28802618,9.0,Exon,9
16,Splice Junction Exon in a ncRNA to Intron in a ncRNA,28802803,,28802803,,Splice Junction ,17
17,Intron in a ncRNA,28806961,4158.0,28802803,9.0,Intron,9
17,Splice Junction Intron in a ncRNA to Exon in a ncRNA,28806962,,28806961,,Splice Junction ,18
18,Exon in a ncRNA,28807116,154.0,28806962,10.0,Exon,10
18,Splice Junction Exon in a ncRNA to Intron in a ncRNA,28807116,,28807116,,Splice Junction ,19
19,Intron in a ncRNA,28815680,8564.0,28807116,10.0,Intron,10
19,Splice Junction Intron in a ncRNA to Exon in a ncRNA,28815681,,28815680,,Splice Junction ,20
20,Exon in a ncRNA,28815737,56.0,28815681,11.0,Exon,11
20,Splice Junction Exon in a ncRNA to Intron in a ncRNA,28815737,,28815737,,Splice Junction ,21
21,Intron in a ncRNA,28816284,547.0,28815737,11.0,Intron,11
21,Splice Junction Intron in a ncRNA to Exon in a ncRNA,28816285,,28816284,,Splice Junction ,22
22,Exon in a ncRNA,28816406,121.0,28816285,12.0,Exon,12
22,Splice Junction Exon in a ncRNA to Intron in a ncRNA,28816406,,28816406,,Splice Junction ,23
23,Intron in a ncRNA,28817461,1055.0,28816406,12.0,Intron,12
23,Splice Junction Intron in a ncRNA to Exon in a ncRNA,28817462,,28817461,,Splice Junction ,24
24,Exon in a ncRNA,28817524,62.0,28817462,13.0,Exon,13
24,Splice Junction Exon in a ncRNA to Intron in a ncRNA,28817524,,28817524,,Splice Junction ,25
25,Intron in a ncRNA,28818160,636.0,28817524,13.0,Intron,13
25,Splice Junction Intron in a ncRNA to Exon in a ncRNA,28818161,,28818160,,Splice Junction ,26
26,Exon in a ncRNA,28818299,138.0,28818161,14.0,Exon,14
26,Splice Junction Exon in a ncRNA to Intron in a ncRNA,28818299,,28818299,,Splice Junction ,27
27,Intron in a ncRNA,28819525,1226.0,28818299,14.0,Intron,14
27,Splice Junction Intron in a ncRNA to Exon in a ncRNA,28819526,,28819525,,Splice Junction ,28
28,Exon in a ncRNA,28819603,77.0,28819526,15.0,Exon,15
28,Splice Junction Exon in a ncRNA to Intron in a ncRNA,28819603,,28819603,,Splice Junction ,29
29,Intron in a ncRNA,28820740,1137.0,28819603,15.0,Intron,15
29,Splice Junction Intron in a ncRNA to Exon in a ncRNA,28820741,,28820740,,Splice Junction ,30
30,Exon in a ncRNA,28820834,93.0,28820741,16.0,Exon,16
30,Splice Junction Exon in a ncRNA to Intron in a ncRNA,28820834,,28820834,,Splice Junction ,31
31,Intron in a ncRNA,28823044,2210.0,28820834,16.0,Intron,16
31,Splice Junction Intron in a ncRNA to Exon in a ncRNA,28823045,,28823044,,Splice Junction ,32
32,Exon in a ncRNA,28823783,738.0,28823045,17.0,Exon,17
