,feature_classification,feature_end,feature_length,feature_start,feature_subtype_index,feature_type,feature_type_index
0,Exon in a ncRNA,47895253,539.0,47894714,1.0,Exon,1
0,Splice Junction Exon in a ncRNA to Intron in a ncRNA,47895253,,47895253,,Splice Junction ,1
1,Intron in a ncRNA,47895639,386.0,47895253,1.0,Intron,1
1,Splice Junction Intron in a ncRNA to Exon in a ncRNA,47895640,,47895639,,Splice Junction ,2
2,Exon in a ncRNA,47895745,105.0,47895640,2.0,Exon,2
2,Splice Junction Exon in a ncRNA to Intron in a ncRNA,47895745,,47895745,,Splice Junction ,3
3,Intron in a ncRNA,47897020,1275.0,47895745,2.0,Intron,2
3,Splice Junction Intron in a ncRNA to Exon in a ncRNA,47897021,,47897020,,Splice Junction ,4
4,Exon in a ncRNA,47897107,86.0,47897021,3.0,Exon,3
4,Splice Junction Exon in a ncRNA to Intron in a ncRNA,47897107,,47897107,,Splice Junction ,5
5,Intron in a ncRNA,47897438,331.0,47897107,3.0,Intron,3
5,Splice Junction Intron in a ncRNA to Exon in a ncRNA,47897439,,47897438,,Splice Junction ,6
6,Exon in a ncRNA,47897501,62.0,47897439,4.0,Exon,4
6,Splice Junction Exon in a ncRNA to Intron in a ncRNA,47897501,,47897501,,Splice Junction ,7
7,Intron in a ncRNA,47905580,8079.0,47897501,4.0,Intron,4
7,Splice Junction Intron in a ncRNA to Exon in a ncRNA,47905581,,47905580,,Splice Junction ,8
8,Exon in a ncRNA,47905795,214.0,47905581,5.0,Exon,5
