,feature_classification,feature_end,feature_length,feature_start,feature_subtype_index,feature_type,feature_type_index
0,Exon in a ncRNA,122098523,3172.0,122095351,1.0,Exon,1
0,Splice Junction Exon in a ncRNA to Intron in a ncRNA,122098523,,122098523,,Splice Junction ,1
1,Intron in a ncRNA,122104612,6089.0,122098523,1.0,Intron,1
1,Splice Junction Intron in a ncRNA to Exon in a ncRNA,122104613,,122104612,,Splice Junction ,2
2,Exon in a ncRNA,122104730,117.0,122104613,2.0,Exon,2
2,Splice Junction Exon in a ncRNA to Intron in a ncRNA,122104730,,122104730,,Splice Junction ,3
3,Intron in a ncRNA,122106086,1356.0,122104730,2.0,Intron,2
3,Splice Junction Intron in a ncRNA to Exon in a ncRNA,122106087,,122106086,,Splice Junction ,4
4,Exon in a ncRNA,122106294,207.0,122106087,3.0,Exon,3
4,Splice Junction Exon in a ncRNA to Intron in a ncRNA,122106294,,122106294,,Splice Junction ,5
5,Intron in a ncRNA,122120746,14452.0,122106294,3.0,Intron,3
5,Splice Junction Intron in a ncRNA to Exon in a ncRNA,122120747,,122120746,,Splice Junction ,6
6,Exon in a ncRNA,122120876,129.0,122120747,4.0,Exon,4
6,Splice Junction Exon in a ncRNA to Intron in a ncRNA,122120876,,122120876,,Splice Junction ,7
7,Intron in a ncRNA,122122668,1792.0,122120876,4.0,Intron,4
7,Splice Junction Intron in a ncRNA to Exon in a ncRNA,122122669,,122122668,,Splice Junction ,8
8,Exon in a ncRNA,122122860,191.0,122122669,5.0,Exon,5
8,Splice Junction Exon in a ncRNA to Intron in a ncRNA,122122860,,122122860,,Splice Junction ,9
9,Intron in a ncRNA,122125162,2302.0,122122860,5.0,Intron,5
9,Splice Junction Intron in a ncRNA to Exon in a ncRNA,122125163,,122125162,,Splice Junction ,10
10,Exon in a ncRNA,122125407,244.0,122125163,6.0,Exon,6
10,Splice Junction Exon in a ncRNA to Intron in a ncRNA,122125407,,122125407,,Splice Junction ,11
11,Intron in a ncRNA,122135073,9666.0,122125407,6.0,Intron,6
11,Splice Junction Intron in a ncRNA to Exon in a ncRNA,122135074,,122135073,,Splice Junction ,12
12,Exon in a ncRNA,122135225,151.0,122135074,7.0,Exon,7
12,Splice Junction Exon in a ncRNA to Intron in a ncRNA,122135225,,122135225,,Splice Junction ,13
13,Intron in a ncRNA,122144696,9471.0,122135225,7.0,Intron,7
13,Splice Junction Intron in a ncRNA to Exon in a ncRNA,122144697,,122144696,,Splice Junction ,14
14,Exon in a ncRNA,122144804,107.0,122144697,8.0,Exon,8
14,Splice Junction Exon in a ncRNA to Intron in a ncRNA,122144804,,122144804,,Splice Junction ,15
15,Intron in a ncRNA,122145337,533.0,122144804,8.0,Intron,8
15,Splice Junction Intron in a ncRNA to Exon in a ncRNA,122145338,,122145337,,Splice Junction ,16
16,Exon in a ncRNA,122145482,144.0,122145338,9.0,Exon,9
16,Splice Junction Exon in a ncRNA to Intron in a ncRNA,122145482,,122145482,,Splice Junction ,17
17,Intron in a ncRNA,122154714,9232.0,122145482,9.0,Intron,9
17,Splice Junction Intron in a ncRNA to Exon in a ncRNA,122154715,,122154714,,Splice Junction ,18
18,Exon in a ncRNA,122154859,144.0,122154715,10.0,Exon,10
18,Splice Junction Exon in a ncRNA to Intron in a ncRNA,122154859,,122154859,,Splice Junction ,19
19,Intron in a ncRNA,122155896,1037.0,122154859,10.0,Intron,10
19,Splice Junction Intron in a ncRNA to Exon in a ncRNA,122155897,,122155896,,Splice Junction ,20
20,Exon in a ncRNA,122155976,79.0,122155897,11.0,Exon,11
20,Splice Junction Exon in a ncRNA to Intron in a ncRNA,122155976,,122155976,,Splice Junction ,21
21,Intron in a ncRNA,122159083,3107.0,122155976,11.0,Intron,11
21,Splice Junction Intron in a ncRNA to Exon in a ncRNA,122159084,,122159083,,Splice Junction ,22
22,Exon in a ncRNA,122159248,164.0,122159084,12.0,Exon,12
22,Splice Junction Exon in a ncRNA to Intron in a ncRNA,122159248,,122159248,,Splice Junction ,23
23,Intron in a ncRNA,122161941,2693.0,122159248,12.0,Intron,12
23,Splice Junction Intron in a ncRNA to Exon in a ncRNA,122161942,,122161941,,Splice Junction ,24
24,Exon in a ncRNA,122162010,68.0,122161942,13.0,Exon,13
24,Splice Junction Exon in a ncRNA to Intron in a ncRNA,122162010,,122162010,,Splice Junction ,25
25,Intron in a ncRNA,122165045,3035.0,122162010,13.0,Intron,13
25,Splice Junction Intron in a ncRNA to Exon in a ncRNA,122165046,,122165045,,Splice Junction ,26
26,Exon in a ncRNA,122165291,245.0,122165046,14.0,Exon,14
26,Splice Junction Exon in a ncRNA to Intron in a ncRNA,122165291,,122165291,,Splice Junction ,27
27,Intron in a ncRNA,122168440,3149.0,122165291,14.0,Intron,14
27,Splice Junction Intron in a ncRNA to Exon in a ncRNA,122168441,,122168440,,Splice Junction ,28
28,Exon in a ncRNA,122168545,104.0,122168441,15.0,Exon,15
28,Splice Junction Exon in a ncRNA to Intron in a ncRNA,122168545,,122168545,,Splice Junction ,29
29,Intron in a ncRNA,122182713,14168.0,122168545,15.0,Intron,15
29,Splice Junction Intron in a ncRNA to Exon in a ncRNA,122182714,,122182713,,Splice Junction ,30
30,Exon in a ncRNA,122182882,168.0,122182714,16.0,Exon,16
30,Splice Junction Exon in a ncRNA to Intron in a ncRNA,122182882,,122182882,,Splice Junction ,31
31,Intron in a ncRNA,122184978,2096.0,122182882,16.0,Intron,16
31,Splice Junction Intron in a ncRNA to Exon in a ncRNA,122184979,,122184978,,Splice Junction ,32
32,Exon in a ncRNA,122185006,27.0,122184979,17.0,Exon,17
32,Splice Junction Exon in a ncRNA to Intron in a ncRNA,122185006,,122185006,,Splice Junction ,33
33,Intron in a ncRNA,122187647,2641.0,122185006,17.0,Intron,17
33,Splice Junction Intron in a ncRNA to Exon in a ncRNA,122187648,,122187647,,Splice Junction ,34
34,Exon in a ncRNA,122187753,105.0,122187648,18.0,Exon,18
34,Splice Junction Exon in a ncRNA to Intron in a ncRNA,122187753,,122187753,,Splice Junction ,35
35,Intron in a ncRNA,122204911,17158.0,122187753,18.0,Intron,18
35,Splice Junction Intron in a ncRNA to Exon in a ncRNA,122204912,,122204911,,Splice Junction ,36
36,Exon in a ncRNA,122205083,171.0,122204912,19.0,Exon,19
36,Splice Junction Exon in a ncRNA to Intron in a ncRNA,122205083,,122205083,,Splice Junction ,37
37,Intron in a ncRNA,122205850,767.0,122205083,19.0,Intron,19
37,Splice Junction Intron in a ncRNA to Exon in a ncRNA,122205851,,122205850,,Splice Junction ,38
38,Exon in a ncRNA,122205901,50.0,122205851,20.0,Exon,20
38,Splice Junction Exon in a ncRNA to Intron in a ncRNA,122205901,,122205901,,Splice Junction ,39
39,Intron in a ncRNA,122206527,626.0,122205901,20.0,Intron,20
39,Splice Junction Intron in a ncRNA to Exon in a ncRNA,122206528,,122206527,,Splice Junction ,40
40,Exon in a ncRNA,122206696,168.0,122206528,21.0,Exon,21
40,Splice Junction Exon in a ncRNA to Intron in a ncRNA,122206696,,122206696,,Splice Junction ,41
41,Intron in a ncRNA,122208487,1791.0,122206696,21.0,Intron,21
41,Splice Junction Intron in a ncRNA to Exon in a ncRNA,122208488,,122208487,,Splice Junction ,42
42,Exon in a ncRNA,122208566,78.0,122208488,22.0,Exon,22
42,Splice Junction Exon in a ncRNA to Intron in a ncRNA,122208566,,122208566,,Splice Junction ,43
43,Intron in a ncRNA,122209364,798.0,122208566,22.0,Intron,22
43,Splice Junction Intron in a ncRNA to Exon in a ncRNA,122209365,,122209364,,Splice Junction ,44
44,Exon in a ncRNA,122209425,60.0,122209365,23.0,Exon,23
44,Splice Junction Exon in a ncRNA to Intron in a ncRNA,122209425,,122209425,,Splice Junction ,45
45,Intron in a ncRNA,122215261,5836.0,122209425,23.0,Intron,23
45,Splice Junction Intron in a ncRNA to Exon in a ncRNA,122215262,,122215261,,Splice Junction ,46
46,Exon in a ncRNA,122215333,71.0,122215262,24.0,Exon,24
46,Splice Junction Exon in a ncRNA to Intron in a ncRNA,122215333,,122215333,,Splice Junction ,47
47,Intron in a ncRNA,122216414,1081.0,122215333,24.0,Intron,24
47,Splice Junction Intron in a ncRNA to Exon in a ncRNA,122216415,,122216414,,Splice Junction ,48
48,Exon in a ncRNA,122216551,136.0,122216415,25.0,Exon,25
48,Splice Junction Exon in a ncRNA to Intron in a ncRNA,122216551,,122216551,,Splice Junction ,49
49,Intron in a ncRNA,122217554,1003.0,122216551,25.0,Intron,25
49,Splice Junction Intron in a ncRNA to Exon in a ncRNA,122217555,,122217554,,Splice Junction ,50
50,Exon in a ncRNA,122217701,146.0,122217555,26.0,Exon,26
50,Splice Junction Exon in a ncRNA to Intron in a ncRNA,122217701,,122217701,,Splice Junction ,51
51,Intron in a ncRNA,122218675,974.0,122217701,26.0,Intron,26
51,Splice Junction Intron in a ncRNA to Exon in a ncRNA,122218676,,122218675,,Splice Junction ,52
52,Exon in a ncRNA,122218769,93.0,122218676,27.0,Exon,27
52,Splice Junction Exon in a ncRNA to Intron in a ncRNA,122218769,,122218769,,Splice Junction ,53
53,Intron in a ncRNA,122220106,1337.0,122218769,27.0,Intron,27
53,Splice Junction Intron in a ncRNA to Exon in a ncRNA,122220107,,122220106,,Splice Junction ,54
54,Exon in a ncRNA,122220181,74.0,122220107,28.0,Exon,28
54,Splice Junction Exon in a ncRNA to Intron in a ncRNA,122220181,,122220181,,Splice Junction ,55
55,Intron in a ncRNA,122227382,7201.0,122220181,28.0,Intron,28
55,Splice Junction Intron in a ncRNA to Exon in a ncRNA,122227383,,122227382,,Splice Junction ,56
56,Exon in a ncRNA,122227536,153.0,122227383,29.0,Exon,29
56,Splice Junction Exon in a ncRNA to Intron in a ncRNA,122227536,,122227536,,Splice Junction ,57
57,Intron in a ncRNA,122260741,33205.0,122227536,29.0,Intron,29
57,Splice Junction Intron in a ncRNA to Exon in a ncRNA,122260742,,122260741,,Splice Junction ,58
58,Exon in a ncRNA,122260810,68.0,122260742,30.0,Exon,30
58,Splice Junction Exon in a ncRNA to Intron in a ncRNA,122260810,,122260810,,Splice Junction ,59
59,Intron in a ncRNA,122273239,12429.0,122260810,30.0,Intron,30
59,Splice Junction Intron in a ncRNA to Exon in a ncRNA,122273240,,122273239,,Splice Junction ,60
60,Exon in a ncRNA,122273338,98.0,122273240,31.0,Exon,31
60,Splice Junction Exon in a ncRNA to Intron in a ncRNA,122273338,,122273338,,Splice Junction ,61
61,Intron in a ncRNA,122283419,10081.0,122273338,31.0,Intron,31
61,Splice Junction Intron in a ncRNA to Exon in a ncRNA,122283420,,122283419,,Splice Junction ,62
62,Exon in a ncRNA,122283496,76.0,122283420,32.0,Exon,32
62,Splice Junction Exon in a ncRNA to Intron in a ncRNA,122283496,,122283496,,Splice Junction ,63
63,Intron in a ncRNA,122285373,1877.0,122283496,32.0,Intron,32
63,Splice Junction Intron in a ncRNA to Exon in a ncRNA,122285374,,122285373,,Splice Junction ,64
64,Exon in a ncRNA,122285466,92.0,122285374,33.0,Exon,33
64,Splice Junction Exon in a ncRNA to Intron in a ncRNA,122285466,,122285466,,Splice Junction ,65
65,Intron in a ncRNA,122286251,785.0,122285466,33.0,Intron,33
65,Splice Junction Intron in a ncRNA to Exon in a ncRNA,122286252,,122286251,,Splice Junction ,66
66,Exon in a ncRNA,122286356,104.0,122286252,34.0,Exon,34
66,Splice Junction Exon in a ncRNA to Intron in a ncRNA,122286356,,122286356,,Splice Junction ,67
67,Intron in a ncRNA,122287821,1465.0,122286356,34.0,Intron,34
67,Splice Junction Intron in a ncRNA to Exon in a ncRNA,122287822,,122287821,,Splice Junction ,68
68,Exon in a ncRNA,122287901,79.0,122287822,35.0,Exon,35
68,Splice Junction Exon in a ncRNA to Intron in a ncRNA,122287901,,122287901,,Splice Junction ,69
69,Intron in a ncRNA,122363275,75374.0,122287901,35.0,Intron,35
69,Splice Junction Intron in a ncRNA to Exon in a ncRNA,122363276,,122363275,,Splice Junction ,70
70,Exon in a ncRNA,122363756,480.0,122363276,36.0,Exon,36
