,feature_classification,feature_end,feature_length,feature_start,feature_subtype_index,feature_type,feature_type_index
0,Exon in a ncRNA,51085195,75.0,51085120,1.0,Exon,1
0,Splice Junction Exon in a ncRNA to Intron in a ncRNA,51085195,,51085195,,Splice Junction ,1
1,Intron in a ncRNA,51306770,221575.0,51085195,1.0,Intron,1
1,Splice Junction Intron in a ncRNA to Exon in a ncRNA,51306771,,51306770,,Splice Junction ,2
2,Exon in a ncRNA,51306825,54.0,51306771,2.0,Exon,2
2,Splice Junction Exon in a ncRNA to Intron in a ncRNA,51306825,,51306825,,Splice Junction ,3
3,Intron in a ncRNA,51314768,7943.0,51306825,2.0,Intron,2
3,Splice Junction Intron in a ncRNA to Exon in a ncRNA,51314769,,51314768,,Splice Junction ,4
4,Exon in a ncRNA,51314904,135.0,51314769,3.0,Exon,3
4,Splice Junction Exon in a ncRNA to Intron in a ncRNA,51314904,,51314904,,Splice Junction ,5
5,Intron in a ncRNA,51351101,36197.0,51314904,3.0,Intron,3
5,Splice Junction Intron in a ncRNA to Exon in a ncRNA,51351102,,51351101,,Splice Junction ,6
6,Exon in a ncRNA,51351159,57.0,51351102,4.0,Exon,4
6,Splice Junction Exon in a ncRNA to Intron in a ncRNA,51351159,,51351159,,Splice Junction ,7
7,Intron in a ncRNA,51362226,11067.0,51351159,4.0,Intron,4
7,Splice Junction Intron in a ncRNA to Exon in a ncRNA,51362227,,51362226,,Splice Junction ,8
8,Exon in a ncRNA,51362285,58.0,51362227,5.0,Exon,5
8,Splice Junction Exon in a ncRNA to Intron in a ncRNA,51362285,,51362285,,Splice Junction ,9
9,Intron in a ncRNA,51363114,829.0,51362285,5.0,Intron,5
9,Splice Junction Intron in a ncRNA to Exon in a ncRNA,51363115,,51363114,,Splice Junction ,10
10,Exon in a ncRNA,51363159,44.0,51363115,6.0,Exon,6
10,Splice Junction Exon in a ncRNA to Intron in a ncRNA,51363159,,51363159,,Splice Junction ,11
11,Intron in a ncRNA,51363246,87.0,51363159,6.0,Intron,6
11,Splice Junction Intron in a ncRNA to Exon in a ncRNA,51363247,,51363246,,Splice Junction ,12
12,Exon in a ncRNA,51363289,42.0,51363247,7.0,Exon,7
12,Splice Junction Exon in a ncRNA to Intron in a ncRNA,51363289,,51363289,,Splice Junction ,13
13,Intron in a ncRNA,51415336,52047.0,51363289,7.0,Intron,7
13,Splice Junction Intron in a ncRNA to Exon in a ncRNA,51415337,,51415336,,Splice Junction ,14
14,Exon in a ncRNA,51415440,103.0,51415337,8.0,Exon,8
14,Splice Junction Exon in a ncRNA to Intron in a ncRNA,51415440,,51415440,,Splice Junction ,15
15,Intron in a ncRNA,51442735,27295.0,51415440,8.0,Intron,8
15,Splice Junction Intron in a ncRNA to Exon in a ncRNA,51442736,,51442735,,Splice Junction ,16
16,Exon in a ncRNA,51442819,83.0,51442736,9.0,Exon,9
16,Splice Junction Exon in a ncRNA to Intron in a ncRNA,51442819,,51442819,,Splice Junction ,17
17,Intron in a ncRNA,51449236,6417.0,51442819,9.0,Intron,9
17,Splice Junction Intron in a ncRNA to Exon in a ncRNA,51449237,,51449236,,Splice Junction ,18
18,Exon in a ncRNA,51449368,131.0,51449237,10.0,Exon,10
18,Splice Junction Exon in a ncRNA to Intron in a ncRNA,51449368,,51449368,,Splice Junction ,19
19,Intron in a ncRNA,51465608,16240.0,51449368,10.0,Intron,10
19,Splice Junction Intron in a ncRNA to Exon in a ncRNA,51465609,,51465608,,Splice Junction ,20
20,Exon in a ncRNA,51465739,130.0,51465609,11.0,Exon,11
20,Splice Junction Exon in a ncRNA to Intron in a ncRNA,51465739,,51465739,,Splice Junction ,21
21,Intron in a ncRNA,51503437,37698.0,51465739,11.0,Intron,11
21,Splice Junction Intron in a ncRNA to Exon in a ncRNA,51503438,,51503437,,Splice Junction ,22
22,Exon in a ncRNA,51503477,39.0,51503438,12.0,Exon,12
22,Splice Junction Exon in a ncRNA to Intron in a ncRNA,51503477,,51503477,,Splice Junction ,23
23,Intron in a ncRNA,51569467,65990.0,51503477,12.0,Intron,12
23,Splice Junction Intron in a ncRNA to Exon in a ncRNA,51569468,,51569467,,Splice Junction ,24
24,Exon in a ncRNA,51569585,117.0,51569468,13.0,Exon,13
24,Splice Junction Exon in a ncRNA to Intron in a ncRNA,51569585,,51569585,,Splice Junction ,25
25,Intron in a ncRNA,51571150,1565.0,51569585,13.0,Intron,13
25,Splice Junction Intron in a ncRNA to Exon in a ncRNA,51571151,,51571150,,Splice Junction ,26
26,Exon in a ncRNA,51571223,72.0,51571151,14.0,Exon,14
26,Splice Junction Exon in a ncRNA to Intron in a ncRNA,51571223,,51571223,,Splice Junction ,27
27,Intron in a ncRNA,51617132,45909.0,51571223,14.0,Intron,14
27,Splice Junction Intron in a ncRNA to Exon in a ncRNA,51617133,,51617132,,Splice Junction ,28
28,Exon in a ncRNA,51617312,179.0,51617133,15.0,Exon,15
28,Splice Junction Exon in a ncRNA to Intron in a ncRNA,51617312,,51617312,,Splice Junction ,29
29,Intron in a ncRNA,51621444,4132.0,51617312,15.0,Intron,15
29,Splice Junction Intron in a ncRNA to Exon in a ncRNA,51621445,,51621444,,Splice Junction ,30
30,Exon in a ncRNA,51621538,93.0,51621445,16.0,Exon,16
30,Splice Junction Exon in a ncRNA to Intron in a ncRNA,51621538,,51621538,,Splice Junction ,31
31,Intron in a ncRNA,51664559,43021.0,51621538,16.0,Intron,16
31,Splice Junction Intron in a ncRNA to Exon in a ncRNA,51664560,,51664559,,Splice Junction ,32
32,Exon in a ncRNA,51664671,111.0,51664560,17.0,Exon,17
32,Splice Junction Exon in a ncRNA to Intron in a ncRNA,51664671,,51664671,,Splice Junction ,33
33,Intron in a ncRNA,51705229,40558.0,51664671,17.0,Intron,17
33,Splice Junction Intron in a ncRNA to Exon in a ncRNA,51705230,,51705229,,Splice Junction ,34
34,Exon in a ncRNA,51705427,197.0,51705230,18.0,Exon,18
