,feature_classification,feature_end,feature_length,feature_start,feature_subtype_index,feature_type,feature_type_index
0,Exon in a ncRNA,70481045,63.0,70480982,1.0,Exon,1
0,Splice Junction Exon in a ncRNA to Intron in a ncRNA,70481045,,70481045,,Splice Junction ,1
1,Intron in a ncRNA,70482210,1165.0,70481045,1.0,Intron,1
1,Splice Junction Intron in a ncRNA to Exon in a ncRNA,70482211,,70482210,,Splice Junction ,2
2,Exon in a ncRNA,70482334,123.0,70482211,2.0,Exon,2
2,Splice Junction Exon in a ncRNA to Intron in a ncRNA,70482334,,70482334,,Splice Junction ,3
3,Intron in a ncRNA,70496631,14297.0,70482334,2.0,Intron,2
3,Splice Junction Intron in a ncRNA to Exon in a ncRNA,70496632,,70496631,,Splice Junction ,4
4,Exon in a ncRNA,70496805,173.0,70496632,3.0,Exon,3
4,Splice Junction Exon in a ncRNA to Intron in a ncRNA,70496805,,70496805,,Splice Junction ,5
5,Intron in a ncRNA,70497600,795.0,70496805,3.0,Intron,3
5,Splice Junction Intron in a ncRNA to Exon in a ncRNA,70497601,,70497600,,Splice Junction ,6
6,Exon in a ncRNA,70497646,45.0,70497601,4.0,Exon,4
6,Splice Junction Exon in a ncRNA to Intron in a ncRNA,70497646,,70497646,,Splice Junction ,7
7,Intron in a ncRNA,70500384,2738.0,70497646,4.0,Intron,4
7,Splice Junction Intron in a ncRNA to Exon in a ncRNA,70500385,,70500384,,Splice Junction ,8
8,Exon in a ncRNA,70500418,33.0,70500385,5.0,Exon,5
8,Splice Junction Exon in a ncRNA to Intron in a ncRNA,70500418,,70500418,,Splice Junction ,9
9,Intron in a ncRNA,70502131,1713.0,70500418,5.0,Intron,5
9,Splice Junction Intron in a ncRNA to Exon in a ncRNA,70502132,,70502131,,Splice Junction ,10
10,Exon in a ncRNA,70502326,194.0,70502132,6.0,Exon,6
10,Splice Junction Exon in a ncRNA to Intron in a ncRNA,70502326,,70502326,,Splice Junction ,11
11,Intron in a ncRNA,70506916,4590.0,70502326,6.0,Intron,6
11,Splice Junction Intron in a ncRNA to Exon in a ncRNA,70506917,,70506916,,Splice Junction ,12
12,Exon in a ncRNA,70507032,115.0,70506917,7.0,Exon,7
12,Splice Junction Exon in a ncRNA to Intron in a ncRNA,70507032,,70507032,,Splice Junction ,13
13,Intron in a ncRNA,70507129,97.0,70507032,7.0,Intron,7
13,Splice Junction Intron in a ncRNA to Exon in a ncRNA,70507130,,70507129,,Splice Junction ,14
14,Exon in a ncRNA,70507323,193.0,70507130,8.0,Exon,8
14,Splice Junction Exon in a ncRNA to Intron in a ncRNA,70507323,,70507323,,Splice Junction ,15
15,Intron in a ncRNA,70508891,1568.0,70507323,8.0,Intron,8
15,Splice Junction Intron in a ncRNA to Exon in a ncRNA,70508892,,70508891,,Splice Junction ,16
16,Exon in a ncRNA,70509022,130.0,70508892,9.0,Exon,9
16,Splice Junction Exon in a ncRNA to Intron in a ncRNA,70509022,,70509022,,Splice Junction ,17
17,Intron in a ncRNA,70509279,257.0,70509022,9.0,Intron,9
17,Splice Junction Intron in a ncRNA to Exon in a ncRNA,70509280,,70509279,,Splice Junction ,18
18,Exon in a ncRNA,70509442,162.0,70509280,10.0,Exon,10
18,Splice Junction Exon in a ncRNA to Intron in a ncRNA,70509442,,70509442,,Splice Junction ,19
19,Intron in a ncRNA,70513607,4165.0,70509442,10.0,Intron,10
19,Splice Junction Intron in a ncRNA to Exon in a ncRNA,70513608,,70513607,,Splice Junction ,20
20,Exon in a ncRNA,70513834,226.0,70513608,11.0,Exon,11
20,Splice Junction Exon in a ncRNA to Intron in a ncRNA,70513834,,70513834,,Splice Junction ,21
21,Intron in a ncRNA,70514469,635.0,70513834,11.0,Intron,11
21,Splice Junction Intron in a ncRNA to Exon in a ncRNA,70514470,,70514469,,Splice Junction ,22
22,Exon in a ncRNA,70514584,114.0,70514470,12.0,Exon,12
22,Splice Junction Exon in a ncRNA to Intron in a ncRNA,70514584,,70514584,,Splice Junction ,23
23,Intron in a ncRNA,70515125,541.0,70514584,12.0,Intron,12
23,Splice Junction Intron in a ncRNA to Exon in a ncRNA,70515126,,70515125,,Splice Junction ,24
24,Exon in a ncRNA,70515293,167.0,70515126,13.0,Exon,13
24,Splice Junction Exon in a ncRNA to Intron in a ncRNA,70515293,,70515293,,Splice Junction ,25
25,Intron in a ncRNA,70517049,1756.0,70515293,13.0,Intron,13
25,Splice Junction Intron in a ncRNA to Exon in a ncRNA,70517050,,70517049,,Splice Junction ,26
26,Exon in a ncRNA,70517134,84.0,70517050,14.0,Exon,14
26,Splice Junction Exon in a ncRNA to Intron in a ncRNA,70517134,,70517134,,Splice Junction ,27
27,Intron in a ncRNA,70520762,3628.0,70517134,14.0,Intron,14
27,Splice Junction Intron in a ncRNA to Exon in a ncRNA,70520763,,70520762,,Splice Junction ,28
28,Exon in a ncRNA,70520949,186.0,70520763,15.0,Exon,15
28,Splice Junction Exon in a ncRNA to Intron in a ncRNA,70520949,,70520949,,Splice Junction ,29
29,Intron in a ncRNA,70525643,4694.0,70520949,15.0,Intron,15
29,Splice Junction Intron in a ncRNA to Exon in a ncRNA,70525644,,70525643,,Splice Junction ,30
30,Exon in a ncRNA,70525836,192.0,70525644,16.0,Exon,16
30,Splice Junction Exon in a ncRNA to Intron in a ncRNA,70525836,,70525836,,Splice Junction ,31
31,Intron in a ncRNA,70530961,5125.0,70525836,16.0,Intron,16
31,Splice Junction Intron in a ncRNA to Exon in a ncRNA,70530962,,70530961,,Splice Junction ,32
32,Exon in a ncRNA,70531202,240.0,70530962,17.0,Exon,17
32,Splice Junction Exon in a ncRNA to Intron in a ncRNA,70531202,,70531202,,Splice Junction ,33
33,Intron in a ncRNA,70532743,1541.0,70531202,17.0,Intron,17
33,Splice Junction Intron in a ncRNA to Exon in a ncRNA,70532744,,70532743,,Splice Junction ,34
34,Exon in a ncRNA,70532856,112.0,70532744,18.0,Exon,18
34,Splice Junction Exon in a ncRNA to Intron in a ncRNA,70532856,,70532856,,Splice Junction ,35
35,Intron in a ncRNA,70545891,13035.0,70532856,18.0,Intron,18
35,Splice Junction Intron in a ncRNA to Exon in a ncRNA,70545892,,70545891,,Splice Junction ,36
36,Exon in a ncRNA,70545975,83.0,70545892,19.0,Exon,19
36,Splice Junction Exon in a ncRNA to Intron in a ncRNA,70545975,,70545975,,Splice Junction ,37
37,Intron in a ncRNA,70546301,326.0,70545975,19.0,Intron,19
37,Splice Junction Intron in a ncRNA to Exon in a ncRNA,70546302,,70546301,,Splice Junction ,38
38,Exon in a ncRNA,70546449,147.0,70546302,20.0,Exon,20
38,Splice Junction Exon in a ncRNA to Intron in a ncRNA,70546449,,70546449,,Splice Junction ,39
39,Intron in a ncRNA,70547682,1233.0,70546449,20.0,Intron,20
39,Splice Junction Intron in a ncRNA to Exon in a ncRNA,70547683,,70547682,,Splice Junction ,40
40,Exon in a ncRNA,70547804,121.0,70547683,21.0,Exon,21
40,Splice Junction Exon in a ncRNA to Intron in a ncRNA,70547804,,70547804,,Splice Junction ,41
41,Intron in a ncRNA,70547898,94.0,70547804,21.0,Intron,21
41,Splice Junction Intron in a ncRNA to Exon in a ncRNA,70547899,,70547898,,Splice Junction ,42
42,Exon in a ncRNA,70548085,186.0,70547899,22.0,Exon,22
42,Splice Junction Exon in a ncRNA to Intron in a ncRNA,70548085,,70548085,,Splice Junction ,43
43,Intron in a ncRNA,70549465,1380.0,70548085,22.0,Intron,22
43,Splice Junction Intron in a ncRNA to Exon in a ncRNA,70549466,,70549465,,Splice Junction ,44
44,Exon in a ncRNA,70549672,206.0,70549466,23.0,Exon,23
44,Splice Junction Exon in a ncRNA to Intron in a ncRNA,70549672,,70549672,,Splice Junction ,45
45,Intron in a ncRNA,70550962,1290.0,70549672,23.0,Intron,23
45,Splice Junction Intron in a ncRNA to Exon in a ncRNA,70550963,,70550962,,Splice Junction ,46
46,Exon in a ncRNA,70551309,346.0,70550963,24.0,Exon,24
