,feature_classification,feature_end,feature_length,feature_start,feature_subtype_index,feature_type,feature_type_index
0,Exon in a ncRNA,21823423,323.0,21823100,1.0,Exon,1
0,Splice Junction Exon in a ncRNA to Intron in a ncRNA,21823423,,21823423,,Splice Junction ,1
1,Intron in a ncRNA,21823572,149.0,21823423,1.0,Intron,1
1,Splice Junction Intron in a ncRNA to Exon in a ncRNA,21823573,,21823572,,Splice Junction ,2
2,Exon in a ncRNA,21823733,160.0,21823573,2.0,Exon,2
2,Splice Junction Exon in a ncRNA to Intron in a ncRNA,21823733,,21823733,,Splice Junction ,3
3,Intron in a ncRNA,21827760,4027.0,21823733,2.0,Intron,2
3,Splice Junction Intron in a ncRNA to Exon in a ncRNA,21827761,,21827760,,Splice Junction ,4
4,Exon in a ncRNA,21827841,80.0,21827761,3.0,Exon,3
4,Splice Junction Exon in a ncRNA to Intron in a ncRNA,21827841,,21827841,,Splice Junction ,5
5,Intron in a ncRNA,21846548,18707.0,21827841,3.0,Intron,3
5,Splice Junction Intron in a ncRNA to Exon in a ncRNA,21846549,,21846548,,Splice Junction ,6
6,Exon in a ncRNA,21846753,204.0,21846549,4.0,Exon,4
6,Splice Junction Exon in a ncRNA to Intron in a ncRNA,21846753,,21846753,,Splice Junction ,7
7,Intron in a ncRNA,21875221,28468.0,21846753,4.0,Intron,4
7,Splice Junction Intron in a ncRNA to Exon in a ncRNA,21875222,,21875221,,Splice Junction ,8
8,Exon in a ncRNA,21875277,55.0,21875222,5.0,Exon,5
8,Splice Junction Exon in a ncRNA to Intron in a ncRNA,21875277,,21875277,,Splice Junction ,9
9,Intron in a ncRNA,21884258,8981.0,21875277,5.0,Intron,5
9,Splice Junction Intron in a ncRNA to Exon in a ncRNA,21884259,,21884258,,Splice Junction ,10
10,Exon in a ncRNA,21884369,110.0,21884259,6.0,Exon,6
10,Splice Junction Exon in a ncRNA to Intron in a ncRNA,21884369,,21884369,,Splice Junction ,11
11,Intron in a ncRNA,21901275,16906.0,21884369,6.0,Intron,6
11,Splice Junction Intron in a ncRNA to Exon in a ncRNA,21901276,,21901275,,Splice Junction ,12
12,Exon in a ncRNA,21901380,104.0,21901276,7.0,Exon,7
12,Splice Junction Exon in a ncRNA to Intron in a ncRNA,21901380,,21901380,,Splice Junction ,13
13,Intron in a ncRNA,21903758,2378.0,21901380,7.0,Intron,7
13,Splice Junction Intron in a ncRNA to Exon in a ncRNA,21903759,,21903758,,Splice Junction ,14
14,Exon in a ncRNA,21903853,94.0,21903759,8.0,Exon,8
14,Splice Junction Exon in a ncRNA to Intron in a ncRNA,21903853,,21903853,,Splice Junction ,15
15,Intron in a ncRNA,21906039,2186.0,21903853,8.0,Intron,8
15,Splice Junction Intron in a ncRNA to Exon in a ncRNA,21906040,,21906039,,Splice Junction ,16
16,Exon in a ncRNA,21906136,96.0,21906040,9.0,Exon,9
16,Splice Junction Exon in a ncRNA to Intron in a ncRNA,21906136,,21906136,,Splice Junction ,17
17,Intron in a ncRNA,21940600,34464.0,21906136,9.0,Intron,9
17,Splice Junction Intron in a ncRNA to Exon in a ncRNA,21940601,,21940600,,Splice Junction ,18
18,Exon in a ncRNA,21940697,96.0,21940601,10.0,Exon,10
18,Splice Junction Exon in a ncRNA to Intron in a ncRNA,21940697,,21940697,,Splice Junction ,19
19,Intron in a ncRNA,21959376,18679.0,21940697,10.0,Intron,10
19,Splice Junction Intron in a ncRNA to Exon in a ncRNA,21959377,,21959376,,Splice Junction ,20
20,Exon in a ncRNA,21959633,256.0,21959377,11.0,Exon,11
20,Splice Junction Exon in a ncRNA to Intron in a ncRNA,21959633,,21959633,,Splice Junction ,21
21,Intron in a ncRNA,21962277,2644.0,21959633,11.0,Intron,11
21,Splice Junction Intron in a ncRNA to Exon in a ncRNA,21962278,,21962277,,Splice Junction ,22
22,Exon in a ncRNA,21962848,570.0,21962278,12.0,Exon,12
22,Splice Junction Exon in a ncRNA to Intron in a ncRNA,21962848,,21962848,,Splice Junction ,23
23,Intron in a ncRNA,21970259,7411.0,21962848,12.0,Intron,12
23,Splice Junction Intron in a ncRNA to Exon in a ncRNA,21970260,,21970259,,Splice Junction ,24
24,Exon in a ncRNA,21970305,45.0,21970260,13.0,Exon,13
24,Splice Junction Exon in a ncRNA to Intron in a ncRNA,21970305,,21970305,,Splice Junction ,25
25,Intron in a ncRNA,21971152,847.0,21970305,13.0,Intron,13
25,Splice Junction Intron in a ncRNA to Exon in a ncRNA,21971153,,21971152,,Splice Junction ,26
26,Exon in a ncRNA,21971186,33.0,21971153,14.0,Exon,14
26,Splice Junction Exon in a ncRNA to Intron in a ncRNA,21971186,,21971186,,Splice Junction ,27
27,Intron in a ncRNA,21977418,6232.0,21971186,14.0,Intron,14
27,Splice Junction Intron in a ncRNA to Exon in a ncRNA,21977419,,21977418,,Splice Junction ,28
28,Exon in a ncRNA,21977467,48.0,21977419,15.0,Exon,15
28,Splice Junction Exon in a ncRNA to Intron in a ncRNA,21977467,,21977467,,Splice Junction ,29
29,Intron in a ncRNA,21997515,20048.0,21977467,15.0,Intron,15
29,Splice Junction Intron in a ncRNA to Exon in a ncRNA,21997516,,21997515,,Splice Junction ,30
30,Exon in a ncRNA,21997586,70.0,21997516,16.0,Exon,16
30,Splice Junction Exon in a ncRNA to Intron in a ncRNA,21997586,,21997586,,Splice Junction ,31
31,Intron in a ncRNA,22002699,5113.0,21997586,16.0,Intron,16
31,Splice Junction Intron in a ncRNA to Exon in a ncRNA,22002700,,22002699,,Splice Junction ,32
32,Exon in a ncRNA,22002879,179.0,22002700,17.0,Exon,17
32,Splice Junction Exon in a ncRNA to Intron in a ncRNA,22002879,,22002879,,Splice Junction ,33
33,Intron in a ncRNA,22015171,12292.0,22002879,17.0,Intron,17
33,Splice Junction Intron in a ncRNA to Exon in a ncRNA,22015172,,22015171,,Splice Junction ,34
34,Exon in a ncRNA,22015284,112.0,22015172,18.0,Exon,18
34,Splice Junction Exon in a ncRNA to Intron in a ncRNA,22015284,,22015284,,Splice Junction ,35
35,Intron in a ncRNA,22016783,1499.0,22015284,18.0,Intron,18
35,Splice Junction Intron in a ncRNA to Exon in a ncRNA,22016784,,22016783,,Splice Junction ,36
36,Exon in a ncRNA,22016857,73.0,22016784,19.0,Exon,19
36,Splice Junction Exon in a ncRNA to Intron in a ncRNA,22016857,,22016857,,Splice Junction ,37
37,Intron in a ncRNA,22019827,2970.0,22016857,19.0,Intron,19
37,Splice Junction Intron in a ncRNA to Exon in a ncRNA,22019828,,22019827,,Splice Junction ,38
38,Exon in a ncRNA,22019983,155.0,22019828,20.0,Exon,20
38,Splice Junction Exon in a ncRNA to Intron in a ncRNA,22019983,,22019983,,Splice Junction ,39
39,Intron in a ncRNA,22021826,1843.0,22019983,20.0,Intron,20
39,Splice Junction Intron in a ncRNA to Exon in a ncRNA,22021827,,22021826,,Splice Junction ,40
40,Exon in a ncRNA,22022016,189.0,22021827,21.0,Exon,21
40,Splice Junction Exon in a ncRNA to Intron in a ncRNA,22022016,,22022016,,Splice Junction ,41
41,Intron in a ncRNA,22022431,415.0,22022016,21.0,Intron,21
41,Splice Junction Intron in a ncRNA to Exon in a ncRNA,22022432,,22022431,,Splice Junction ,42
42,Exon in a ncRNA,22022521,89.0,22022432,22.0,Exon,22
42,Splice Junction Exon in a ncRNA to Intron in a ncRNA,22022521,,22022521,,Splice Junction ,43
43,Intron in a ncRNA,22022695,174.0,22022521,22.0,Intron,22
43,Splice Junction Intron in a ncRNA to Exon in a ncRNA,22022696,,22022695,,Splice Junction ,44
44,Exon in a ncRNA,22023058,362.0,22022696,23.0,Exon,23
44,Splice Junction Exon in a ncRNA to Intron in a ncRNA,22023058,,22023058,,Splice Junction ,45
45,Intron in a ncRNA,22024066,1008.0,22023058,23.0,Intron,23
45,Splice Junction Intron in a ncRNA to Exon in a ncRNA,22024067,,22024066,,Splice Junction ,46
46,Exon in a ncRNA,22024164,97.0,22024067,24.0,Exon,24
46,Splice Junction Exon in a ncRNA to Intron in a ncRNA,22024164,,22024164,,Splice Junction ,47
47,Intron in a ncRNA,22028957,4793.0,22024164,24.0,Intron,24
47,Splice Junction Intron in a ncRNA to Exon in a ncRNA,22028958,,22028957,,Splice Junction ,48
48,Exon in a ncRNA,22029165,207.0,22028958,25.0,Exon,25
48,Splice Junction Exon in a ncRNA to Intron in a ncRNA,22029165,,22029165,,Splice Junction ,49
49,Intron in a ncRNA,22030866,1701.0,22029165,25.0,Intron,25
49,Splice Junction Intron in a ncRNA to Exon in a ncRNA,22030867,,22030866,,Splice Junction ,50
50,Exon in a ncRNA,22032559,1692.0,22030867,26.0,Exon,26
