,feature_classification,feature_end,feature_length,feature_start,feature_subtype_index,feature_type,feature_type_index
0,Exon in a ncRNA,67773650,604.0,67773046,1.0,Exon,1
0,Splice Junction Exon in a ncRNA to Intron in a ncRNA,67773650,,67773650,,Splice Junction ,1
1,Intron in a ncRNA,67786014,12364.0,67773650,1.0,Intron,1
1,Splice Junction Intron in a ncRNA to Exon in a ncRNA,67786015,,67786014,,Splice Junction ,2
2,Exon in a ncRNA,67786127,112.0,67786015,2.0,Exon,2
2,Splice Junction Exon in a ncRNA to Intron in a ncRNA,67786127,,67786127,,Splice Junction ,3
3,Intron in a ncRNA,67787283,1156.0,67786127,2.0,Intron,2
3,Splice Junction Intron in a ncRNA to Exon in a ncRNA,67787284,,67787283,,Splice Junction ,4
4,Exon in a ncRNA,67787572,288.0,67787284,3.0,Exon,3
4,Splice Junction Exon in a ncRNA to Intron in a ncRNA,67787572,,67787572,,Splice Junction ,5
5,Intron in a ncRNA,67792416,4844.0,67787572,3.0,Intron,3
5,Splice Junction Intron in a ncRNA to Exon in a ncRNA,67792417,,67792416,,Splice Junction ,6
6,Exon in a ncRNA,67792532,115.0,67792417,4.0,Exon,4
6,Splice Junction Exon in a ncRNA to Intron in a ncRNA,67792532,,67792532,,Splice Junction ,7
7,Intron in a ncRNA,67793881,1349.0,67792532,4.0,Intron,4
7,Splice Junction Intron in a ncRNA to Exon in a ncRNA,67793882,,67793881,,Splice Junction ,8
8,Exon in a ncRNA,67794067,185.0,67793882,5.0,Exon,5
8,Splice Junction Exon in a ncRNA to Intron in a ncRNA,67794067,,67794067,,Splice Junction ,9
9,Intron in a ncRNA,67795268,1201.0,67794067,5.0,Intron,5
9,Splice Junction Intron in a ncRNA to Exon in a ncRNA,67795269,,67795268,,Splice Junction ,10
10,Exon in a ncRNA,67795412,143.0,67795269,6.0,Exon,6
10,Splice Junction Exon in a ncRNA to Intron in a ncRNA,67795412,,67795412,,Splice Junction ,11
11,Intron in a ncRNA,67796341,929.0,67795412,6.0,Intron,6
11,Splice Junction Intron in a ncRNA to Exon in a ncRNA,67796342,,67796341,,Splice Junction ,12
12,Exon in a ncRNA,67796493,151.0,67796342,7.0,Exon,7
12,Splice Junction Exon in a ncRNA to Intron in a ncRNA,67796493,,67796493,,Splice Junction ,13
13,Intron in a ncRNA,67804305,7812.0,67796493,7.0,Intron,7
13,Splice Junction Intron in a ncRNA to Exon in a ncRNA,67804306,,67804305,,Splice Junction ,14
14,Exon in a ncRNA,67804386,80.0,67804306,8.0,Exon,8
14,Splice Junction Exon in a ncRNA to Intron in a ncRNA,67804386,,67804386,,Splice Junction ,15
15,Intron in a ncRNA,67816551,12165.0,67804386,8.0,Intron,8
15,Splice Junction Intron in a ncRNA to Exon in a ncRNA,67816552,,67816551,,Splice Junction ,16
16,Exon in a ncRNA,67816772,220.0,67816552,9.0,Exon,9
16,Splice Junction Exon in a ncRNA to Intron in a ncRNA,67816772,,67816772,,Splice Junction ,17
17,Intron in a ncRNA,67833506,16734.0,67816772,9.0,Intron,9
17,Splice Junction Intron in a ncRNA to Exon in a ncRNA,67833507,,67833506,,Splice Junction ,18
18,Exon in a ncRNA,67833708,201.0,67833507,10.0,Exon,10
18,Splice Junction Exon in a ncRNA to Intron in a ncRNA,67833708,,67833708,,Splice Junction ,19
19,Intron in a ncRNA,67838117,4409.0,67833708,10.0,Intron,10
19,Splice Junction Intron in a ncRNA to Exon in a ncRNA,67838118,,67838117,,Splice Junction ,20
20,Exon in a ncRNA,67838217,99.0,67838118,11.0,Exon,11
20,Splice Junction Exon in a ncRNA to Intron in a ncRNA,67838217,,67838217,,Splice Junction ,21
21,Intron in a ncRNA,67838306,89.0,67838217,11.0,Intron,11
21,Splice Junction Intron in a ncRNA to Exon in a ncRNA,67838307,,67838306,,Splice Junction ,22
22,Exon in a ncRNA,67838466,159.0,67838307,12.0,Exon,12
22,Splice Junction Exon in a ncRNA to Intron in a ncRNA,67838466,,67838466,,Splice Junction ,23
23,Intron in a ncRNA,67845667,7201.0,67838466,12.0,Intron,12
23,Splice Junction Intron in a ncRNA to Exon in a ncRNA,67845668,,67845667,,Splice Junction ,24
24,Exon in a ncRNA,67845806,138.0,67845668,13.0,Exon,13
24,Splice Junction Exon in a ncRNA to Intron in a ncRNA,67845806,,67845806,,Splice Junction ,25
25,Intron in a ncRNA,67852260,6454.0,67845806,13.0,Intron,13
25,Splice Junction Intron in a ncRNA to Exon in a ncRNA,67852261,,67852260,,Splice Junction ,26
26,Exon in a ncRNA,67852352,91.0,67852261,14.0,Exon,14
26,Splice Junction Exon in a ncRNA to Intron in a ncRNA,67852352,,67852352,,Splice Junction ,27
27,Intron in a ncRNA,67852796,444.0,67852352,14.0,Intron,14
27,Splice Junction Intron in a ncRNA to Exon in a ncRNA,67852797,,67852796,,Splice Junction ,28
28,Exon in a ncRNA,67852890,93.0,67852797,15.0,Exon,15
28,Splice Junction Exon in a ncRNA to Intron in a ncRNA,67852890,,67852890,,Splice Junction ,29
29,Intron in a ncRNA,67855710,2820.0,67852890,15.0,Intron,15
29,Splice Junction Intron in a ncRNA to Exon in a ncRNA,67855711,,67855710,,Splice Junction ,30
30,Exon in a ncRNA,67855811,100.0,67855711,16.0,Exon,16
30,Splice Junction Exon in a ncRNA to Intron in a ncRNA,67855811,,67855811,,Splice Junction ,31
31,Intron in a ncRNA,67861228,5417.0,67855811,16.0,Intron,16
31,Splice Junction Intron in a ncRNA to Exon in a ncRNA,67861229,,67861228,,Splice Junction ,32
32,Exon in a ncRNA,67862583,1354.0,67861229,17.0,Exon,17
