,feature_classification,feature_end,feature_length,feature_start,feature_subtype_index,feature_type,feature_type_index
0,Exon in a ncRNA,18218357,1452.0,18216905,1.0,Exon,1
0,Splice Junction Exon in a ncRNA to Intron in a ncRNA,18218357,,18218357,,Splice Junction ,1
1,Intron in a ncRNA,18220781,2424.0,18218357,1.0,Intron,1
1,Splice Junction Intron in a ncRNA to Exon in a ncRNA,18220782,,18220781,,Splice Junction ,2
2,Exon in a ncRNA,18220995,213.0,18220782,2.0,Exon,2
2,Splice Junction Exon in a ncRNA to Intron in a ncRNA,18220995,,18220995,,Splice Junction ,3
3,Intron in a ncRNA,18222113,1118.0,18220995,2.0,Intron,2
3,Splice Junction Intron in a ncRNA to Exon in a ncRNA,18222114,,18222113,,Splice Junction ,4
4,Exon in a ncRNA,18222254,140.0,18222114,3.0,Exon,3
4,Splice Junction Exon in a ncRNA to Intron in a ncRNA,18222254,,18222254,,Splice Junction ,5
5,Intron in a ncRNA,18222846,592.0,18222254,3.0,Intron,3
5,Splice Junction Intron in a ncRNA to Exon in a ncRNA,18222847,,18222846,,Splice Junction ,6
6,Exon in a ncRNA,18222942,95.0,18222847,4.0,Exon,4
6,Splice Junction Exon in a ncRNA to Intron in a ncRNA,18222942,,18222942,,Splice Junction ,7
7,Intron in a ncRNA,18226567,3625.0,18222942,4.0,Intron,4
7,Splice Junction Intron in a ncRNA to Exon in a ncRNA,18226568,,18226567,,Splice Junction ,8
8,Exon in a ncRNA,18226779,211.0,18226568,5.0,Exon,5
8,Splice Junction Exon in a ncRNA to Intron in a ncRNA,18226779,,18226779,,Splice Junction ,9
9,Intron in a ncRNA,18232869,6090.0,18226779,5.0,Intron,5
9,Splice Junction Intron in a ncRNA to Exon in a ncRNA,18232870,,18232869,,Splice Junction ,10
10,Exon in a ncRNA,18232940,70.0,18232870,6.0,Exon,6
10,Splice Junction Exon in a ncRNA to Intron in a ncRNA,18232940,,18232940,,Splice Junction ,11
11,Intron in a ncRNA,18257145,24205.0,18232940,6.0,Intron,6
11,Splice Junction Intron in a ncRNA to Exon in a ncRNA,18257146,,18257145,,Splice Junction ,12
12,Exon in a ncRNA,18257261,115.0,18257146,7.0,Exon,7
